0.0
0.0
-0.001
-0.001
0.0
0.0
0.0
0.0
0.0
0.0
0.0
0.0
0.0
0.0
0.0
0.0
0.0
0.0
0.0
0.0
0.0
0.0
0.0
0.0
0.0
0.0
0.0
0.0
0.0
0.0
0.0
0.0
0.0
0.0
0.0
0.0
0.0
0.0
0.0
0.0
0.0
0.0
0.0
0.0
0.0
0.0
0.0
0.0
0.0
0.0
0.0
0.0
0.0
0.0
-0.001
0.0
0.0
0.0
0.0
0.0
0.0
0.0
0.0
0.0
0.0
0.0
0.0
0.0
0.0
0.0
0.0
-0.001
0.0
0.0
0.0
0.0
0.0
0.0
0.0
0.0
-0.001
0.0
0.0
0.0
0.0
0.0
0.0
0.0
0.0
-0.001
0.0
0.0
0.0
0.0
0.0
0.0
0.0
0.0
0.0
0.0
0.0
0.0
0.0
0.0
0.0
0.0
0.0
0.0
0.0
0.0
0.0
0.0
0.0
0.0
0.0
0.0
-0.001
0.0
0.0
0.0
0.0
0.0
0.0
0.0
0.0
0.0
0.0
0.0
0.0
0.0
0.0
0.0
0.0
0.0
0.0
0.0
0.0
0.0
0.0
0.0
0.0
0.0
0.0
0.0
0.0
0.0
-0.001
0.0
0.0
0.0
0.0
0.0
0.0
0.0
0.0
0.0
0.0
0.0
0.0
0.0
0.0
0.0
0.0
0.0
0.0
0.0
0.0
0.0
0.0
0.0
0.0
0.0
0.0
0.0
0.0
0.0
0.0
0.0
0.0
0.0
0.0
0.0
0.0
0.0
0.0
0.0
0.0
0.0
0.0
0.0
0.0
0.0
0.0
0.0
0.0
0.0
0.0
0.0
0.0
0.0
0.0
0.0
0.0
0.0
0.0
0.0
0.0
0.0
-0.001
-0.004
-0.016
-0.043
-0.084
-0.138
-0.205
-0.284
-0.375
-0.478
-0.593
-0.72
-0.858
-1.008
-1.17
-1.342
-1.525
-1.719
-1.923
-2.138
-2.362
-2.597
-2.84
-3.093
-3.354
-3.624
-3.902
-4.188
-4.48
-4.78
-5.086
-5.397
-5.714
-6.035
-6.36
-6.689
-7.02
-7.353
-7.688
-8.023001
-8.319
-8.516001
-8.617001
-8.626
-8.63
-8.634001
-8.638
-8.642
-8.646001
-8.650001
-8.653001
-8.657001
-8.661
-8.664001
-8.668
-8.672001
-8.683001
-8.703
-8.735001
-8.782001
-8.839001
-8.906
-8.983001
-9.068001
-9.161
-9.263
-9.375
-9.494
-9.620001
-9.752001
-9.891001
-10.036
-10.186001
-10.341001
-10.500001
-10.663
-10.829
-10.998
-11.169001
-11.342001
-11.515
-11.688001
-11.861001
-12.033001
-12.202001
-12.369
-12.532001
-12.675
-12.781
-12.839001
-12.85
-12.856001
-12.861001
-12.866
-12.872001
-12.877001
-12.882001
-12.887001
-12.892
-12.897
-12.902
-12.909
-12.920001
-12.936001
-12.958
-12.985001
-13.017
-13.052001
-13.092001
-13.135
-13.175
-13.210001
-13.238001
-13.255001
-13.268001
-13.277
-13.285001
-13.290001
-13.3
-13.316001
-13.343
-13.381001
-13.43
-13.484
-13.539001
-13.594001
-13.650001
-13.705001
-13.759001
-13.811001
-13.861001
-13.909
-13.953001
-13.993001
-14.028001
-14.058001
-14.082001
-14.098001
-14.107
-14.111001
-14.112
-14.114
-14.116001
-14.118001
-14.120001
-14.121
-14.123001
-14.125001
-14.127001
-14.128
-14.130001
-14.131001
-14.133
-14.135
-14.136001
-14.138
-14.139001
-14.141001
-14.142
-14.144001
-14.145
-14.146001
-14.148001
-14.149001
-14.150001
-14.152
-14.153001
-14.154
-14.156001
-14.157001
-14.158001
-14.159
-14.161
-14.162001
-14.163001
-14.164001
-14.165001
-14.166
-14.168
-14.169001
-14.170001
-14.171
-14.172001
-14.173
-14.174001
-14.175001
-14.176001
-14.177001
-14.178
-14.179001
-14.18
-14.181001
-14.182001
-14.183001
-14.184001
-14.184001
-14.185
-14.186001
-14.187
-14.188001
-14.189001
-14.190001
-14.190001
-14.191001
-14.192
-14.193001
-14.194
-14.194
-14.195001
-14.196001
-14.197001
-14.197001
-14.198001
-14.199
-14.199
-14.200001
-14.201
-14.201
-14.202001
-14.203001
-14.203001
-14.204
-14.204
-14.205001
-14.205001
-14.206
-14.207001
-14.207001
-14.208001
-14.208001
-14.208001
-14.208001
-14.208001
-14.206
-14.204
-14.201
-14.196001
-14.189001
-14.181001
-14.169001
-14.155001
-14.138
-14.116001
-14.091001
-14.061001
-14.026001
-13.985001
-13.953001
-13.936001
-13.937
-13.938001
-13.935
-13.932001
-13.929001
-13.926001
-13.924001
-13.921
-13.918
-13.916
-13.913001
-13.911
-13.908001
-13.906001
-13.904
-13.902
-13.899001
-13.897
-13.895
-13.893001
-13.891001
-13.889001
-13.887001
-13.885
-13.883
-13.882001
-13.880001
-13.878
-13.877001
-13.875001
-13.873001
-13.872001
-13.859
-13.816001
-13.76
-13.685
-13.606001
-13.523001
-13.439001
-13.357
-13.275001
-13.185
-13.092001
-12.996
-12.895
-12.789001
-12.679001
-12.564
-12.444
-12.317
-12.185
-12.046
-11.900001
-11.747001
-11.585001
-11.416
-11.237
-11.05
-10.853001
-10.646001
-10.47
-10.342001
-10.27
-10.199
-10.160001
-10.147
-10.194
-10.240001
-10.285001
-10.329
-10.372001
-10.415001
-10.457001
-10.498
-10.539001
-10.579
-10.618
-10.656
-10.694
-10.731001
-10.768001
-10.804001
-10.839001
-10.874001
-10.908001
-10.942
-10.975
-11.01
-11.049001
-11.092001
-11.143001
-11.200001
-11.263
-11.332001
-11.407001
-11.486001
-11.569
-11.656
-11.747001
-11.841001
-11.937
-12.036
-12.136001
-12.237
-12.332001
-12.418
-12.495001
-12.56
-12.6
-12.620001
-12.638
-12.656
-12.673
-12.690001
-12.707001
-12.724001
-12.740001
-12.756001
-12.772
-12.787001
-12.803
-12.820001
-12.836
-12.853001
-12.873
-12.896001
-12.923
-12.954
-12.989
-13.026001
-13.067
-13.109
-13.154
-13.199
-13.246
-13.294001
-13.341001
-13.389001
-13.435
-13.481001
-13.524
-13.565001
-13.603001
-13.637001
-13.667001
-13.693001
-13.711
-13.724001
-13.731001
-13.737
-13.743001
-13.749001
-13.755001
-13.761001
-13.766001
-13.772
-13.778001
-13.783001
-13.788001
-13.794001
-13.799001
-13.804001
-13.809001
-13.814001
-13.819
-13.824
-13.829
-13.834001
-13.837001
-13.838
-13.832001
-13.822001
-13.81
-13.798
-13.786
-13.773001
-13.76
-13.746
-13.731001
-13.712001
-13.686001
-13.653001
-13.616
-13.567
-13.513
-13.451
-13.387001
-13.319
-13.250001
-13.18
-13.109
-13.039001
-12.969001
-12.901001
-12.833
-12.765
-12.694
-12.618001
-12.537001
-12.451
-12.366
-12.280001
-12.196001
-12.112
-12.030001
-11.949
-11.869
-11.790001
-11.712001
-11.635
-11.559001
-11.489
-11.431001
-11.381001
-11.342001
-11.303
-11.267
-11.235001
-11.206
-11.179001
-11.152
-11.126
-11.103001
-11.09
-11.081
-11.074
-11.068001
-11.062
-11.062
-11.086
-11.124001
-11.166
-11.208
-11.249001
-11.289001
-11.329
-11.369
-11.407001
-11.446
-11.484
-11.521001
-11.558001
-11.594001
-11.63
-11.665001
-11.700001
-11.734
-11.768001
-11.801001
-11.834001
-11.867001
-11.899
-11.931001
-11.962001
-11.993001
-12.023001
-12.053
-12.083
-12.112
-12.141001
-12.169001
-12.197001
-12.225
-12.252001
-12.279
-12.305
-12.331
-12.357
-12.383
-12.408001
-12.433001
-12.457001
-12.481001
-12.505001
-12.528001
-12.552001
-12.574
-12.597
-12.619
-12.641001
-12.663001
-12.684001
-12.705001
-12.726001
-12.746
-12.766001
-12.786
-12.806001
-12.825001
-12.845
-12.863001
-12.882001
-12.900001
-12.919001
-12.936001
-12.954
-12.972001
-12.989
-13.006001
-13.022
-13.037001
-13.051001
-13.055
-13.037001
-13.006001
-12.966001
-12.925
-12.886001
-12.846001
-12.807
-12.769001
-12.731001
-12.694
-12.657001
-12.621
-12.584001
-12.567
-12.567
-12.571001
-12.570001
-12.567
-12.558001
-12.547001
-12.521001
-12.484
-12.439
-12.387001
-12.332001
-12.274
-12.214001
-12.153001
-12.092001
-12.031
-11.972
-11.913
-11.855
-11.798
-11.741
-11.685
-11.644001
-11.607
-11.571
-11.535001
-11.501
-11.467001
-11.435
-11.403001
-11.372001
-11.341001
-11.31
-11.280001
-11.250001
-11.22
-11.191001
-11.173
-11.165001
-11.164001
-11.171
-11.182
-11.198001
-11.229
-11.265
-11.303
-11.343
-11.382001
-11.421
-11.459001
-11.497001
-11.534
-11.570001
-11.607
-11.642
-11.677001
-11.712001
-11.746
-11.780001
-11.813001
-11.846001
-11.879001
-11.910001
-11.942
-11.973001
-12.004001
-12.034
-12.064
-12.093
-12.122001
-12.151001
-12.179001
-12.207001
-12.235001
-12.262001
-12.289001
-12.315001
-12.341001
-12.367001
-12.392
-12.417001
-12.442
-12.466001
-12.490001
-12.513
-12.536
-12.558001
-12.580001
-12.602
-12.623
-12.644001
-12.665001
-12.685
-12.706
-12.727
-12.748
-12.768001
-12.788001
-12.807
-12.827001
-12.846001
-12.865001
-12.883
-12.902
-12.920001
-12.938001
-12.955001
-12.973001
-12.990001
-13.007001
-13.024
-13.040001
-13.056001
-13.072001
-13.088
-13.104001
-13.119
-13.134001
-13.149
-13.164001
-13.179001
-13.193001
-13.207001
-13.221001
-13.235001
-13.249001
-13.262001
-13.275001
-13.288001
-13.301001
-13.314001
-13.327001
-13.339001
-13.351001
-13.363001
-13.375001
-13.387001
-13.398001
-13.410001
-13.421
-13.432001
-13.443001
-13.454
-13.465001
-13.475
-13.486001
-13.496
-13.506001
-13.516001
-13.526001
-13.535001
-13.545001
-13.554001
-13.564001
-13.573001
-13.582001
-13.591001
-13.6
-13.609
-13.617001
-13.626
-13.634001
-13.642
-13.650001
-13.658001
-13.666
-13.674001
-13.682001
-13.689001
-13.697001
-13.704
-13.712001
-13.719001
-13.726001
-13.733001
-13.740001
-13.747001
-13.753
-13.758
-13.762001
-13.764001
-13.766001
-13.767
-13.768001
-13.769001
-13.769001
-13.768001
-13.767
-13.766001
-13.765
-13.764001
-13.763
-13.762001
-13.766001
-13.773001
-13.779
-13.786
-13.792001
-13.798
-13.804001
-13.81
-13.816001
-13.822001
-13.827001
-13.833
-13.838
-13.844001
-13.849001
-13.855
-13.860001
-13.865001
-13.870001
-13.875001
-13.880001
-13.885
-13.89
-13.895
-13.900001
-13.904
-13.909
-13.914001
-13.918
-13.923
-13.927001
-13.931001
-13.935
-13.940001
-13.944
-13.948001
-13.952001
-13.956
-13.961
-13.965001
-13.97
-13.974001
-13.978001
-13.982
-13.985001
-13.989
-13.992001
-13.996
-13.999001
-14.002001
-14.006001
-14.009001
-14.012001
-14.015
-14.018001
-14.021001
-14.024001
-14.027
-14.030001
-14.033001
-14.036
-14.039001
-14.042001
-14.045001
-14.047001
-14.05
-14.053
-14.055
-14.058001
-14.06
-14.063001
-14.065001
-14.068001
-14.070001
-14.073001
-14.075001
-14.077001
-14.077001
-14.077001
-14.076
-14.074
-14.071001
-14.066001
-14.059001
-14.049001
-14.039001
-14.029
-14.023001
-14.021001
-14.021001
-14.021001
-14.021001
-14.021001
-14.021001
-14.021001
-14.021001
-14.021001
-14.02
-14.02
-14.02
-14.02
-14.02
-14.02
-14.02
-14.02
-14.02
-14.02
-14.019001
-14.019001
-14.019001
-14.019001
-14.019001
-14.019001
-14.019001
-14.022
-14.024001
-14.027
-14.126
-14.224001
-14.319
-14.412001
-14.503
-14.592001
-14.678
-14.763
-14.846001
-14.927001
-15.007001
-15.084001
-15.160001
-15.234001
-15.306001
-15.377001
-15.446001
-15.514001
-15.580001
-15.645
-15.708001
-15.77
-15.830001
-15.889001
-15.946001
-16.003
-16.057001
-16.108002
-16.155001
-16.200001
-16.241001
-16.280001
-16.314001
-16.345001
-16.372002
-16.394001
-16.412001
-16.425001
-16.432001
-16.433001
-16.428001
-16.416
-16.396
-16.369001
-16.333
-16.288
-16.234001
-16.169001
-16.093
-16.007
-15.908001
-15.796
-15.671
-15.532001
-15.415001
-15.329
-15.293001
-15.319001
-15.343
-15.367001
-15.391001
-15.354001
-15.318001
-15.283001
-15.248001
-15.213
-15.179001
-15.145
-15.112
-15.079
-15.042001
-14.997001
-14.944
-14.884001
-14.817
-14.743001
-14.661
-14.572001
-14.475
-14.371
-14.259001
-14.138
-14.01
-13.872001
-13.726001
-13.571001
-13.406001
-13.232
-13.048
-12.853001
-12.648001
-12.432
-12.204
-11.965
-11.715
-11.452001
-11.177001
-10.89
-10.589001
-10.276
-9.950001
-9.610001
-9.257
-8.891001
-8.511001
-8.117001
-7.710001
-7.29
-6.856
-6.409
-5.949
-5.476
-4.991
-4.494
-3.985
-3.465
-2.935
-2.394
-1.843
-1.284
-0.717
-0.142
0.439
1.026
1.617
2.211
2.809
3.407
4.006
4.603
5.199
5.79
6.377
6.957
7.529
8.092
8.644
9.184
9.71
10.221001
10.715
11.190001
11.505
11.634001
11.623
11.612
11.602
11.591001
11.581
11.571
11.561001
11.551001
11.541
11.532001
11.523001
11.521001
11.529
11.548
11.575001
11.612
11.657001
11.710001
11.771001
11.839001
11.915001
11.998
12.086
12.18
12.279
12.381001
12.487
12.596001
12.705001
12.814001
12.925
13.037001
13.149
13.259001
13.366
13.471001
13.574
13.675
13.772
13.865001
13.953001
14.045001
14.124001
14.199
14.258
14.303
14.325001
14.321001
14.318001
14.316001
14.305
14.286
14.259001
14.228001
14.191001
14.144001
14.080001
14.012001
13.944
13.877001
13.811001
13.745001
13.681001
13.624001
13.569
13.516001
13.464001
13.418
13.376
13.335001
13.294001
13.253
13.212001
13.172001
13.132001
13.092001
13.052001
13.013
12.974001
12.932
12.891001
12.85
12.81
12.77
12.731001
12.693001
12.655001
12.618001
12.582001
12.546
12.511001
12.476001
12.442
12.408001
12.375001
12.342001
12.31
12.279
12.248
12.217001
12.187
12.157001
12.128
12.1
12.071
12.044001
12.016001
11.989
11.963
11.936001
11.911
11.885
11.860001
11.836
11.811001
11.795001
11.797001
11.817
11.847
11.878
11.908001
11.938001
11.967001
11.996
12.025001
12.053
12.081
12.109
12.136001
12.163
12.189
12.216001
12.241
12.267
12.292001
12.317
12.342001
12.366
12.39
12.413001
12.436001
12.459001
12.482
12.504001
12.527
12.548
12.570001
12.591001
12.612
12.633
12.653001
12.673
12.693001
12.713
12.732
12.751
12.77
12.789001
12.807
12.825001
12.843
12.861001
12.878
12.895
12.912001
12.929001
12.946001
12.962001
12.978001
12.994
13.01
13.025001
13.040001
13.055
13.070001
13.085001
13.099001
13.114
13.128
13.142
13.155001
13.169001
13.182
13.196001
13.203001
13.190001
13.157001
13.116
13.074
13.034
12.993001
12.954
12.928
12.937
12.954
12.97
12.986001
13.002001
13.018001
13.033001
13.048
13.170001
13.288001
13.405001
13.518001
13.629001
13.737
13.839001
13.878
13.878
13.859
13.841001
13.823001
13.805
13.867001
13.97
14.071001
14.170001
14.266001
14.360001
14.452001
14.542001
14.630001
14.718
14.806001
14.892001
14.978001
15.063001
15.146001
15.228001
15.308001
15.386001
15.462001
15.535001
15.605
15.671
15.733001
15.791
15.844001
15.891001
15.931001
15.965001
15.992001
16.01
16.02
16.02
16.01
15.989
15.957001
15.913001
15.856001
15.785001
15.700001
15.599001
15.483001
15.351001
15.202001
15.035001
14.85
14.645
14.422001
14.178
13.855
13.515
13.157001
12.782001
12.389001
11.977
11.548
11.101001
10.635
10.152
9.651
9.133
8.598001
8.046
7.478
6.894001
6.295
5.778
5.455
5.404
5.395
5.331
5.218
5.088
4.936
4.759
4.563
4.351
4.128
3.891
3.644
3.385
3.115
2.846
2.569
2.283
2.012
1.745
1.483
1.211
0.927
0.634
0.362
0.102
-0.143
-0.383
-0.607
-0.815
-0.985
-1.141
-1.294
-1.434
-1.53
-1.58
-1.623
-1.654
-1.631
-1.574
-1.518
-1.463
-1.409
-1.357
-1.305
-1.255
-1.205
-1.157
-1.109
-1.063
-1.017
-0.972
-0.933
-0.904
-0.892
-0.896
-0.915
-0.948
-0.976
-0.978
-0.972
-0.971
-0.966
-0.962
-0.963
-0.97
-0.984
-1.009
-1.043
-1.086
-1.137
-1.196
-1.263
-1.338
-1.42
-1.431
-1.393
-1.323
-1.233
-1.088
-0.925
-0.764
-0.605
-0.448
-0.293
-0.15
-0.018
0.106
0.218
0.326
0.427
0.508
0.543
0.526
0.466
0.407
0.321
0.238
0.156
0.076
-0.002
-0.078
-0.153
-0.226
-0.297
-0.366
-0.363
-0.307
-0.232
-0.159
-0.088
-0.129
-0.203
-0.275
-0.343
-0.399
-0.445
-0.489
-0.532
-0.574
-0.615
-0.584
-0.499
-0.346
-0.156
0.051
0.26
0.464
0.68
0.929
1.18
1.413
1.592
1.734
1.837
1.922
2.0
2.076
2.15
2.222
2.293
2.362
2.43
2.483
2.475
2.38
2.25
2.123
1.999
1.878
1.759
1.643
1.53
1.419
1.311
1.205
1.101
1.026
0.952
0.88
0.809
0.758
0.704
0.651
0.598
0.546
0.495
0.445
0.395
0.334
0.274
0.216
0.158
0.102
0.047
-0.007
-0.06
-0.112
-0.163
-0.213
-0.261
-0.309
-0.356
-0.402
-0.447
-0.491
-0.534
-0.576
-0.618
-0.658
-0.698
-0.735
-0.764
-0.791
-0.818
-0.844
-0.87
-0.895
-0.919
-0.943
-0.966
-0.989
-1.011
-1.033
-1.054
-1.076
-1.104
-1.134
-1.163
-1.192
-1.22
-1.247
-1.274
-1.301
-1.325
-1.344
-1.359
-1.373
-1.387
-1.401
-1.414
-1.428
-1.44
-1.453
-1.465
-1.477
-1.488
-1.5
-1.511
-1.521
-1.532
-1.542
-1.552
-1.554
-1.544
-1.498
-1.424
-1.313
-1.173
-1.025
-0.853
-0.68
-0.491
-0.27
-0.023
0.232
0.488
0.74
0.987
1.228
1.463
1.695
1.922
2.09
2.208
2.273
2.306
2.282
2.221
2.119
1.995
1.873
1.755
1.641
1.532
1.434
1.34
1.247
1.15
1.048
0.948
0.851
0.755
0.662
0.57
0.481
0.394
0.309
0.225
0.144
0.064
-0.013
-0.09
-0.164
-0.237
-0.308
-0.377
-0.445
-0.511
-0.576
-0.64
-0.701
-0.762
-0.821
-0.879
-0.936
-0.972
-1.007
-1.041
-1.075
-1.108
-1.141
-1.172
-1.203
-1.234
-1.264
-1.293
-1.321
-1.366
-1.423
-1.494
-1.585
-1.697
-1.833
-1.989
-2.159
-2.341
-2.535
-2.741
-2.957
-3.184
-3.421
-3.668
-3.924
-4.189
-4.463
-4.744
-5.032
-5.328
-5.629
-5.937
-6.249
-6.566
-6.888
-7.212
-7.539001
-7.867001
-8.197001
-8.526
-8.855
-9.182
-9.507001
-9.829
-10.147
-10.417001
-10.643001
-10.748
-10.780001
-10.799001
-10.802
-10.797001
-10.788
-10.780001
-10.771001
-10.763
-10.743001
-10.707001
-10.672001
-10.638
-10.604
-10.571
-10.538
-10.502001
-10.46
-10.406
-10.343
-10.27
-10.188001
-10.098001
-9.997001
-9.888
-9.769
-9.64
-9.501
-9.352
-9.194
-9.024
-8.845
-8.655001
-8.453
-8.241
-8.018001
-7.784
-7.538001
-7.28
-7.011
-6.73
-6.438
-6.133
-5.817
-5.489
-5.15
-4.798
-4.435
-4.061
-3.675
-3.278
-2.871
-2.453
-2.025
-1.587
-1.139
-0.683
-0.218
0.21
0.535
0.707
0.723
0.739
0.755
0.77
0.785
0.8
0.815
0.829
0.843
0.856
0.87
0.883
0.896
0.908
0.921
0.933
0.944
0.956
0.967
0.979
0.989
1.0
1.011
1.021
1.031
1.041
1.054
1.072
1.099
1.137
1.192
1.262
1.345
1.441
1.549
1.67
1.803
1.947
2.103
2.271
2.449
2.639
2.839
3.049
3.269
3.51
3.777
4.063
4.358
4.66
4.969
5.285
5.606
5.932
6.263
6.597
6.934
7.273
7.614
7.956
8.298
8.639
8.978001
9.315001
9.648001
9.977
10.301001
10.619
10.929001
11.232
11.525001
11.808001
12.079
12.339001
12.585001
12.816001
13.032001
13.232
13.414001
13.577001
13.721001
13.845
13.946001
14.026001
14.082001
14.114
14.121
14.102
14.06
14.01
13.986001
13.987
13.991001
13.995001
13.998001
14.002001
14.005001
14.009001
14.012001
14.015
14.019001
14.022
14.025001
14.028001
14.031001
14.034
14.037001
14.039001
14.041
14.041
14.041
14.039001
14.036
14.031001
14.027
14.023001
14.019001
14.014001
14.01
14.006001
14.001
13.996
13.985001
13.971001
13.951
13.927001
13.898001
13.866001
13.829
13.787001
13.739
13.685
13.617001
13.538001
13.447001
13.347001
13.237
13.117001
12.987
12.846001
12.693001
12.528001
12.35
12.159
11.953001
11.735001
11.501
11.254001
10.991
10.714001
10.416
10.085
9.73
9.35
8.951
8.534
8.101001
7.651
7.186
6.705
6.207
5.695
5.168
4.675
4.249
4.025
3.962
3.9
3.839
3.778
3.719
3.66
3.602
3.559
3.518
3.486
3.476
3.483
3.535
3.585
3.635
3.683
3.731
3.778
3.823
3.868
3.912
3.955
3.999
4.05
4.115
4.193
4.283
4.383
4.496
4.618
4.752
4.896
5.05
5.213
5.386
5.569
5.76
5.959
6.166
6.381001
6.603
6.832
7.068
7.309
7.555
7.806
8.062
8.321
8.583
8.848001
9.114
9.360001
9.580001
9.731001
9.781
9.799001
9.817
9.834001
9.851001
9.868
9.884001
9.900001
9.915001
9.931001
9.946
9.961
9.975
9.991
10.011001
10.041
10.081
10.131001
10.189
10.255
10.329
10.411
10.500001
10.596001
10.699
10.807
10.921
11.041
11.179001
11.329
11.482
11.638
11.795001
11.954
12.111001
12.264001
12.413001
12.556001
12.694
12.824
12.948001
13.063001
13.169001
13.264001
13.349001
13.422001
13.483001
13.530001
13.564001
13.582001
13.585001
13.571001
13.540001
13.491
13.424001
13.338
13.232
13.105
12.969001
12.835001
12.699
12.580001
12.597
12.618001
12.638
12.658001
12.668
12.663001
12.646001
12.622001
12.592001
12.56
12.525001
12.487
12.450001
12.414001
12.381001
12.351001
12.322001
12.295001
12.268001
12.240001
12.209001
12.175
12.138
12.098001
12.054001
12.006001
11.952001
11.892
11.827001
11.754001
11.687
11.633
11.613001
11.63
11.662001
11.696
11.729
11.762
11.794001
11.826
11.857
11.888
11.919001
11.949
11.979001
12.008
12.02
12.01
11.990001
11.965
11.939
11.913
11.888
11.863001
11.839001
11.815001
11.791
11.768001
11.745001
11.729
11.733001
11.755
11.788
11.820001
11.852
11.884001
11.915001
11.945001
11.975
12.005
12.035001
12.064
12.092001
12.121
12.148001
12.176001
12.203001
12.23
12.256001
12.283001
12.308001
12.334001
12.359
12.384001
12.408001
12.546
12.68
12.811001
12.940001
13.065001
13.188001
13.308001
13.425
13.539001
13.651001
13.761001
13.868001
13.972001
14.075001
14.175001
14.272
14.368001
14.461
14.552001
14.641001
14.729001
14.814001
14.897
14.978001
15.058001
15.136001
15.212001
15.286
15.359001
15.43
15.499001
15.567
15.633
15.698001
15.761001
15.823001
15.884001
15.943001
16.001001
16.057001
16.112001
16.166
16.219
16.271
16.321001
16.370001
16.419001
16.466002
16.512001
16.557001
16.601002
16.644001
16.686001
16.727001
16.767
16.806002
16.845001
16.882
16.919001
16.955
16.984001
16.926001
16.854
16.765001
16.675001
16.587
16.5
16.414001
16.33
16.246
16.164001
16.112001
16.086
16.062
16.037001
16.013
15.990001
15.966001
15.943001
15.920001
15.898001
15.876
15.854001
15.832001
15.811001
15.790001
15.769001
15.749001
15.728001
15.709001
15.689001
15.669001
15.650001
15.631001
15.613001
15.594001
15.576001
15.558001
15.541
15.523001
15.506001
15.489
15.473001
15.456
15.440001
15.424001
15.408001
15.392001
15.377001
15.362
15.346001
15.331
15.314001
15.298
15.280001
15.262001
15.242001
15.222001
15.199
15.175001
15.148001
15.119
15.086
15.051001
15.011001
14.967001
14.918001
14.864
14.804001
14.738001
14.665001
14.585001
14.497001
14.401001
14.295001
14.181001
14.056001
13.921
13.775001
13.618001
13.448001
13.266001
13.072001
12.863001
12.641001
12.405001
12.249001
12.202001
12.194
12.186001
12.179001
12.171
12.164001
12.157001
12.149
12.142
12.135
12.128
12.122001
12.115001
12.108001
12.098001
12.078001
12.05
12.013
11.969001
11.916
11.855
11.786
11.708
11.622001
11.527
11.424001
11.311001
11.189
11.058001
10.917001
10.767
10.606001
10.435
10.253
10.06
9.857
9.642
9.416
9.178
8.928
8.666
8.392
8.106
7.807
7.496
7.172
6.836
6.487
6.125
5.751
5.364
4.965
4.554
4.132
3.697
3.251
2.795
2.327
1.85
1.363
0.868
0.364
-0.148
-0.666
-1.191
-1.721
-2.108
-2.227
-2.227
-2.227
-2.226
-2.226
-2.226
-2.225
-2.225
-2.225
-2.224
-2.224
-2.224
-2.223
-2.223
-2.223
-2.222
-2.222
-2.222
-2.222
-2.221
-2.221
-2.221
-2.22
-2.22
-2.22
-2.22
-2.219
-2.219
-2.219
-2.218
-2.218
-2.219
-2.225
-2.24
-2.273
-2.321
-2.382
-2.456
-2.542
-2.642
-2.753
-2.877
-3.013
-3.16
-3.319
-3.488
-3.669
-3.86
-4.061
-4.272
-4.492
-4.722
-4.96
-5.207
-5.462
-5.724
-5.993001
-6.269001
-6.55
-6.838
-7.13
-7.426
-7.726
-8.029
-8.334001
-8.641001
-8.948
-9.256001
-9.563001
-9.869
-10.172001
-10.472
-10.768001
-11.022
-11.190001
-11.232
-11.231001
-11.23
-11.229
-11.228001
-11.227
-11.226001
-11.225
-11.224001
-11.223001
-11.222
-11.221001
-11.22
-11.219001
-11.219001
-11.218
-11.217001
-11.216001
-11.216001
-11.22
-11.232
-11.254001
-11.285001
-11.324
-11.371
-11.425
-11.486001
-11.571
-11.668
-11.774
-11.888
-12.006001
-12.128
-12.252001
-12.377001
-12.500001
-12.619
-12.734
-12.842001
-12.943001
-13.037001
-13.122001
-13.199
-13.266001
-13.322001
-13.367001
-13.400001
-13.422001
-13.431001
-13.426001
-13.408001
-13.374001
-13.325001
-13.259001
-13.177001
-13.077001
-12.957001
-12.819
-12.671
-12.530001
-12.401001
-12.271001
-12.170001
-12.121
-12.148001
-12.177001
-12.206
-12.235001
-12.263
-12.290001
-12.318001
-12.344001
-12.371
-12.397
-12.416
-12.416
-12.387001
-12.349001
-12.307
-12.261001
-12.205001
-12.147
-12.087001
-12.028001
-11.965
-11.900001
-11.834001
-11.767
-11.699
-11.633
-11.567
-11.502001
-11.438001
-11.375001
-11.313001
-11.251
7.687
7.499001
7.318
7.141
6.97
6.808
6.652
6.503
6.356
6.211
6.068
5.927
5.772
5.605
5.422
5.225
5.023
4.826
4.631
4.422
4.199
3.957
3.718
3.482
3.249
3.018
2.791
2.567
2.346
2.128
1.913
1.7
1.491
1.284
1.08
0.878
0.679
0.483
0.29
0.099
-0.09
-0.276
-0.459
-0.641
-0.819
-0.996
-1.17
-1.341
-1.511
-1.678
-1.843
-2.006
-2.167
-2.325
-2.482
-2.636
-2.789
-2.939
-3.087
-3.234
-3.378
-3.521
-3.661
-3.8
-3.936
-4.071
-4.203
-4.334
-4.464
-4.591
-4.717
-4.842
-4.965
-5.087
-5.207
-5.325
-5.442
-5.557
-5.671
-5.783
-5.894
-6.003
-6.111
-6.217
-6.322001
-6.426
-6.528
-6.629
-6.728
-6.827
-6.924
-7.019001
-7.114
-7.205
-7.287
-7.353
-7.408
-7.452
-7.489
-7.523
-7.555
-7.587
-7.619
-7.650001
-7.681
-7.712
-7.742001
-7.781
-7.833
-7.907001
-7.99
-8.072001
-8.152
-8.231
-8.31
-8.387
-8.465
-8.541
-8.611
-8.674001
-8.729
-8.779
-8.822001
-8.85
-8.859
-8.853001
-8.844001
-8.834001
-8.823
-8.812
-8.801001
-8.79
-8.777
-8.765
-8.766001
-8.775001
-8.79
-8.809
-8.827001
-8.843
-8.858001
-8.873
-8.896001
-8.922001
-8.951
-8.982
-9.02
-9.062
-9.102
-9.14
-9.175
-9.21
-9.245001
-9.279
-9.311001
-9.336
-9.342
-9.339001
-9.333
-9.328
-9.322001
-9.317
-9.311001
-9.306001
-9.301001
-9.296
-9.297001
-9.304001
-9.325001
-9.354
-9.385
-9.417001
-9.448001
-9.478001
-9.509001
-9.547001
-9.59
-9.643001
-9.700001
-9.76
-9.820001
-9.879001
-9.938001
-9.995001
-10.052
-10.108001
-10.163
-10.218
-10.272
-10.325001
-10.377001
-10.429001
-10.48
-10.526001
-10.569
-10.609
-10.647
-10.684001
-10.721001
-10.756001
-10.784
-10.805
-10.823001
-10.841001
-10.858001
-10.875001
-10.892
-10.909
-10.925
-10.947001
-10.971001
-10.996
-11.023001
-11.054001
-11.085001
-11.115001
-11.145
-11.175
-11.204
-11.233001
-11.269001
-11.306001
-11.345
-11.383
-11.42
-11.457001
-11.494
-11.530001
-11.565001
-11.597
-11.622001
-11.644001
-11.663
-11.68
-11.689
-11.686001
-11.676001
-11.664001
-11.651001
-11.638
-11.625001
-11.612
-11.598001
-11.585001
-11.571
-11.572001
-11.589001
-11.623
-11.657001
-11.692
-11.726001
-11.759001
-11.792001
-11.825001
-11.857
-11.888
-11.920001
-11.951
-11.981001
-12.011001
-12.041
-12.069
-12.098001
-12.126
-12.154
-12.181001
-12.207001
-12.232
-12.256001
-12.279
-12.3
-12.319
-12.337001
-12.352
-12.364
-12.373
-12.379001
-12.381001
-12.379001
-12.372001
-12.361001
-12.343
-12.320001
-12.290001
-12.253
-12.209001
-12.157001
-12.096001
-12.026001
-11.947001
-11.858001
-11.759001
-11.648001
-11.526001
-11.392
-11.246
-11.087001
-10.915001
-10.729
-10.529
-10.315001
-10.086
-9.871
-9.708
-9.677
-9.692
-9.707001
-9.722
-9.736
-9.75
-9.764001
-9.772
-9.77
-9.759001
-9.740001
-9.711
-9.674001
-9.628
-9.574
-9.51
-9.438001
-9.356001
-9.265
-9.165
-9.055
-8.935
-8.806001
-8.666
-8.516001
-8.355
-8.184
-8.002001
-7.809
-7.605
-7.389
-7.162
-6.924
-6.673
-6.411
-6.137
-5.851
-5.552
-5.242
-4.92
-4.586
-4.241
-3.883
-3.514
-3.134
-2.743
-2.341
-1.929
-1.506
-1.074
-0.633
-0.183
0.275
0.741
1.213
1.691
2.175
2.663
3.155
3.65
4.146
4.643
5.14
5.635
6.128
6.618001
7.102
7.58
7.937
8.091001
8.094001
8.097
8.1
8.103001
8.106
8.108001
8.111
8.114
8.116
8.120001
8.129001
8.151
8.184
8.228001
8.282001
8.346001
8.42
8.503
8.596001
8.697001
8.807
8.925
9.05
9.183001
9.324
9.47
9.623
9.782001
9.945001
10.114
10.286
10.462001
10.652
10.857
11.067
11.280001
11.493001
11.704
11.907001
12.101001
12.284
12.454
12.611001
12.754001
12.882001
12.995001
13.093
13.173
13.236001
13.266001
13.271001
13.264001
13.244
13.205001
13.156001
13.107
13.058001
13.011001
12.964001
12.917001
12.872001
12.827001
12.783001
12.739
12.696001
12.654
12.612
12.587001
12.583
12.596001
12.609
12.622001
12.638
12.658001
12.667001
12.652
12.631001
12.604001
12.574
12.541
12.508
12.475
12.442
12.409
12.377001
12.345
12.314
12.283001
12.252001
12.222
12.193001
12.163
12.134001
12.106001
12.094001
12.1
12.124001
12.150001
12.164001
12.179001
12.193001
12.208
12.222
12.237
12.251
12.265
12.279
12.279
12.241
12.202001
12.164001
12.126
12.089001
12.053
12.017
11.981001
11.947001
11.912001
11.879001
11.846001
11.813001
11.781
11.749001
11.718
11.688001
11.658001
11.628
11.599001
11.571
11.542001
11.515
11.495001
11.474001
11.444
11.403001
11.356001
11.307
11.258
11.210001
11.162001
11.114
11.068001
11.022
10.986
10.966001
10.955001
10.946
10.938001
10.93
10.921
10.911
10.901001
10.892
10.89
10.903001
10.935
10.979
11.022
11.065001
11.106001
11.145
11.181001
11.210001
11.240001
11.268001
11.297001
11.325001
11.353001
11.381001
11.408001
11.436001
11.462001
11.488001
11.509001
11.515
11.508
11.494
11.478001
11.463
11.449
11.459001
11.486001
11.518001
11.549001
11.578001
11.604
11.628
11.650001
11.673
11.694
11.714001
11.73
11.737
11.741
11.744
11.746
11.747001
11.746
11.740001
11.733001
11.725
11.717001
11.709001
11.701
11.693001
11.685
11.677001
11.669001
11.662001
11.671
11.691001
11.721001
11.753
11.786
11.819
11.848001
11.852
11.846001
11.821
11.786
11.751
11.717001
11.683001
11.650001
11.617001
11.585001
11.554001
11.523001
11.493001
11.463
11.449
11.451
11.476001
11.501
11.526001
11.55
11.574
11.598001
11.622001
11.646001
11.669001
11.692
11.715
11.738001
11.76
11.783001
11.805
11.827001
11.848001
11.870001
11.891001
11.912001
11.933001
11.954
11.974001
11.995001
12.015
12.035001
12.054001
12.074
12.093
12.112
12.136001
12.162001
12.189
12.215
12.231001
12.234
12.22
12.198001
12.174001
12.145
12.116
12.087001
12.058001
12.038
12.033001
12.046
12.073001
12.101001
12.13
12.153001
12.171
12.188001
12.205001
12.222
12.239
12.253
12.251
12.231001
12.255
12.265
12.275001
12.283001
12.292001
12.3
12.309001
12.317
12.325001
12.388
12.495001
12.617001
12.737
12.853001
12.967001
13.079
13.188001
13.294001
13.398001
13.500001
13.599001
13.697001
13.792001
13.884001
13.975
14.064001
14.151001
14.235001
14.318001
14.399001
14.486001
14.576001
14.660001
14.733001
14.786
14.824
14.840001
14.842001
14.843
14.843
14.842001
14.840001
14.839001
14.837001
14.836
14.834001
14.832001
14.829
14.821001
14.805
14.776001
14.73
14.671
14.6
14.529
14.460001
14.392001
14.343
14.299001
14.259001
14.252001
14.221001
14.203001
14.196001
14.193001
14.194
14.195001
14.194
14.193001
14.189001
14.173
14.157001
14.141001
14.125001
14.109
14.094001
14.079
14.065001
14.052001
14.039001
14.027
14.015
14.003
13.992001
13.981001
13.97
13.960001
13.950001
13.940001
13.926001
13.894001
13.844001
13.784
13.724001
13.664001
13.605
13.599001
13.595
13.591001
13.588
13.584001
13.581
13.578001
13.575001
13.572001
13.570001
13.567
13.565001
13.563001
13.561001
13.559001
13.557001
13.555
13.554001
13.552001
13.551001
13.55
13.548
13.547001
13.546
13.545001
13.545001
13.544001
13.543
13.543
13.542001
13.542001
13.542001
13.542001
13.541
13.541
13.541
13.541
13.542001
13.542001
13.542001
13.542001
13.543
13.543
13.543
13.544001
13.544001
13.545001
13.546
13.546
13.547001
13.548
13.549001
13.549001
13.55
13.551001
13.56
13.569
13.577001
13.584001
13.591001
13.598001
13.605
13.611001
13.617001
13.623001
13.629001
13.633
13.633
13.624001
13.608001
13.586
13.56
13.534
13.508
13.481001
13.464001
13.457001
13.461
13.47
13.479001
13.487
13.495001
13.504001
13.512001
13.52
13.528001
13.535001
13.543
13.551001
13.558001
13.565001
13.573001
13.580001
13.587001
13.594001
13.601001
13.608001
13.614
13.621
13.627001
13.633
13.638
13.644001
13.649001
13.653001
13.655001
13.654
13.648001
13.629001
13.606001
13.580001
13.55
13.516001
13.476001
13.43
13.379001
13.320001
13.255001
13.182
13.101001
13.011001
12.911
12.802001
12.682
12.549001
12.39
12.194
11.973001
11.728001
11.466001
11.188001
10.89
10.573001
10.238001
9.886001
9.518001
9.135
8.732
8.313001
7.878
7.428
6.963
6.483
5.99
5.481
4.959
4.417
3.863
3.299
2.725
2.158
1.614
1.144
0.666
0.291
0.168
0.183
0.206
0.229
0.252
0.274
0.295
0.316
0.336
0.356
0.376
0.395
0.414
0.432
0.45
0.465
0.472
0.46
0.433
0.391
0.334
0.263
0.176
0.075
-0.042
-0.173
-0.318
-0.479
-0.583
-0.599
-0.592
-0.585
-0.579
-0.572
-0.566
-0.559
-0.553
-0.547
-0.541
-0.535
-0.53
-0.524
-0.519
-0.513
-0.508
-0.503
-0.498
-0.493
-0.489
-0.484
-0.48
-0.475
-0.471
-0.467
-0.463
-0.459
-0.455
-0.451
-0.447
-0.443
-0.44
-0.436
-0.433
-0.429
-0.425
-0.421
-0.417
-0.414
-0.41
-0.407
-0.403
-0.4
-0.396
-0.393
-0.39
-0.387
-0.384
-0.381
-0.378
-0.375
-0.372
-0.369
-0.366
-0.363
-0.361
-0.359
-0.365
-0.386
-0.426
-0.482
-0.552
-0.637
-0.736
-0.85
-0.977
-1.118
-1.272
-1.439
-1.619
-1.812
-2.016
-2.233
-2.46
-2.699
-2.949
-3.209
-3.479
-3.759
-4.048
-4.346
-4.652
-4.966
-5.287
-5.615
-5.88
-5.916
-5.908
-5.9
-5.892
-5.91
-5.973
-6.055
-6.15
-6.252
-6.364
-6.482
-6.6
-6.722
-6.813
-6.912
-7.019001
-7.131001
-7.248
-7.369
-7.493001
-7.619
-7.747
-7.875
-8.004001
-8.131001
-8.256001
-8.379001
-8.498
-8.613001
-8.723001
-8.828
-8.926001
-9.018001
-9.101001
-9.177
-9.244
-9.301001
-9.456
-9.592
-9.698001
-9.772
-9.827001
-9.866
-9.89
-9.895
-9.883
-9.858001
-9.837001
-9.849001
-9.875
-9.967
-10.107
-10.278001
-10.457001
-10.639001
-10.802
-10.919001
-11.008
-11.094001
-11.179001
-11.262
-11.343
-11.423
-11.500001
-11.576
-11.650001
-11.722
-11.793
-11.862
-11.921
-11.966001
-12.012001
-12.059001
-12.116
-12.181001
-12.252001
-12.328001
-12.409
-12.496
-12.586
-12.678
-12.774
-12.872001
-12.973001
-13.077001
-13.182
-13.290001
-13.399
-13.509001
-13.620001
-13.731001
-13.842001
-13.952001
-14.05
-14.14
-14.212001
-14.283001
-14.352
-14.331
-14.31
-14.290001
-14.27
-14.251
-14.232
-14.214001
-14.196001
-14.178
-14.161
-14.143001
-14.127001
-14.110001
-14.095
-14.079
-14.063001
-14.048
-14.028001
-13.990001
-13.941001
-13.885
-13.830001
-13.778001
-13.737
-13.709001
-13.691001
-13.683001
-13.683001
-13.692
-13.706
-13.722001
-13.740001
-13.76
-13.782001
-13.805
-13.828001
-13.852
-13.876
-13.900001
-13.922001
-13.944
-13.963
-13.98
-13.993001
-14.000001
-14.004001
-14.005001
-14.005001
-14.006001
-14.007001
-14.008
-14.009001
-14.01
-14.011001
-14.012001
-14.012001
-14.013
-14.014001
-14.015
-14.016001
-14.017
-14.018001
-14.019001
-14.02
-14.021001
-14.016001
-13.995001
-13.956
-13.911
-13.860001
-13.808001
-13.756001
-13.702001
-13.643001
-13.583
-13.525001
-13.471001
-13.448001
-13.436001
-13.424001
-13.412001
-13.400001
-13.388
-13.376
-13.362
-13.345
-13.325001
-13.304001
-13.282001
-13.261001
-13.239
-13.218
-13.196001
-13.175
-13.154
-13.127001
-13.097001
-13.065001
-13.033001
-13.002001
-12.971001
-12.941001
-12.911
-12.881001
-12.851001
-12.821001
-12.791
-12.76
-12.73
-12.701
-12.671
-12.643001
-12.615001
-12.588
-12.561001
-12.534
-12.508
-12.482
-12.456
-12.431001
-12.406
-12.381001
-12.357
-12.333
-12.309001
-12.286
-12.263
-12.240001
-12.218
-12.196001
-12.174001
-12.152
-12.131001
-12.119
-12.120001
-12.134001
-12.156
-12.181001
-12.210001
-12.239
-12.268001
-12.296
-12.433001
-12.567
-12.698001
-12.826
-12.951
-13.073001
-13.190001
-13.297001
-13.398001
-13.493001
-13.580001
-13.661
-13.735001
-13.803
-13.864
-13.918
-13.965001
-14.005001
-14.038001
-14.063001
-14.079
-14.088
-14.087001
-14.077001
-14.058001
-14.029
-13.989
-13.939001
-13.877001
-13.803
-13.717001
-13.617001
-13.504001
-13.378
-13.236001
-13.080001
-12.908001
-12.72
-12.516001
-12.295001
-12.056001
-11.8
-11.525001
-11.232
-10.92
-10.589001
-10.239
-9.869
-9.48
-9.071
-8.642
-8.194
-7.726
-7.239
-6.732
-6.207
-5.663
-5.101
-4.521
-3.925
-3.395
-3.199
-3.203
-3.211
-3.218
-3.225
-3.232
-3.239
-3.246
-3.252
-3.258
-3.264
-3.269
-3.27
-3.257
-3.225
-3.177
-3.113
-3.035
-2.942
-2.834
-2.712
-2.577
-2.427
-2.265
-2.107
-2.023
-2.029
-2.035
-2.04
-2.046
-2.051
-2.057
-2.062
-2.067
-2.072
-2.073
-2.066
-2.041
-1.999
-1.942
-1.87
-1.784
-1.684
-1.57
-1.442
-1.301
-1.146
-0.979
-0.798
-0.605
-0.4
-0.182
0.047
0.288
0.541
0.728
0.827
0.821
0.815
0.809
0.803
0.798
0.792
0.787
0.781
0.776
0.771
0.766
0.761
0.756
0.751
0.747
0.742
0.737
0.733
0.729
0.724
0.72
0.716
0.712
0.708
0.704
0.701
0.697
0.693
0.696
0.704
0.717
0.729
0.741
0.752
0.766
0.791
0.838
0.91
0.991
1.083
1.179
1.274
1.371
1.467
1.563
1.658
1.757
1.857
1.955
2.052
2.148
2.244
2.339
2.434
2.528
2.621
2.712
2.802
2.867
2.916
2.937
2.931
2.883
2.835
2.788
2.743
2.698
2.654
2.611
2.569
2.527
2.487
2.447
2.407
2.36
2.3
2.224
2.136
2.035
1.923
1.798
1.661
1.512
1.351
1.179
0.995
0.8
0.594
0.376
0.148
-0.091
-0.34
-0.599
-0.869
-1.148
-1.437
-1.735
-2.042
-2.357
-2.68
-3.011
-3.35
-3.695
-4.046
-4.403
-4.766
-5.133
-5.503
-5.878
-6.254
-6.633
-7.013
-7.393
-7.773
-8.151
-8.527
-8.899
-9.268001
-9.632001
-9.989
-10.282001
-10.416
-10.426001
-10.435
-10.445001
-10.454
-10.463
-10.472
-10.481001
-10.490001
-10.498
-10.507001
-10.515
-10.523001
-10.534
-10.556001
-10.587001
-10.627001
-10.675
-10.732
-10.796
-10.868001
-10.947001
-11.033001
-11.125001
-11.224001
-11.328
-11.438001
-11.552001
-11.671
-11.793
-11.919001
-12.047001
-12.177001
-12.309001
-12.442
-12.576
-12.708
-12.84
-12.971001
-13.098001
-13.223001
-13.344001
-13.461
-13.572001
-13.677001
-13.775001
-13.866001
-13.948001
-14.021001
-14.084001
-14.136001
-14.177001
-14.205001
-14.22
-14.222001
-14.208001
-14.190001
-14.184001
-14.184001
-14.184001
-14.184001
-14.184001
-14.184001
-14.184001
-14.184001
-14.184001
-14.184001
-14.184001
-14.184001
-14.184001
-14.184001
-14.184001
-14.184001
-14.185
-14.185
-14.184001
-14.182001
-14.178
-14.172001
-14.165001
-14.153001
-14.139001
-14.119
-14.097001
-14.074
-14.05
-14.025001
-13.997001
-13.967001
-13.933001
-13.898001
-13.861001
-13.824
-13.784
-13.744
-13.703001
-13.660001
-13.617001
-13.575001
-13.533001
-13.511001
-13.497001
-13.488001
-13.477
-13.467001
-13.457001
-13.447001
-13.437
-13.427001
-13.418
-13.415001
-13.418
-13.427001
-13.436001
-13.445001
-13.453001
-13.462001
-13.471001
-13.479001
-13.487
-13.496
-13.504001
-13.512001
-13.52
-13.528001
-13.536
-13.544001
-13.552001
-13.559001
-13.567
-13.574
-13.582001
-13.589001
-13.596001
-13.603001
-13.610001
-13.617001
-13.624001
-13.630001
-13.634001
-13.638
-13.642
-13.646001
-13.650001
-13.653001
-13.657001
-13.661
-13.664001
-13.671
-13.677001
-13.683001
-13.690001
-13.696001
-13.702001
-13.708
-13.714001
-13.72
-13.726001
-13.732
-13.737
-13.743001
-13.749001
-13.754001
-13.76
-13.765
-13.77
-13.776001
-13.781001
-13.786
-13.791
-13.796
-13.801001
-13.806001
-13.811001
-13.816001
-13.822001
-13.828001
-13.833
-13.839001
-13.844001
-13.849001
-13.855
-13.860001
-13.865001
-13.870001
-13.875001
-13.880001
-13.885
-13.889001
-13.894001
-13.899001
-13.903001
-13.908001
-13.912001
-13.917001
-13.921
-13.925
-14.029
-14.130001
-14.229001
-14.325001
-14.420001
-14.512001
-14.602
-14.690001
-14.777
-14.859001
-14.940001
-15.019001
-15.097001
-15.172001
-15.246
-15.318001
-15.389001
-15.458001
-15.525001
-15.591001
-15.655001
-15.718
-15.780001
-15.840001
-15.899001
-15.956
-16.012001
-16.067001
-16.121
-16.173
-16.225
-16.276001
-16.323
-16.360001
-16.392
-16.416
-16.43
-16.439001
-16.436001
-16.424002
-16.389
-16.33
-16.26
-16.182001
-16.1
-16.012001
-15.918001
-15.819001
-15.722001
-15.627001
-15.530001
-15.43
-15.332001
-15.231001
-15.126
-15.016001
-14.894001
-14.765
-14.619
-14.463
-14.280001
-14.130001
-13.973001
-13.81
-13.64
-13.464001
-13.280001
-13.089001
-12.89
-12.682
-12.465
-12.239
-12.002001
-11.754001
-11.496
-11.227
-10.947001
-10.656
-10.353001
-10.033001
-9.691
-9.315001
-8.922001
-8.515
-8.097
-7.665
-7.221
-6.766
-6.299
-5.822001
-5.333
-4.92
-4.667
-4.53
-4.394
-4.288
-4.215
-4.209
-4.273
-4.376
-4.516
-4.653
-4.788
-4.921
-5.052
-5.16
-5.274
-5.392
-5.51
-5.626
-5.741
-5.854
-5.966
-6.08
-6.2
-6.327
-6.464
-6.609
-6.76
-6.917
-7.079
-7.246
-7.417
-7.591001
-7.769001
-7.948
-8.129001
-8.311001
-8.494
-8.676001
-8.857
-9.034
-9.207001
-9.376
-9.541
-9.700001
-9.854
-10.001
-10.141001
-10.273001
-10.409
-10.543
-10.672001
-10.795
-10.912001
-11.02
-11.097
-11.142
-11.309001
-11.471001
-11.63
-11.785001
-11.937
-12.086
-12.231001
-12.372001
-12.511001
-12.647
-12.779
-12.908001
-13.035001
-13.159
-13.279
-13.398001
-13.513
-13.626
-13.736001
-13.844001
-13.950001
-14.053
-14.153001
-14.252001
-14.348001
-14.442
-14.534
-14.624001
-14.712001
-14.798
-14.882001
-14.964001
-15.044001
-15.124001
-15.202001
-15.279
-15.355
-15.428
-15.500001
-15.570001
-15.637001
-15.701001
-15.765
-15.826001
-15.887001
-15.946001
-16.003
-16.060001
-16.115002
-16.168001
-16.221001
-16.272001
-16.323
-16.372002
-16.42
-16.467001
-16.513
-16.557001
-16.601002
-16.643002
-16.684
-16.649
-16.614
-16.578001
-16.541
-16.503
-16.463001
-16.421001
-16.376001
-16.329
-16.278
-16.224001
-16.165001
-16.102001
-16.033001
-15.958001
-15.877001
-15.816001
-15.784
-15.758
-15.731001
-15.706
-15.68
-15.655001
-15.630001
-15.606001
-15.582001
-15.558001
-15.534
-15.511001
-15.488001
-15.466001
-15.444001
-15.422001
-15.400001
-15.379001
-15.358001
-15.337001
-15.317
-15.297001
-15.277
-15.257001
-15.238001
-15.219001
-15.200001
-15.181001
-15.163001
-15.145
-15.127001
-15.110001
-15.092001
-15.075001
-15.058001
-15.042001
-15.025001
-15.009001
-14.993001
-14.978001
-14.962001
-14.947001
-14.932001
-14.917001
-14.902
-14.888
-14.874001
-14.859001
-14.846001
-14.832001
-14.818001
-14.807001
-14.799001
-14.792001
-14.782001
-14.773001
-14.761001
-14.749001
-14.736001
-14.721001
-14.701001
-14.677001
-14.649001
-14.619
-14.586
-14.552001
-14.515
-14.476001
-14.433001
-14.386001
-14.335001
-14.278001
-14.216001
-14.146001
-14.070001
-13.993001
-13.925
-13.876
-13.848001
-13.838
-13.843
-13.847001
-13.851001
-13.855
-13.859
-13.863001
-13.867001
-13.870001
-13.874001
-13.878
-13.982
-14.084001
-14.183001
-14.281001
-14.375001
-14.466001
-14.542001
-14.609001
-14.669001
-14.726001
-14.780001
-14.827001
-14.867001
-14.897
-14.915001
-14.925001
-14.928
-14.921
-14.906001
-14.881001
-14.845
-14.798
-14.736001
-14.662001
-14.573001
-14.466001
-14.334001
-14.184001
-14.013
-13.824
-13.619
-13.395
-13.152
-12.891001
-12.610001
-12.31
-11.989
-11.646001
-11.283001
-10.898001
-10.494
-10.068001
-9.621
-9.154
-8.666
-8.158
-7.630001
-7.134
-6.722
-6.451
-6.379
-6.309
-6.241
-6.174
-6.126
-6.111
-6.111
-6.151
-6.238
-6.358
-6.476
-6.533
-6.588
-6.642
-6.696
-6.751
-6.818
-6.9
-6.996
-7.103
-7.210001
-7.339
-7.495
-7.665
-7.846
-8.039001
-8.242001
-8.455001
-8.677
-8.908
-9.146001
-9.391001
-9.64
-9.891001
-10.143001
-10.393001
-10.64
-10.884001
-11.122001
-11.354
-11.579
-11.797001
-12.006001
-12.205001
-12.394001
-12.572001
-12.738001
-12.891001
-13.029
-13.153001
-13.261001
-13.352
-13.426001
-13.481001
-13.517
-13.533001
-13.528001
-13.502001
-13.454
-13.383
-13.288001
-13.170001
-13.028001
-12.860001
-12.668
-12.461
-12.246
-12.041
-11.825001
-11.596001
-11.349001
-11.084001
-10.8
-10.497001
-10.174001
-9.829
-9.463
-9.161
-9.01
-8.929001
-8.891001
-8.898001
-8.904
-8.912001
-8.93
-8.961
-9.007
-9.052
-9.097
-9.14
-9.183001
-9.225
-9.266001
-9.306001
-9.352
-9.414001
-9.478001
-9.542001
-9.604
-9.666
-9.727
-9.788
-9.846001
-9.899
-9.945001
-9.982
-10.006001
-10.015
-10.012
-10.0
-9.985001
-9.966001
-9.943001
-9.92
-9.897
-9.873
-9.849001
-9.825001
-9.8
-9.774
-9.748
-9.721001
-9.694
-9.665001
-9.626
-9.573001
-9.507001
-9.421
-9.319
-9.195001
-9.05
-8.887
-8.706
-8.511001
-8.304001
-8.101001
-7.913001
-7.75
-7.612
-7.491
-7.38
-7.269001
-7.161
-7.054
-6.940001
-6.819
-6.694
-6.562
-6.431
-6.312
-6.196
-6.075
-5.957
-5.848
-5.751
-5.709
-5.712
-5.76
-5.828
-5.895
-5.961
-6.024
-6.082
-6.129
-6.164001
-6.186
-6.198
-6.198
-6.189
-6.169
-6.138
-6.098001
-6.046
-5.985
-5.913
-5.831
-5.738
-5.635
-5.521
-5.397
-5.262
-5.117
-4.962
-4.795
-4.619
-4.431
-4.232
-4.022
-3.801
-3.569
-3.326
-3.071
-2.806
-2.529
-2.242
-1.944
-1.635
-1.316
-0.987
-0.648
-0.299
0.059
0.426
0.741
0.951
0.923
0.837
0.737
0.627
0.517
0.406
0.297
0.189
0.081
-0.025
-0.13
-0.241
-0.356
-0.476
-0.6
-0.726
-0.852
-0.976
-1.094
-1.208
-1.314
-1.414
-1.512
-1.61
-1.706
-1.788
-1.859
-1.914
-1.928
-1.912
-1.876
-1.842
-1.807
-1.774
-1.74
-1.706
-1.672
-1.636
-1.598
-1.558
-1.515
-1.47
-1.426
-1.395
-1.369
-1.321
-1.23
-1.117
-0.992
-0.858
-0.72
-0.584
-0.45
-0.317
-0.182
-0.042
0.098
0.24
0.381
0.521
0.658
0.794
0.928
1.06
1.191
1.319
1.446
1.572
1.695
1.817
1.938
2.041
2.131
2.19
2.208
2.211
2.21
2.221
2.244
2.277
2.323
2.379
2.446
2.525
2.614
2.673
2.694
2.671
2.639
2.608
2.578
2.548
2.519
2.49
2.462
2.435
2.408
2.384
2.368
2.365
2.376
2.398
2.433
2.479
2.536
2.605
2.685
2.776
2.878
2.991
3.114
3.248
3.392
3.546
3.71
3.883
4.065
4.255
4.452
4.631
4.8
4.956
5.094
5.209
5.303
5.387
5.459
5.526
5.588
5.645
5.701
5.753
5.804
5.858
5.913
5.968
6.023
6.077
6.132
6.187
6.241
6.296
6.35
6.404
6.458
6.537
6.66
6.831
7.035
7.262001
7.501
7.746
7.994
8.243
8.493
8.677
8.751
8.764001
8.778001
8.791
8.804001
8.817
8.830001
8.843
8.856
8.868
8.881001
8.893001
8.905001
8.918
8.921
8.911
8.872001
8.816
8.751
8.687
8.625
8.580001
8.561001
8.553
8.559
8.579
8.598001
8.617001
8.636001
8.655001
8.673
8.691
8.709001
8.726001
8.747001
8.774
8.811001
8.858001
8.913
8.977
9.049001
9.128
9.215
9.309
9.410001
9.518001
9.632001
9.752001
9.877001
10.008
10.143001
10.283001
10.426001
10.573001
10.722
10.874001
11.027
11.181001
11.336
11.490001
11.644001
11.797001
11.947001
12.094001
12.238001
12.377001
12.512001
12.641001
12.763
12.878
12.985001
13.083
13.171
13.248001
13.315001
13.369
13.411
13.438001
13.453001
13.461
13.471001
13.481001
13.491
13.501
13.511001
13.521001
13.530001
13.540001
13.549001
13.558001
13.568001
13.577001
13.585001
13.594001
13.602
13.610001
13.617001
13.623001
13.627001
13.627001
13.624001
13.619
13.612
13.602
13.589001
13.577001
13.571001
13.578001
13.586
13.593
13.601001
13.609
13.616
13.624001
13.631001
13.638
13.645
13.652
13.659
13.666
13.673
13.68
13.686001
13.693001
13.699
13.705001
13.711
13.718
13.722001
13.715001
13.701
13.678
13.649001
13.608001
13.564001
13.518001
13.472001
13.426001
13.380001
13.335001
13.291
13.248001
13.205001
13.162001
13.120001
13.079
13.038001
12.998
12.958
12.940001
12.953001
12.969001
12.985001
13.001
13.016001
13.032001
13.047001
13.062
13.077001
13.091001
13.105
13.120001
13.133
13.147
13.161
13.174001
13.187
13.200001
13.213
13.226001
13.239
13.251
13.263
13.275001
13.287001
13.299001
13.31
13.322001
13.335001
13.349001
13.365001
13.381001
13.399
13.417001
13.436001
13.454
13.473001
13.491
13.509001
13.525001
13.537001
13.548
13.557001
13.566001
13.575001
13.584001
13.593
13.601001
13.610001
13.619
13.627001
13.635
13.643001
13.651001
13.659
13.667001
13.675
13.682001
13.690001
13.697001
13.704
13.712001
13.719001
13.726001
13.733001
13.740001
13.746
13.753
13.759001
13.766001
13.772
13.779
13.785001
13.791
13.797001
13.803
13.809001
13.815001
13.820001
13.826
13.832001
13.837001
13.843
13.848001
13.852
13.855
13.856001
13.855
13.853001
13.848001
13.842001
13.837001
13.831
13.824
13.813001
13.797001
13.780001
13.763
13.744
13.722001
13.697001
13.669001
13.639001
13.610001
13.582001
13.553
13.525001
13.498001
13.468
13.433001
13.393001
13.35
13.307
13.263
13.221001
13.179001
13.137001
13.097001
13.056001
13.016001
12.977
12.938001
12.900001
12.863001
12.825001
12.789001
12.752001
12.717001
12.681001
12.665001
12.681001
12.702001
12.723001
12.743001
12.763
12.783001
12.802001
12.822001
12.841001
12.859
12.878
12.896001
12.914001
12.932
12.949
12.966001
12.983001
13.000001
13.017
13.033001
13.049001
13.065001
13.081
13.097001
13.112
13.127001
13.142
13.157001
13.171
13.185
13.199
13.213
13.227
13.241
13.254001
13.267
13.280001
13.293
13.305
13.318001
13.330001
13.342001
13.354001
13.365001
13.376
13.388
13.399
13.410001
13.421
13.431001
13.442
13.452001
13.462001
13.467001
13.455001
13.417001
13.373001
13.329
13.285001
13.242001
13.200001
13.171
13.158001
13.170001
13.184001
13.198001
13.211
13.225
13.238001
13.251
13.264001
13.276001
13.289001
13.301001
13.313001
13.325001
13.337001
13.348001
13.360001
13.371
13.382001
13.393001
13.404
13.415001
13.426001
13.436001
13.446001
13.457001
13.467001
13.476001
13.486001
13.495001
13.503
13.51
13.517
13.523001
13.528001
13.532001
13.534
13.531001
13.526001
13.52
13.512001
13.501
13.489
13.475
13.462001
13.449
13.436001
13.424001
13.420001
13.426001
13.436001
13.447001
13.458
13.469001
13.479001
13.490001
13.500001
13.51
13.52
13.530001
13.540001
13.549001
13.556001
13.556001
13.546
13.529
13.506001
13.474001
13.440001
13.405001
13.372001
13.339001
13.315001
13.295001
13.286
13.289001
13.302001
13.315001
13.327001
13.339001
13.352
13.364
13.376
13.387001
13.399
13.410001
13.421
13.432001
13.443001
13.454
13.465001
13.475
13.486001
13.496
13.506001
13.516001
13.526001
13.535001
13.545001
13.555
13.566001
13.577001
13.588
13.599001
13.609
13.618001
13.626
13.634001
13.643001
13.651001
13.659
13.666
13.674001
13.682001
13.689001
13.697001
13.704
13.711
13.718
13.725
13.732
13.739
13.746
13.753
13.759001
13.766001
13.772
13.779
13.785001
13.791
13.797001
13.803
13.809001
13.815001
13.821001
13.826
13.832001
13.837001
13.843
13.848001
13.854001
13.859
13.864
13.869
13.874001
13.879001
13.884001
13.889001
13.894001
13.998001
14.1
14.200001
14.297001
14.392001
14.486001
14.577001
14.665001
14.752001
14.837001
14.920001
15.002001
15.081
15.159
15.234001
15.308001
15.381001
15.452001
15.521001
15.589001
15.655001
15.719001
15.783001
15.844001
15.905001
15.964001
16.021
16.078001
16.133001
16.187
16.239
16.291
16.341002
16.390001
16.438002
16.485001
16.531
16.576
16.620001
16.663
16.705
16.746
16.786001
16.825001
16.863001
16.901001
16.937
16.973001
17.008001
17.042002
17.076
17.108002
17.140001
17.171001
17.202002
17.232
17.261002
17.289001
17.317001
17.344002
17.371
17.329
17.288
17.247002
17.207001
17.168001
17.129002
17.091002
17.053001
17.015001
16.978001
16.942001
16.906
16.870001
16.833
16.798
16.761002
16.726002
16.691
16.658001
16.625
16.594
16.562
16.531
16.501001
16.471001
16.441
16.412001
16.383001
16.354
16.326
16.298
16.271
16.239
16.196001
16.148001
16.098001
16.048
15.998001
15.948001
15.898001
15.848001
15.798
15.747001
15.696001
15.644001
15.591001
15.537001
15.482
15.425001
15.366001
15.306001
15.244
15.179001
15.112
15.042001
14.97
14.895
14.817
14.735001
14.655001
14.602
14.580001
14.571001
14.561001
14.552001
14.542001
14.533001
14.524001
14.515
14.507001
14.498001
14.490001
14.481001
14.473001
14.465001
14.457001
14.449
14.441001
14.433001
14.425001
14.418
14.410001
14.403001
14.396001
14.389001
14.382001
14.373001
14.365001
14.356001
14.348001
14.340001
14.332001
14.325001
14.317
14.309001
14.302001
14.295001
14.287001
14.280001
14.276001
14.275001
14.274001
14.268001
14.255001
14.236001
14.216001
14.195001
14.174001
14.154
14.134001
14.127001
14.127001
14.126
14.119
14.113001
14.106001
14.098001
14.087001
14.073001
14.055
14.035001
14.012001
13.986001
13.956
13.922001
13.882001
13.836
13.785001
13.728001
13.665001
13.6
13.534
13.466001
13.394001
13.317
13.233001
13.141001
13.038001
12.917001
12.789001
12.654
12.51
12.358001
12.197001
12.027
11.848001
11.659
11.460001
11.254001
11.045
10.837001
10.631001
10.431001
10.290001
10.227
10.22
10.212001
10.205001
10.197001
10.190001
10.184
10.177
10.17
10.164001
10.158001
10.151
10.146001
10.14
10.134001
10.128
10.123
10.118
10.113001
10.108001
10.1
10.080001
10.047001
10.005
9.957001
9.902
9.842
9.777
9.706
9.629001
9.547001
9.46
9.367001
9.268001
9.171
9.081
9.005
8.971001
8.968
8.968
8.968
8.967
8.967
8.967
8.967
8.967
8.967
8.967
8.967
8.967
8.967
8.967
8.967
8.967
8.962001
8.953
8.935
8.908
8.873
8.831
8.782001
8.728001
8.668
8.602
8.530001
8.450001
8.368
8.279
8.185
8.114
8.08
8.082001
8.084001
8.086
8.088
8.091001
8.093
8.095
8.097
8.099
8.101001
8.103001
8.105
8.107
8.109
8.111
8.113
8.115001
8.117001
8.119
8.121
8.126
8.136001
8.146001
8.155001
8.166
8.179001
8.190001
8.196
8.191
8.172
8.142
8.102
8.051001
7.991
7.920001
7.839
7.748
7.646
7.549
7.492001
7.505001
7.518
7.531
7.543
7.555
7.568
7.58
7.592
7.603
7.598001
7.593
7.588
7.583
7.579
7.574
7.57
7.565001
7.56
7.552001
7.535
7.507
7.472
7.431
7.385
7.332
7.274
7.210001
7.14
7.065001
6.985
6.899
6.808
6.712
6.609
6.502
6.389
6.271
6.148
6.02
5.886
5.768
5.654
5.541
5.422
5.3
5.172
5.04
4.902
4.752
4.594
4.408
4.206
3.985
3.752
3.508
3.239
2.955
2.652
2.325
1.976
1.616
1.395
1.349
1.335
1.321
1.307
1.294
1.281
1.268
1.255
1.243
1.231
1.219
1.207
1.191
1.163
1.12
1.064
0.996
0.915
0.822
0.717
0.6
0.471
0.331
0.179
0.015
-0.16
-0.346
-0.542
-0.75
-0.968
-1.197
-1.435
-1.684
-1.942
-2.209
-2.485
-2.771
-3.064
-3.365
-3.674
-3.99
-4.312
-4.641
-4.975
-5.314
-5.657
-6.004
-6.355
-6.708
-7.062
-7.417
-7.773
-8.128
-8.481
-8.832001
-9.18
-9.524
-9.862
-10.194
-10.519
-10.836
-11.143001
-11.440001
-11.726001
-11.999001
-12.259001
-12.505001
-12.734
-12.947001
-13.142
-13.318001
-13.475
-13.610001
-13.724001
-13.815001
-13.882001
-13.924001
-13.942
-13.935
-13.915001
-13.908001
-13.912001
-13.915001
-13.919001
-13.922001
-13.926001
-13.929001
-13.933001
-13.936001
-13.939001
-13.943001
-13.946001
-13.949
-13.953001
-13.957001
-13.960001
-13.961
-13.961
-13.959001
-13.957001
-13.954
-13.950001
-13.946001
-13.939001
-13.929001
-13.915001
-13.896001
-13.876
-13.856001
-13.835001
-13.816001
-13.796
-13.777
-13.758
-13.739
-13.727
-13.719001
-13.715001
-13.714001
-13.712001
-13.711
-13.710001
-13.709001
-13.708
-13.707001
-13.705001
-13.704
-13.703001
-13.702001
-13.701
-13.700001
-13.699
-13.698001
-13.697001
-13.696001
-13.695001
-13.694
-13.693001
-13.691001
-13.687
-13.682001
-13.672001
-13.659
-13.642
-13.626
-13.609
-13.593
-13.585001
-13.581
-13.582001
-13.586
-13.590001
-13.595
-13.601001
-13.608001
-13.614
-13.621
-13.627001
-13.634001
-13.64
-13.647
-13.653001
-13.659
-13.665001
-13.671
-13.677001
-13.683001
-13.688001
-13.690001
-13.689001
-13.683001
-13.674001
-13.658001
-13.64
-13.622001
-13.604001
-13.586
-13.568001
-13.551001
-13.538001
-13.526001
-13.516001
-13.507001
-13.499001
-13.493001
-13.487
-13.488001
-13.491
-13.494
-13.497001
-13.500001
-13.505001
-13.512001
-13.521001
-13.530001
-13.538001
-13.547001
-13.556001
-13.564001
-13.572001
-13.581
-13.589001
-13.597001
-13.605
-13.612
-13.620001
-13.628
-13.635
-13.643001
-13.650001
-13.657001
-13.664001
-13.671
-13.678
-13.685
-13.692
-13.698001
-13.705001
-13.711
-13.716001
-13.717001
-13.715001
-13.702001
-13.686001
-13.664001
-13.638
-13.608001
-13.575001
-13.542001
-13.509001
-13.476001
-13.443001
-13.411
-13.379001
-13.359
-13.345
-13.332001
-13.320001
-13.3
-13.272
-13.237
-13.197001
-13.155001
-13.152
-13.150001
-13.147
-13.145
-13.143001
-13.14
-13.138
-13.136001
-13.134001
-13.161
-13.250001
-13.367001
-13.481001
-13.593
-13.702001
-13.809001
-13.914001
-14.016001
-14.116001
-14.213
-14.309001
-14.402
-14.493001
-14.582001
-14.669001
-14.754001
-14.837001
-14.919001
-14.998001
-15.076001
-15.152
-15.226001
-15.299001
-15.370001
-15.439001
-15.507001
-15.573001
-15.638
-15.701001
-15.763
-15.823001
-15.882001
-15.940001
-15.997001
-16.052
-16.106001
-16.158001
-16.210001
-16.26
-16.310001
-16.358002
-16.405001
-16.451
-16.496
-16.540001
-16.583
-16.625
-16.666
-16.706001
-16.745001
-16.783001
-16.749001
-16.715
-16.681002
-16.648001
-16.615002
-16.583
-16.551001
-16.519001
-16.488001
-16.458
-16.427
-16.397001
-16.368
-16.339001
-16.310001
-16.282001
-16.255001
-16.228001
-16.201
-16.175001
-16.149
-16.123001
-16.097
-16.073
-16.047001
-16.023001
-15.999001
-15.976001
-15.953001
-15.93
-15.910001
-15.891001
-15.872001
-15.85
-15.827001
-15.800001
-15.77
-15.737
-15.698001
-15.655001
-15.606001
-15.551001
-15.490001
-15.429001
-15.373001
-15.343
-15.327001
-15.311001
-15.296
-15.281001
-15.267001
-15.252001
-15.238001
-15.224001
-15.207001
-15.189001
-15.169001
-15.146001
-15.121
-15.092001
-15.061001
-15.027
-14.990001
-14.949
-14.904
-14.855
-14.802001
-14.744
-14.681001
-14.612
-14.538001
-14.457001
-14.370001
-14.275001
-14.173
-14.062
-13.943001
-13.815001
-13.678
-13.531001
-13.373001
-13.204
-13.024
-12.822001
-12.592001
-12.316001
-12.003
-11.655001
-11.278001
-10.874001
-10.447001
-10.0
-9.534
-9.052
-8.556001
-8.046
-7.517
-6.973001
-6.414001
-5.842
-5.257
-4.661
-4.077
-3.498
-2.919
-2.343
-1.776
-1.217
-0.668
-0.124
0.411
0.905
1.404
1.909
2.418
2.931
3.446
3.891
4.224
4.288
4.247
4.206
4.166
4.126
4.088
4.05
4.014
3.977
3.942
3.907
3.873
3.84
3.807
3.761
3.702
3.627
3.548
3.469
3.387
3.301
3.213
3.125
3.039
2.953
2.869
2.786
2.702
2.619
2.537
2.456
2.376
2.298
2.22
2.143
2.067
2.003
1.94
1.888
1.841
1.801
1.766
1.735
1.71
1.685
1.66
1.639
1.62
1.607
1.589
1.567
1.541
1.512
1.479
1.441
1.399
1.353
1.303
1.25
1.193
1.132
1.069
1.002
0.931
0.858
0.781
0.701
0.618
0.531
0.442
0.35
0.254
0.156
0.055
-0.048
-0.154
-0.263
-0.374
-0.487
-0.603
-0.721
-0.844
-0.975
-1.114
-1.256
-1.399
-1.544
-1.691
-1.84
-1.99
-2.126
-2.263
-2.402
-2.543
-2.685
-2.828
-2.973
-3.097
-3.214
-3.298
-3.338
-3.342
-3.348
-3.355
-3.361
-3.367
-3.373
-3.379
-3.373
-3.342
-3.299
-3.252
-3.205
-3.156
-3.104
-3.042
-2.975
-2.905
-2.832
-2.761
-2.69
-2.621
-2.551
-2.482
-2.414
-2.347
-2.281
-2.21
-2.136
-2.058
-1.98
-1.904
-1.829
-1.755
-1.682
-1.61
-1.539
-1.468
-1.399
-1.331
-1.263
-1.197
-1.131
-1.066
-1.03
-1.01
-1.001
-1.009
-1.072
-1.162
-1.25
-1.333
-1.409
-1.481
-1.548
-1.613
-1.682
-1.753
-1.828
-1.901
-1.972
-2.041
-2.11
-2.176
-2.241
-2.305
-2.367
-2.428
-2.487
-2.545
-2.602
-2.658
-2.712
-2.765
-2.817
-2.867
-2.917
-2.965
-3.013
-3.059
-3.104
-3.147
-3.189
-3.226
-3.254
-3.272
-3.283
-3.29
-3.297
-3.303
-3.309
-3.316
-3.322
-3.317
-3.285
-3.237
-3.183
-3.125
-3.065
-3.006
-2.949
-2.893
-2.835
-2.779
-2.724
-2.67
-2.618
-2.566
-2.536
-2.505
-2.475
-2.446
-2.417
-2.388
-2.36
-2.332
-2.304
-2.277
-2.25
-2.224
-2.198
-2.174
-2.146
-2.113
-2.063
-1.99
-1.89
-1.783
-1.676
-1.568
-1.462
-1.358
-1.255
-1.153
-1.053
-0.954
-0.856
-0.759
-0.664
-0.571
-0.478
-0.402
-0.345
-0.301
-0.27
-0.253
-0.243
-0.243
-0.244
-0.246
-0.247
-0.249
-0.252
-0.256
-0.259
-0.262
-0.265
-0.268
-0.271
-0.274
-0.277
-0.28
-0.283
-0.286
-0.288
-0.289
-0.291
-0.292
-0.298
-0.305
-0.312
-0.318
-0.325
-0.331
-0.338
-0.348
-0.359
-0.369
-0.38
-0.39
-0.368
-0.338
-0.301
-0.249
-0.188
-0.125
-0.052
0.037
0.138
0.259
0.396
0.568
0.745
0.918
1.087
1.254
1.418
1.579
1.735
1.888
2.038
2.184
2.327
2.467
2.606
2.75
2.899
3.044
3.186
3.325
3.461
3.594
3.724
3.805
3.839
3.831
3.78
3.686
3.556
3.368
3.178
2.993
2.818
2.654
2.501
2.353
2.209
2.063
1.915
1.798
1.683
1.571
1.461
1.353
1.247
1.143
1.042
0.942
0.845
0.749
0.655
0.564
0.474
0.386
0.299
0.215
0.132
0.05
-0.029
-0.107
-0.184
-0.258
-0.332
-0.404
-0.474
-0.543
-0.611
-0.677
-0.742
-0.806
-0.868
-0.929
-0.989
-1.048
-1.106
-1.162
