0.0
0.189
0.377
0.562
0.744
0.925
1.102
1.277
1.45
1.621
1.789
1.956
2.12
2.281
2.441
2.598
2.754
2.907
3.058
3.207
3.355
3.5
3.643
3.785
3.924
4.062
4.198
4.332
4.464
4.594
4.723
4.85
4.975
5.099
5.221
5.341
5.46
5.577
5.693
5.807
5.92
6.031
6.14
6.248
6.355
6.460001
6.564
6.667
6.768
6.868001
6.966001
7.063
7.159
7.254
7.347
7.439
7.53
7.619
7.708
7.795001
7.881001
7.966001
8.05
8.132
8.214001
8.294001
8.374001
8.452001
8.529
8.606
8.681001
8.755
8.828
8.901
8.972
9.042001
9.112
9.18
9.248
9.315001
9.38
9.445001
9.509001
9.573001
9.635
9.696
9.757001
9.817
9.876
9.934
9.992001
10.049001
10.105
10.160001
10.215
10.268001
10.321
10.374001
10.425
10.476001
10.527
10.576
10.625001
10.674001
10.721001
10.768001
10.815001
10.861
10.906
10.950001
10.994
11.038
11.081
11.123
11.165001
11.206
11.246
11.286
11.326
11.365001
11.403001
11.441001
11.479
11.516001
11.552001
11.588
11.624001
11.659
11.693001
11.727
11.761001
11.794001
11.827001
11.859
11.891001
11.922001
11.953001
11.984
12.014001
12.044001
12.073001
12.102
12.131001
12.159
12.187
12.215
12.242001
12.269001
12.295001
12.321001
12.347
12.372001
12.397
12.422001
12.446001
12.47
12.494
12.517
12.540001
12.563001
12.586
12.608001
12.630001
12.651001
12.673
12.694
12.714001
12.735001
12.755001
12.775001
12.795001
12.814001
12.833
12.852
12.871
12.889001
12.907001
12.925
12.943001
12.960001
12.977
12.994
13.011001
13.028001
13.044001
13.06
13.076
13.092001
13.107
13.122001
13.137001
13.152
13.167001
13.181001
13.195001
13.209001
13.223001
13.237
13.250001
13.264001
13.277
13.290001
13.303
13.315001
13.328001
13.340001
13.352
13.364
13.376
13.388
13.399
13.410001
13.421
13.432001
13.442
13.451
13.460001
13.467001
13.473001
13.477
13.479001
13.478001
13.475
13.469001
13.459001
13.445001
13.426001
13.403001
13.375001
13.340001
13.3
13.252001
13.197001
13.134001
13.063001
12.983001
12.894001
12.794001
12.684001
12.563001
12.431001
12.287001
12.13
11.961
11.778001
11.581
11.370001
11.145
10.935
10.790001
10.719001
10.72
10.725
10.73
10.735001
10.740001
10.745001
10.750001
10.754001
10.759001
10.764001
10.768001
10.772
10.776001
10.775001
10.766001
10.747001
10.716001
10.675
10.626
10.568001
10.501
10.426001
10.342001
10.248
10.144
10.031
9.908001
9.776
9.634001
9.482
9.319
9.146001
8.961
8.766001
8.56
8.343
8.114
7.873
7.62
7.356
7.079
6.79
6.489
6.176
5.886
5.661
5.537
5.521
5.517
5.513
5.509
5.505
5.501
5.497
5.493
5.489
5.485
5.481
5.473
5.455
5.424
5.379
5.321
5.251
5.169
5.075
4.97
4.871
4.784
4.714
4.672
4.644
4.625
4.612
4.603
4.583
4.542
4.471
4.364
4.217
4.051
3.871
3.68
3.477
3.263
3.037
2.8
2.551
2.292
2.021
1.739
1.447
1.144
0.831
0.54
0.307
0.179
0.176
0.173
0.17
0.167
0.165
0.162
0.159
0.156
0.153
0.151
0.148
0.145
0.143
0.14
0.138
0.135
0.133
0.13
0.128
0.125
0.123
0.121
0.118
0.116
0.114
0.112
0.11
0.108
0.105
0.103
0.101
0.099
0.097
0.095
0.093
0.092
0.09
0.088
0.086
0.084
0.082
0.081
0.079
0.077
0.075
0.074
0.072
0.07
0.069
0.067
0.066
0.064
0.063
0.061
0.06
0.058
0.057
0.055
0.054
0.053
0.051
0.05
0.049
0.047
0.046
0.045
0.043
0.042
0.041
0.04
0.039
0.037
0.036
0.035
0.034
0.033
0.032
0.031
0.03
0.027
0.022
0.017
0.012
0.007
0.002
-0.002
-0.005
-0.001
0.019
0.053
0.102
0.164
0.239
0.327
0.427
0.54
0.666
0.803
0.953
1.114
1.287
1.471
1.666
1.873
2.089
2.317
2.554
2.725
2.814
2.811
2.808
2.822
2.836
2.85
2.864
2.877
2.89
2.903
2.915
2.927
2.939
2.951
2.963
2.974
2.985
2.996
3.006
3.017
3.027
3.037
3.047
3.056
3.066
3.075
3.084
3.093
3.102
3.11
3.119
3.127
3.135
3.173
3.257
3.354
3.465
3.579
3.693
3.808
3.92
4.033
4.155
4.283
4.423
4.574
4.737
4.91
5.091
5.281
5.48
5.685
5.899
6.118001
6.344
6.576
6.812
7.054
7.299
7.548
7.799
7.999001
8.14
8.209001
8.278001
8.331
8.365001
8.313001
8.261001
8.211
8.162001
8.114
8.067
8.021
7.976
7.932
7.889
7.846
7.805
7.765
7.725
7.686
7.648
7.611001
7.575
7.539001
7.504
7.469
7.432
7.389
7.338
7.277
7.204
7.12
7.026
6.921
6.806
6.681
6.545
6.399
6.242
6.075
5.897
5.708
5.508
5.314
5.133
4.966
4.822
4.742
4.712
4.688
4.665
4.642
4.62
4.598
4.577
4.556
4.535
4.515
4.495
4.471
4.444
4.418
4.388
4.352
4.304
4.244
4.168
4.08
3.979
3.867
3.743
3.608
3.461
3.302
3.132
2.951
2.758
2.554
2.339
2.113
1.876
1.627
1.369
1.099
0.819
0.567
0.37
0.304
0.282
0.261
0.239
0.218
0.198
0.177
0.157
0.137
0.117
0.098
0.079
0.06
0.041
0.023
0.005
-0.013
-0.033
-0.054
-0.079
-0.114
-0.17
-0.249
-0.34
-0.436
-0.527
-0.611
-0.691
-0.766
-0.84
-0.917
-1.001
-1.095
-1.198
-1.305
-1.423
-1.546
-1.674
-1.803
-1.934
-2.064
-2.193
-2.322
-2.45
-2.576
-2.701
-2.824
-2.944
-3.055
-3.156
-3.249
-3.333
-3.412
-3.49
-3.566
-3.641
-3.715
-3.788
-3.86
-3.931
-4.002
-4.071
-4.139
-4.214
-4.305
-4.406
-4.501
-4.594
-4.684
-4.771
-4.854
-4.935
-5.014
-5.092
-5.168
-5.232
-5.292
-5.349
-5.405
-5.459
-5.506
-5.516
-5.479
-5.373
-5.27
-5.168
-5.068
-4.97
-4.875
-4.781
-4.689
-4.599
-4.511
-4.424
-4.339
-4.256
-4.175
-4.095
-4.017
-3.94
-3.865
-3.791
-3.719
-3.648
-3.579
-3.511
-3.445
-3.38
-3.316
-3.253
-3.192
-3.132
-3.073
-3.015
-2.959
-2.903
-2.849
-2.796
-2.743
-2.692
-2.642
-2.593
-2.545
-2.498
-2.452
-2.406
-2.362
-2.318
-2.276
-2.234
-2.193
-2.153
-2.114
-2.075
-2.038
-2.001
-1.964
-1.929
-1.894
-1.86
-1.827
-1.794
-1.762
-1.73
-1.699
-1.669
-1.64
-1.611
-1.582
-1.554
-1.527
-1.5
-1.502
-1.515
-1.536
-1.551
-1.563
-1.573
-1.582
-1.591
-1.601
-1.61
-1.619
-1.627
-1.636
-1.645
-1.653
-1.668
-1.693
-1.736
-1.795
-1.862
-1.933
-2.011
-2.092
-2.191
-2.301
-2.416
-2.536
-2.657
-2.779
-2.901
-3.023
-3.144
-3.263
-3.38
-3.496
-3.611
-3.724
-3.835
-3.945
-4.044
-4.139
-4.232
-4.324
-4.414
-4.503
-4.59
-4.675
-4.76
-4.843
-4.925
-5.007
-5.087
-5.166
-5.244
-5.312
-5.369
-5.416
-5.453
-5.483
-5.503
-5.49
-5.458
-5.407
-5.302
-5.2
-5.099
-5.001
-4.905
-4.81
-4.718
-4.627
-4.538
-4.451
-4.366
-4.282
-4.2
-4.12
-4.041
-3.964
-3.888
-3.814
-3.742
-3.671
-3.601
-3.533
-3.466
-3.4
-3.336
-3.273
-3.211
-3.15
-3.091
-3.033
-2.976
-2.92
-2.866
-2.812
-2.76
-2.708
-2.658
-2.608
-2.56
-2.512
-2.466
-2.42
-2.376
-2.332
-2.289
-2.247
-2.206
-2.165
-2.126
-2.087
-2.049
-2.012
-1.975
-1.94
-1.905
-1.87
-1.837
-1.804
-1.771
-1.74
-1.709
-1.678
-1.648
-1.619
-1.591
-1.563
-1.535
-1.508
-1.482
-1.456
-1.431
-1.406
-1.382
-1.358
-1.334
-1.311
-1.289
-1.267
-1.246
-1.224
-1.204
-1.183
-1.164
-1.144
-1.125
-1.106
-1.088
-1.07
-1.052
-1.035
-1.018
-1.002
-0.986
-0.97
-0.954
-0.939
-0.924
-0.909
-0.895
-0.881
-0.867
-0.853
-0.84
-0.827
-0.814
-0.802
-0.79
-0.778
-0.766
-0.755
-0.743
-0.732
-0.721
-0.711
-0.7
-0.69
-0.68
-0.671
-0.661
-0.652
-0.642
-0.633
-0.625
-0.616
-0.607
-0.599
-0.591
-0.583
-0.575
-0.567
-0.56
-0.553
-0.545
-0.538
-0.531
-0.524
-0.518
-0.511
-0.505
-0.498
-0.492
-0.486
-0.48
-0.474
-0.468
-0.463
-0.457
-0.452
-0.447
-0.442
-0.437
-0.432
-0.427
-0.422
-0.418
-0.413
-0.409
-0.404
-0.4
-0.396
-0.392
-0.388
-0.384
-0.38
-0.376
-0.373
-0.369
-0.366
-0.362
-0.359
-0.355
-0.352
-0.349
-0.346
-0.343
-0.34
-0.337
-0.334
-0.331
-0.328
-0.326
-0.323
-0.318
-0.308
-0.289
-0.261
-0.223
-0.177
-0.122
-0.068
-0.015
0.027
0.058
0.071
0.073
0.075
0.078
0.08
0.081
0.083
0.085
0.087
0.089
0.091
0.093
0.094
0.096
0.098
0.099
0.101
0.102
0.104
0.105
0.107
0.108
0.11
0.111
0.112
0.114
0.115
0.118
0.126
0.147
0.186
0.25
0.329
0.421
0.526
0.643
0.772
0.914
1.067
1.216
1.342
1.418
1.443
1.458
1.473
1.488
1.503
1.517
1.532
1.546
1.56
1.574
1.587
1.601
1.614
1.627
1.64
1.652
1.665
1.677
1.69
1.702
1.713
1.725
1.737
1.748
1.759
1.77
1.761
1.752
1.743
1.742
1.742
1.741
1.74
1.739
1.738
1.738
1.737
1.736
1.735
1.735
1.734
1.733
1.733
1.732
1.732
1.731
1.73
1.73
1.729
1.729
1.728
1.728
1.727
1.727
1.727
1.737
1.763
1.807
1.867
1.942
2.032
2.138
2.258
2.394
2.544
2.709
2.888
3.082
3.29
3.511
3.746
3.994
4.255
4.528
4.814
5.111
5.42
5.74
6.07
6.41
6.759
7.117
7.484
7.787
8.016001
8.143001
8.153001
8.163
8.172
8.182
8.160001
8.139
8.118
8.097
8.076
8.056001
8.036
8.017
7.998
7.988
7.992001
8.013
8.048
8.098001
8.160001
8.235001
8.323
8.423
8.535001
8.658
8.792001
8.936001
9.09
9.254001
9.426001
9.607
9.796
9.991
10.194
10.402
10.616
10.834001
11.057
11.283001
11.512
11.742001
11.974001
12.206
12.438001
12.669001
12.897
13.123001
13.345
13.562
13.774001
13.98
14.178
14.367001
14.548
14.718
14.877001
15.025001
15.159
15.279
15.384001
15.473001
15.546
15.601001
15.637001
15.654
15.651001
15.627001
15.581
15.512001
15.421
15.305
15.165001
15.000001
14.81
14.594001
14.351001
14.083001
13.787001
13.465001
13.116
12.740001
12.337001
11.908001
11.453
10.972
10.466001
10.097
9.926001
9.918
9.909
9.901
9.892
9.884001
9.876
9.868
9.860001
9.852
9.844001
9.835
9.819
9.791
9.751
9.699
9.637
9.564
9.48
9.386001
9.281
9.165
9.039001
8.902
8.753
8.593
8.421
8.237
8.042001
7.834001
7.613
7.381001
7.137001
6.882
6.614
6.334
6.043
5.741
5.428
5.104
4.77
4.425
4.071
3.747
3.432
3.154
2.92
2.785
2.785
2.773
2.719
2.621
2.505
2.374
2.239
2.106
1.98
1.853
1.726
1.598
1.47
1.34
1.21
1.079
0.953
0.827
0.701
0.575
0.479
0.42
0.38
0.347
0.315
0.286
0.261
0.239
0.225
0.211
0.199
0.186
0.199
0.211
0.222
0.232
0.242
0.25
0.258
0.265
0.271
0.277
0.282
0.286
0.289
0.292
0.294
0.295
0.296
0.296
0.295
0.294
0.292
0.29
0.287
0.284
0.28
0.275
0.27
0.264
0.258
0.252
0.244
0.237
0.229
0.221
0.216
0.215
0.222
0.238
0.258
0.278
0.298
0.318
0.337
0.356
0.375
0.393
0.411
0.429
0.446
0.463
0.479
0.495
0.511
0.527
0.542
0.557
0.572
0.587
0.601
0.615
0.629
0.642
0.655
0.668
0.681
0.693
0.705
0.717
0.729
0.741
0.752
0.763
0.774
0.785
0.795
0.806
0.816
0.826
0.835
0.845
0.854
0.863
0.872
0.881
0.89
0.898
0.907
0.915
0.923
0.931
0.939
0.946
0.954
0.961
0.968
0.975
0.982
0.989
0.996
1.002
1.009
1.015
1.021
1.027
1.033
1.039
1.042
1.043
1.044
1.044
1.044
1.044
1.045
1.046
1.051
1.056
1.061
1.067
1.072
1.077
1.082
1.086
1.102
1.117
1.131
1.146
1.16
1.173
1.186
1.193
1.196
1.197
1.199
1.2
1.201
1.209
1.222
1.234
1.246
1.258
1.269
1.281
1.29
1.293
1.28
1.249
1.204
1.145
1.07
0.981
0.877
0.758
0.624
0.476
0.313
0.136
-0.056
-0.262
-0.483
-0.718
-0.967
-1.23
-1.506
-1.796
-2.098
-2.414
-2.742
-3.083
-3.435
-3.798
-4.173
-4.557
-4.952
-5.356
-5.768
-6.188
-6.615
-7.049
-7.488
-7.933001
-8.38
-8.831
-9.284
-9.697001
-10.106001
-10.512
-10.912001
-11.306001
-11.693001
-12.071
-12.440001
-12.798
-13.145
-13.478001
-13.797001
-14.101001
-14.389001
-14.659
-14.910001
-15.141001
-15.315001
-15.403001
-15.392001
-15.365001
-15.35
-15.331
-15.307001
-15.279
-15.249001
-15.221001
-15.195001
-15.171
-15.149001
-15.129001
-15.110001
-15.091001
-15.080001
-15.069
-15.057001
-15.055
-15.057001
-15.059001
-15.058001
-15.052001
-15.042001
-15.027
-15.007001
-14.984001
-14.957001
-14.928
-14.900001
-14.873001
-14.845
-14.816001
-14.788001
-14.763
-14.742001
-14.725
-14.711
-14.705001
-14.696001
-14.688001
-14.68
-14.672001
-14.664001
-14.657001
-14.649001
-14.642001
-14.634001
-14.627001
-14.620001
-14.613001
-14.606001
-14.599001
-14.592001
-14.584001
-14.575001
-14.565001
-14.555
-14.540001
-14.51
-14.468
-14.421
-14.362
-14.292001
-14.214001
-14.132001
-14.047001
-13.961
-13.876
-13.789001
-13.702001
-13.613001
-13.524
-13.434001
-13.344001
-13.261001
-13.187
-13.117001
-13.052001
-12.994
-12.939001
-12.885
-12.831
-12.778001
-12.726001
-12.686001
-12.655001
-12.630001
-12.614
-12.6
-12.59
-12.592001
-12.609
-12.631001
-12.646001
-12.661
-12.786
-12.908001
-13.028001
-13.144001
-13.259001
-13.370001
-13.479001
-13.586
-13.690001
-13.792001
-13.899001
-14.000001
-14.097001
-14.191001
-14.283001
-14.376
-14.463
-14.547001
-14.621
-14.631001
-14.601001
-14.562
-14.524001
-14.487
-14.451
-14.425001
-14.399001
-14.349001
-14.284
-14.210001
-14.134001
-14.059001
-14.003
-13.990001
-13.987
-13.999001
-14.044001
-14.105
-14.179001
-14.258
-14.336
-14.413001
-14.487
-14.56
-14.632001
-14.702001
-14.77
-14.840001
-14.921
-15.000001
-15.072001
-15.143001
-15.212001
-15.280001
-15.346001
-15.411001
-15.474001
-15.536001
-15.596001
-15.655001
-15.712001
-15.685
-15.658001
-15.631001
-15.605
-15.583001
-15.56
-15.537001
-15.515
-15.493001
-15.471001
-15.450001
-15.429001
-15.406001
-15.384001
-15.362
-15.340001
-15.318001
-15.298
-15.277
-15.257001
-15.237
-15.217001
-15.198001
-15.179001
-15.160001
-15.142001
-15.124001
-15.106001
-15.089001
-15.071001
-15.055
-15.038001
-15.022
-15.006001
-14.978001
-14.914001
-14.845
-14.777
-14.710001
-14.643001
-14.578001
-14.514001
-14.450001
-14.387001
-14.325001
-14.265
-14.204
-14.145
-14.095
-14.079
-14.076
-14.073001
-14.070001
-14.068001
-14.065001
-14.063001
-14.061001
-14.052001
-14.012001
-13.958001
-13.902
-13.847001
-13.794001
-13.740001
-13.688001
-13.636001
-13.585001
-13.535001
-13.485001
-13.436001
-13.388
-13.340001
-13.293
-13.247001
-13.201
-13.156001
-13.113001
-13.097001
-13.213
-13.331
-13.441001
-13.540001
-13.635
-13.717001
-13.796
-13.865001
-13.913001
-13.941001
-13.957001
-13.968
-13.978001
-13.987
-13.996
-14.005001
-14.012001
-14.018001
-14.062
-14.129001
-14.212001
-14.300001
-14.395
-14.488001
-14.575001
-14.657001
-14.737
-14.815001
-14.882001
-14.933001
-14.936001
-14.933001
-14.93
-14.964001
-15.036
-15.107
-15.177001
-15.246
-15.313001
-15.378
-15.442
-15.504001
-15.565001
-15.625001
-15.683001
-15.740001
-15.796
-15.85
-15.904
-15.956
-16.007
-16.056002
-16.105001
-16.152
-16.199001
-16.244001
-16.289001
-16.332001
-16.374001
-16.416
-16.456001
-16.421001
-16.386002
-16.352001
-16.319
-16.286001
-16.253
-16.221001
-16.189001
-16.158001
-16.127001
-16.097
-16.067001
-16.032001
-15.993001
-15.947001
-15.889001
-15.822001
-15.744
-15.661001
-15.575001
-15.487
-15.396001
-15.302001
-15.204
-15.103001
-14.996
-14.885001
-14.768001
-14.644001
-14.514001
-14.376
-14.231001
-14.077001
-13.914001
-13.742001
-13.56
-13.366
-13.161
-12.944
-12.716001
-12.475
-12.222
-11.955001
-11.675
-11.381001
-11.073001
-10.751
-10.414001
-10.106001
-9.831
-9.681001
-9.623
-9.593
-9.586
-9.587001
-9.593
-9.599001
-9.604
-9.610001
-9.626
-9.655001
-9.684
-9.712001
-9.739
-9.766001
-9.793
-9.823001
-9.861
-9.909
-9.969001
-10.037001
-10.113001
-10.198001
-10.290001
-10.39
-10.497001
-10.610001
-10.73
-10.855
-10.986
-11.121
-11.26
-11.404
-11.55
-11.699
-11.85
-12.003
-12.156
-12.309001
-12.462001
-12.613001
-12.763
-12.910001
-13.053
-13.192
-13.327001
-13.456
-13.578001
-13.693001
-13.8
-13.898001
-13.987
-14.065001
-14.132001
-14.186001
-14.228001
-14.256001
-14.27
-14.269001
-14.259001
-14.251
-14.249001
-14.248001
-14.246
-14.245001
-14.243001
-14.241001
-14.240001
-14.239
-14.237
-14.236001
-14.234
-14.233001
-14.232
-14.23
-14.229001
-14.228001
-14.227
-14.225
-14.224001
-14.223001
-14.222001
-14.221001
-14.22
-14.219001
-14.218
-14.217001
-14.216001
-14.214001
-14.212001
-14.208001
-14.204
-14.197001
-14.190001
-14.18
-14.168
-14.154
-14.138
-14.119
-14.096001
-14.070001
-14.040001
-14.005001
-13.966001
-13.921
-13.871
-13.811001
-13.737
-13.649001
-13.551001
-13.444
-13.327001
-13.199
-13.06
-12.909
-12.746
-12.571001
-12.382001
-12.181001
-11.966001
-11.736001
-11.492001
-11.234
-10.960001
-10.67
-10.365001
-10.045
-9.708
-9.355
-8.986
-8.601001
-8.200001
-7.783
-7.351
-6.902
-6.439
-5.961
-5.468
-4.961
-4.441
-3.908
-3.362
-2.806
-2.238
-1.661
-1.076
-0.482
0.118
0.724
1.319
1.786
1.968
1.957
1.932
1.906
1.882
1.858
1.834
1.811
1.788
1.766
1.744
1.722
1.701
1.681
1.661
1.641
1.623
1.608
1.602
1.604
1.617
1.641
1.674
1.715
1.756
1.796
1.837
1.878
1.916
1.954
1.995
2.039
2.115
2.214
2.342
2.488
2.647
2.817
2.998
3.19
3.393
3.612
3.861
4.129
4.41
4.7
4.996
5.298
5.607
5.921
6.239
6.562
6.888
7.219
7.552001
7.886
8.22
8.555
8.888
9.22
9.552
9.893001
10.23
10.563001
10.888
11.203
11.507001
11.798
12.075001
12.338
12.584001
12.814001
13.026001
13.202001
13.336
13.397
13.409
13.420001
13.43
13.441001
13.452001
13.462001
13.472001
13.483001
13.493001
13.502001
13.509001
13.511001
13.495001
13.478001
13.463
13.448001
13.433001
13.418
13.404
13.39
13.376
13.363001
13.35
13.334001
13.314001
13.290001
13.261001
13.229001
13.192
13.150001
13.103001
13.051001
12.994
12.93
12.860001
12.784
12.701
12.610001
12.512001
12.406
12.291
12.167001
12.034
11.892
11.739
11.576
11.402
11.217001
11.02
10.812
10.591001
10.377001
10.178
10.037001
9.991
9.977
9.963
9.950001
9.936001
9.923
9.910001
9.898001
9.886001
9.874001
9.862
9.851001
9.839001
9.827001
9.81
9.783
9.745001
9.697001
9.639001
9.572001
9.495001
9.409
9.313001
9.208
9.092
8.966001
8.830001
8.684
8.503
8.288
8.06
7.815001
7.55
7.253
6.933001
6.594
6.243001
5.881
5.508
5.125
4.731
4.327
3.913
3.488
3.054
2.611
2.159
1.699
1.23
0.754
0.271
-0.218
-0.713
-1.213
-1.717
-2.224
-2.733
-3.245
-3.743
-4.205
-4.626
-4.956
-4.924
-4.886
-4.849
-4.762
-4.633
-4.475
-4.301
-4.121
-3.936
-3.75
-3.564
-3.377
-3.192
-2.999
-2.795
-2.581
-2.358
-2.126
-1.886
-1.637
-1.378
-1.111
-0.834
-0.551
-0.26
0.038
0.343
0.654
0.971
1.294
1.613
1.897
2.067
2.129
2.133
2.08
2.027
1.976
1.925
1.875
1.827
1.779
1.733
1.687
1.642
1.598
1.556
1.515
1.476
1.437
1.4
1.363
1.327
1.292
1.257
1.223
1.19
1.157
1.126
1.094
1.062
1.03
0.999
0.968
0.937
0.908
0.878
0.85
0.822
0.794
0.767
0.741
0.715
0.689
0.664
0.64
0.616
0.592
0.569
0.547
0.525
0.503
0.482
0.461
0.44
0.413
0.387
0.361
0.336
0.311
0.287
0.263
0.24
0.217
0.195
0.174
0.153
0.132
0.112
0.092
0.073
0.054
0.036
0.018
0.0
-0.017
-0.034
-0.05
-0.066
-0.082
-0.097
-0.112
-0.127
-0.141
-0.155
-0.169
-0.182
-0.195
-0.208
-0.221
-0.233
-0.245
-0.257
-0.268
-0.279
-0.29
-0.301
-0.311
-0.321
-0.331
-0.341
-0.35
-0.36
-0.369
-0.378
-0.386
-0.395
-0.403
-0.411
-0.419
-0.427
-0.434
-0.442
-0.449
-0.456
-0.463
-0.465
-0.467
-0.467
-0.468
-0.469
-0.47
-0.47
-0.471
-0.472
-0.472
-0.474
-0.477
-0.479
-0.482
-0.484
-0.487
-0.489
-0.492
-0.494
-0.497
-0.499
-0.501
-0.503
-0.505
-0.507
-0.509
-0.511
-0.513
-0.515
-0.517
-0.519
-0.52
-0.522
-0.524
-0.525
-0.527
-0.528
-0.53
-0.531
-0.533
-0.534
-0.536
-0.537
-0.538
-0.54
-0.541
-0.542
-0.543
-0.546
-0.556
-0.579
-0.62
-0.676
-0.746
-0.83
-0.928
-1.039
-1.163
-1.3
-1.449
-1.611
-1.785
-1.971
-2.169
-2.378
-2.597
-2.828
-3.069
-3.32
-3.58
-3.85
-4.129
-4.416
-4.711
-5.013
-5.323
-5.639
-5.961
-6.288
-6.62
-6.957
-7.296
-7.639
-7.983
-8.328
-8.541
-8.592
-8.588
-8.583
-8.579
-8.574
-8.570001
-8.566
-8.562
-8.557
-8.553
-8.549001
-8.545
-8.541
-8.538
-8.539001
-8.554001
-8.581
-8.620001
-8.67
-8.73
-8.801001
-8.882
-8.973001
-9.073
-9.183001
-9.301001
-9.428
-9.562
-9.704
-9.853001
-10.009001
-10.17
-10.338
-10.51
-10.686001
-10.867001
-11.05
-11.236
-11.425
-11.614
-11.804001
-11.994
-12.183001
-12.371
-12.556001
-12.738001
-12.916
-13.089001
-13.257001
-13.419001
-13.573001
-13.719001
-13.856001
-13.983001
-14.1
-14.205001
-14.297001
-14.377001
-14.442
-14.491001
-14.526001
-14.543
-14.543
-14.524001
-14.487
-14.43
-14.374001
-14.353001
-14.349001
-14.346001
-14.342001
-14.338
-14.335001
-14.332001
-14.328001
-14.325001
-14.322001
-14.318001
-14.315001
-14.312
-14.309001
-14.306001
-14.303
-14.300001
-14.297001
-14.294001
-14.291
-14.288001
-14.286
-14.283001
-14.280001
-14.278001
-14.275001
-14.272
-14.27
-14.267001
-14.265
-14.262001
-14.26
-14.256001
-14.252001
-14.244
-14.234
-14.221001
-14.207001
-14.189001
-14.169001
-14.145
-14.118001
-14.088
-14.054001
-14.015
-13.972001
-13.923
-13.869
-13.81
-13.744
-13.672001
-13.592001
-13.505001
-13.410001
-13.306001
-13.193001
-13.072001
-12.940001
-12.797001
-12.644001
-12.48
-12.304001
-12.116
-11.916
-11.702001
-11.476001
-11.236
-10.981001
-10.713
-10.43
-10.133
-9.820001
-9.493
-9.195001
-8.987
-8.933001
-8.932
-8.931001
-8.93
-8.93
-8.929001
-8.928
-8.927
-8.926001
-8.925
-8.925
-8.924001
-8.923
-8.922001
-8.922001
-8.921
-8.92
-8.92
-8.918
-8.911
-8.894
-8.865001
-8.824
-8.772
-8.71
-8.637
-8.554001
-8.432
-8.287001
-8.118
-7.924
-7.712
-7.479001
-7.23
-6.954
-6.655
-6.332
-5.993001
-5.634
-5.26
-4.874
-4.475
-4.064
-3.643
-3.211
-2.769
-2.32
-1.864
-1.4
-0.931
-0.456
0.024
0.509
0.998
1.489
1.984
2.48
2.977
3.468
3.933
4.358
4.748
5.018
5.139
5.079
5.014
4.951
4.889
4.828
4.768
4.709
4.652
4.596
4.541
4.486
4.417
4.316
4.202
4.076
3.943
3.794
3.64
3.486
3.332
3.178
3.026
2.874
2.723
2.574
2.426
2.281
2.138
1.996
1.856
1.719
1.583
-1.596
-1.69
-1.783
-1.876
-1.969
-2.064
-2.158
-2.253
-2.346
-2.438
-2.529
-2.619
-2.702
-2.777
-2.83
-2.853
-2.814
-2.744
-2.674
-2.605
-2.535
-2.464
-2.393
-2.324
-2.256
-2.189
-2.123
-2.058
-1.994
-1.932
-1.87
-1.81
-1.75
-1.692
-1.634
-1.578
-1.522
-1.467
-1.414
-1.361
-1.309
-1.258
-1.208
-1.158
-1.11
-1.062
-1.015
-0.969
-0.923
-0.879
-0.835
-0.792
-0.749
-0.707
-0.666
-0.626
-0.586
-0.547
-0.509
-0.471
-0.434
-0.397
-0.361
-0.326
-0.291
-0.257
-0.224
-0.191
-0.158
-0.126
-0.095
-0.064
-0.033
-0.003
0.026
0.055
0.084
0.112
0.139
0.166
0.193
0.219
0.245
0.271
0.296
0.32
0.345
0.368
0.392
0.415
0.438
0.46
0.482
0.503
0.523
0.541
0.557
0.571
0.584
0.597
0.609
0.621
0.633
0.645
0.657
0.668
0.679
0.691
0.705
0.721
0.739
0.756
0.773
0.79
0.806
0.823
0.826
0.799
0.738
0.662
0.571
0.47
0.362
0.258
0.15
0.043
-0.071
-0.187
-0.305
-0.423
-0.542
-0.662
-0.783
-0.905
-1.008
-1.092
-1.162
-1.2
-1.213
-1.204
-1.199
-1.198
-1.202
-1.211
-1.236
-1.227
-1.182
-1.082
-0.966
-0.849
-0.732
-0.615
-0.501
-0.387
-0.275
-0.168
-0.077
0.008
0.089
0.17
0.249
0.328
0.405
0.481
0.557
0.631
0.708
0.789
0.878
0.972
1.066
1.16
1.252
1.343
1.433
1.508
1.571
1.609
1.627
1.62
1.603
1.586
1.57
1.554
1.538
1.523
1.508
1.493
1.479
1.464
1.451
1.437
1.422
1.365
1.297
1.221
1.144
1.065
0.987
0.911
0.836
0.764
0.694
0.624
0.555
0.486
0.417
0.349
0.281
0.212
0.141
0.071
0.002
-0.064
-0.129
-0.193
-0.257
-0.319
-0.381
-0.441
-0.478
-0.503
-0.498
-0.473
-0.449
-0.425
-0.402
-0.378
-0.356
-0.334
-0.313
-0.293
-0.274
-0.257
-0.244
-0.234
-0.23
-0.23
-0.234
-0.241
-0.252
-0.266
-0.284
-0.306
-0.33
-0.358
-0.359
-0.344
-0.329
-0.315
-0.301
-0.287
-0.273
-0.26
-0.247
-0.234
-0.221
-0.209
-0.197
-0.185
-0.174
-0.168
-0.169
-0.185
-0.214
-0.256
-0.309
-0.373
-0.449
-0.537
-0.635
-0.745
-0.866
-0.998
-1.141
-1.295
-1.459
-1.633
-1.818
-2.012
-2.216
-2.43
-2.653
-2.886
-3.127
-3.376
-3.634
-3.899
-4.172
-4.451
-4.737
-5.029
-5.327
-5.63
-5.937
-6.248
-6.562
-6.879
-7.198
-7.517
-7.838
-8.158
-8.443001
-8.655001
-8.715
-8.722
-8.73
-8.737
-8.744
-8.751
-8.759001
-8.772
-8.797001
-8.831
-8.874001
-8.926001
-8.987
-9.057
-9.134001
-9.22
-9.313001
-9.414001
-9.521001
-9.636001
-9.756001
-9.883
-10.015
-10.152
-10.294001
-10.440001
-10.589001
-10.742001
-10.897
-11.054001
-11.213
-11.372001
-11.532001
-11.691001
-11.849001
-12.004001
-12.158001
-12.308001
-12.454
-12.595
-12.731001
-12.860001
-12.983001
-13.097001
-13.202001
-13.299001
-13.384001
-13.459001
-13.521001
-13.571001
-13.607
-13.629001
-13.636001
-13.627001
-13.601001
-13.558001
-13.496
-13.416
-13.317
-13.198001
-13.058001
-12.898001
-12.716001
-12.512001
-12.286
-12.037001
-11.766001
-11.472
-11.236
-11.133
-11.139001
-11.145
-11.151001
-11.156
-11.162001
-11.168
-11.173
-11.178
-11.184001
-11.188001
-11.189
-11.179001
-11.162001
-11.136001
-11.103001
-11.061001
-11.012
-10.954
-10.889001
-10.814
-10.732
-10.64
-10.540001
-10.43
-10.312
-10.183001
-10.045
-9.897
-9.739
-9.571
-9.391001
-9.201
-8.986
-8.737
-8.463
-8.164001
-7.833
-7.468
-7.075
-6.661
-6.228
-5.778
-5.31
-4.831
-4.341
-3.84
-3.331
-2.813
-2.288
-1.864
-1.534
-1.34
-1.27
-1.269
-1.3
-1.331
-1.36
-1.389
-1.418
-1.446
-1.473
-1.5
-1.526
-1.551
-1.576
-1.6
-1.624
-1.651
-1.683
-1.72
-1.755
-1.79
-1.813
-1.767
-1.675
-1.542
-1.401
-1.256
-1.108
-0.96
-0.813
-0.667
-0.523
-0.38
-0.24
-0.101
0.036
0.171
0.304
0.435
0.565
0.693
0.819
0.943
1.048
1.124
1.153
1.107
1.017
0.929
0.842
0.757
0.674
0.592
0.512
0.434
0.357
0.285
0.224
0.165
0.108
0.052
-0.004
-0.058
-0.111
-0.162
-0.213
-0.263
-0.312
-0.359
-0.406
-0.452
-0.496
-0.54
-0.583
-0.625
-0.666
-0.707
-0.746
-0.785
-0.823
-0.828
-0.771
-0.687
-0.586
-0.479
-0.372
-0.265
-0.16
-0.056
0.047
0.148
0.247
0.34
0.4
0.438
0.456
0.465
0.463
0.457
0.448
0.435
0.423
0.411
0.398
0.385
0.369
0.354
0.337
0.308
0.27
0.223
0.152
0.082
0.014
-0.054
-0.12
-0.184
-0.248
-0.31
-0.371
-0.431
-0.49
-0.546
-0.597
-0.607
-0.602
-0.588
-0.564
-0.534
-0.492
-0.443
-0.394
-0.344
-0.291
-0.227
-0.158
-0.088
-0.019
0.048
0.12
0.2
0.294
0.392
0.49
0.587
0.685
0.786
0.891
0.996
1.101
1.206
1.309
1.41
1.511
1.61
1.707
1.804
1.899
1.967
2.014
2.028
2.023
2.008
1.974
1.914
1.812
1.716
1.625
1.54
1.456
1.374
1.294
1.215
1.138
1.062
0.988
0.916
0.844
0.775
0.703
0.628
0.548
0.47
0.394
0.319
0.245
0.173
0.102
0.032
-0.036
-0.103
-0.168
-0.233
-0.296
-0.358
-0.419
-0.478
-0.537
-0.594
-0.65
-0.706
-0.76
-0.813
-0.865
-0.916
-0.967
-1.016
-1.064
-1.112
-1.158
-1.204
-1.231
-1.243
-1.24
-1.225
-1.203
-1.178
-1.145
-1.105
-1.058
-1.003
-0.944
-0.887
-0.83
-0.77
-0.707
-0.639
-0.596
-0.581
-0.588
-0.622
-0.678
-0.733
-0.787
-0.84
-0.892
-0.943
-0.988
-1.027
-1.083
-1.134
-1.184
-1.233
-1.28
-1.326
-1.372
-1.416
-1.459
-1.516
-1.584
-1.655
-1.724
-1.791
-1.857
-1.922
-1.985
-2.047
-2.107
-2.166
-2.223
-2.28
-2.335
-2.388
-2.441
-2.492
-2.543
-2.592
-2.64
-2.687
-2.7
-2.659
-2.532
-2.367
-2.153
-1.914
-1.643
-1.359
-1.08
-0.806
-0.536
-0.272
-0.014
0.238
0.484
0.725
0.962
1.194
1.417
1.628
1.824
2.003
2.166
2.317
2.462
2.604
2.742
2.848
2.941
3.023
3.1
3.123
3.143
3.152
3.143
3.11
3.062
3.003
2.933
2.854
2.726
2.601
2.479
2.359
2.242
2.126
2.014
1.903
1.794
1.687
1.583
1.481
1.38
1.282
1.185
1.091
0.998
0.907
0.818
0.732
0.652
0.579
0.509
0.441
0.374
0.309
0.233
0.158
0.084
0.011
-0.06
-0.129
-0.198
-0.265
-0.33
-0.395
-0.458
-0.52
-0.58
-0.64
-0.698
-0.755
-0.811
-0.866
-0.92
-0.972
-1.024
-1.075
-1.125
-1.173
-1.221
-1.268
-1.314
-1.359
-1.403
-1.447
-1.489
-1.531
-1.571
-1.611
-1.651
-1.689
-1.727
-1.764
-1.8
-1.836
-1.87
-1.905
-1.938
-1.971
-2.003
-2.035
-2.066
-2.096
-2.126
-2.155
-2.183
-2.211
-2.239
-2.266
-2.292
-2.276
-2.238
-2.188
-2.133
-2.078
-2.023
-1.969
-1.914
-1.859
-1.804
-1.75
-1.696
-1.646
-1.601
-1.563
-1.534
-1.513
-1.5
-1.494
-1.495
-1.5
-1.494
-1.467
-1.421
-1.375
-1.331
-1.286
-1.243
-1.2
-1.157
-1.115
-1.074
-1.033
-0.993
-0.953
-0.914
-0.876
-0.838
-0.8
-0.763
-0.726
-0.69
-0.654
-0.62
-0.592
-0.575
-0.576
-0.607
-0.66
-0.736
-0.835
-0.952
-1.094
-1.28
-1.477
-1.683
-1.899
-2.125
-2.36
-2.604
-2.856
-3.117
-3.386
-3.663
-3.947
-4.238
-4.535
-4.838
-5.146
-5.462
-5.798
-6.156
-6.521
-6.891
-7.26
-7.627
-7.993001
-8.354
-8.71
-9.059
-9.400001
-9.732
-10.054001
-10.365001
-10.664001
-10.950001
-11.221001
-11.476001
-11.715
-11.936001
-12.138
-12.318001
-12.476001
-12.612
-12.725
-12.820001
-12.901001
-12.964001
-13.01
-13.037001
-13.055
-13.070001
-13.192
-13.311001
-13.428
-13.542001
-13.653001
-13.762001
-13.868001
-13.972001
-14.074
-14.173
-14.271001
-14.366001
-14.458001
-14.549001
-14.638
-14.726001
-14.812
-14.896001
-14.979001
-15.06
-15.14
-15.217001
-15.291
-15.363001
-15.432001
-15.497001
-15.562
-15.627001
-15.693001
-15.756001
-15.819001
-15.880001
-15.939001
-15.998001
-16.054001
-16.110001
-16.164001
-16.218
-16.27
-16.320002
-16.370001
-16.418001
-16.466002
-16.512001
-16.558001
-16.602001
-16.645
-16.688002
-16.729
-16.769001
-16.809
-16.847
-16.885
-16.922001
-16.958
-16.993
-17.028
-17.062
-17.095001
-17.127001
-17.158001
-17.119001
-17.081001
-17.043001
-17.006001
-16.969
-16.933001
-16.897001
-16.862001
-16.827002
-16.793001
-16.759001
-16.726002
-16.693001
-16.66
-16.628
-16.596001
-16.565001
-16.534
-16.504002
-16.473001
-16.444
-16.415001
-16.386002
-16.357
-16.328001
-16.300001
-16.271
-16.241001
-16.212
-16.181002
-16.149
-16.117001
-16.082001
-16.046001
-16.007
-15.965001
-15.920001
-15.872001
-15.819001
-15.762001
-15.700001
-15.632001
-15.558001
-15.478001
-15.39
-15.295001
-15.191001
-15.079
-14.957001
-14.825001
-14.682001
-14.557001
-14.522
-14.505001
-14.488001
-14.471001
-14.441001
-14.375001
-14.283001
-14.165001
-14.029
-13.859
-13.633
-13.386001
-13.119
-12.756001
-12.393001
-12.030001
-11.666
-11.301001
-10.934001
-10.566001
-10.196
-9.825001
-9.450001
-9.074
-8.694
-8.312
-7.927001
-7.538001
-7.147
-6.753
-6.355
-5.954
-5.55
-5.143
-4.733
-4.32
-3.904
-3.357
-2.806
-2.283
-1.788
-1.301
-0.815
-0.332
0.141
0.596
1.021
1.403
1.706
2.002
2.231
2.385
2.454
2.475
2.427
2.266
2.003
1.709
1.421
1.14
0.865
0.596
0.334
0.077
-0.174
-0.419
-0.659
-0.893
-1.121
-1.329
-1.508
-1.674
-1.826
-1.969
-2.102
-2.22
-2.32
-2.406
-2.477
-2.532
-2.571
-2.594
-2.6
-2.59
-2.564
-2.522
-2.463
-2.388
-2.297
-2.189
-2.065
-1.924
-1.767
-1.679
-1.656
-1.765
-1.872
-1.977
-2.037
-2.096
-2.154
-2.211
-2.266
-2.321
-2.374
-2.427
-2.478
-2.528
-2.578
-2.626
-2.673
-2.72
-2.765
-2.81
-2.854
-2.894
-2.927
-2.954
-2.975
-2.991
-3.002
-3.007
-3.006
-2.993
-2.971
-2.934
-2.882
-2.818
-2.742
-2.652
-2.55
-2.436
-2.309
-2.17
-2.019
-1.856
-1.68
-1.494
-1.295
-1.085
-0.864
-0.66
-0.519
-0.46
-0.486
-0.511
-0.535
-0.559
-0.583
-0.606
-0.629
-0.651
-0.673
-0.694
-0.715
-0.735
-0.755
-0.775
-0.794
-0.813
-0.831
-0.849
-0.867
-0.884
-0.898
-0.91
-0.921
-0.93
-0.94
-0.951
-0.981
-1.029
-1.08
-1.132
-1.186
-1.255
-1.329
-1.402
-1.474
-1.545
-1.615
-1.686
-1.758
-1.836
-1.917
-1.999
-2.081
-2.162
-2.243
-2.324
-2.403
-2.48
-2.559
-2.643
-2.73
-2.819
-2.908
-2.994
-3.08
-3.165
-3.248
-3.331
-3.412
-3.493
-3.572
-3.65
-3.727
-3.802
-3.877
-3.953
-4.028
-4.102
-4.175
-4.247
-4.317
-4.387
-4.457
-4.525
-4.592
-4.658
-4.724
-4.788
-4.852
-4.915
-4.977
-5.038
-5.099
-5.158
-5.217
-5.275
-5.332
-5.378
-5.406
-5.405
-5.384
-5.342
-5.269
-5.198
-5.127
-5.059
-4.996
-4.934
-4.874
-4.816
-4.758
-4.704
-4.659
-4.632
-4.619
-4.622
-4.638
-4.669
-4.715
-4.775
-4.849
-4.938
-5.041
-5.158
-5.289
-5.434
-5.592
-5.764
-5.949
-6.146
-6.356
-6.578001
-6.812
-7.058001
-7.314
-7.581
-7.857
-8.143001
-8.438001
-8.741
-9.052
-9.370001
-9.694
-10.023001
-10.357
-10.695001
-11.035001
-11.378
-11.721001
-12.065001
-12.408001
-12.748
-13.086
-13.419001
-13.747001
-14.068001
-14.381001
-14.685
-14.979001
-15.262001
-15.531001
-15.786001
-16.026001
-16.249001
-16.454
-16.640001
-16.788
-16.787001
-16.747002
-16.707001
-16.668001
-16.629002
-16.59
-16.553001
-16.515001
-16.479
-16.442001
-16.407001
-16.372002
-16.338001
-16.307001
-16.281
-16.258001
-16.239
-16.223001
-16.209002
-16.198
-16.189001
-16.181002
-16.175001
-16.17
-16.163
-16.146
-16.118
-16.091002
-16.063002
-16.036001
-16.01
-15.983001
-15.957001
-15.932001
-15.907001
-15.882001
-15.859001
-15.839001
-15.821001
-15.805
-15.791
-15.779
-15.768001
-15.758
-15.749001
-15.740001
-15.732
-15.723001
-15.713
-15.701001
-15.688001
-15.673
-15.655001
-15.634001
-15.608001
-15.582001
-15.559001
-15.542001
-15.525001
-15.507001
-15.491001
-15.474001
-15.458001
-15.442
-15.426001
-15.410001
-15.394001
-15.379001
-15.364
-15.349001
-15.334001
-15.320001
-15.305
-15.291
-15.277
-15.264001
-15.250001
-15.237
-15.223001
-15.210001
-15.197001
-15.185
-15.172001
-15.160001
-15.148001
-15.135001
-15.123001
-15.110001
-15.097001
-15.085001
-15.072001
-15.06
-15.046
-15.026001
-14.997001
-14.962001
-14.921
-14.877001
-14.833001
-14.787001
-14.741001
-14.696001
-14.651001
-14.602
-14.552001
-14.502001
-14.453001
-14.405001
-14.357
-14.308001
-14.26
-14.211
-14.164001
-14.117001
-14.071001
-14.043
-14.025001
-14.018001
-14.018001
-14.022
-14.025001
-14.029
-14.032001
-14.035001
-14.039001
-14.042001
-14.045001
-14.048
-14.051001
-14.054001
-14.057001
-14.062
-14.068001
-14.077001
-14.088
-14.1
-14.113001
-14.127001
-14.141001
-14.156001
-14.170001
-14.183001
-14.195001
-14.206
-14.214001
-14.22
-14.223001
-14.222001
-14.217001
-14.207001
-14.192
-14.171
-14.144001
-14.109
-14.067
-14.017
-13.958001
-13.89
-13.811001
-13.723001
-13.623001
-13.511001
-13.387001
-13.250001
-13.1
-12.936001
-12.758
-12.565001
-12.357
-12.133
-11.893001
-11.637
-11.365001
-11.075001
-10.769
-10.445001
-10.103001
-9.805
-9.663
-9.653001
-9.642
-9.632001
-9.622001
-9.612
-9.603001
-9.593
-9.584001
-9.575001
-9.566
-9.558001
-9.549001
-9.537001
-9.514001
-9.48
-9.435
-9.381001
-9.317
-9.242001
-9.158
-9.064
-8.96
-8.845
-8.72
-8.585
-8.439
-8.282001
-8.115001
-7.936
-7.747
-7.547
-7.335001
-7.112
-6.877
-6.631001
-6.374
-6.104
-5.823
-5.53
-5.226
-4.91
-4.582
-4.242
-3.891
-3.529
-3.156
-2.772
-2.377
-1.972
-1.557
-1.132
-0.698
-0.255
0.196
0.654
0.973
1.061
1.066
1.07
1.075
1.079
1.083
1.087
1.091
1.095
1.099
1.103
1.107
1.111
1.114
1.118
1.117
1.105
1.073
1.032
0.982
0.926
0.865
0.797
0.718
0.634
0.537
0.438
0.338
0.237
0.134
0.028
-0.079
-0.191
-0.304
-0.414
-0.521
-0.625
-0.727
-0.827
-0.923
-1.018
-1.111
-1.203
-1.259
-1.291
-1.276
-1.227
-1.179
-1.132
-1.085
-1.04
-0.996
-0.952
-0.909
-0.866
-0.823
-0.782
-0.741
-0.701
-0.661
-0.623
-0.585
-0.548
-0.512
-0.476
-0.441
-0.407
-0.374
-0.341
-0.309
-0.277
-0.246
-0.216
-0.186
-0.157
-0.128
-0.1
-0.073
-0.046
-0.02
0.003
0.037
0.075
0.114
0.152
0.19
0.228
0.265
0.301
0.337
0.373
0.391
0.408
0.426
0.443
0.459
0.476
0.492
0.507
0.523
0.538
0.552
0.567
0.581
0.595
0.609
0.622
0.635
0.648
0.661
0.673
0.685
0.697
0.709
0.72
0.731
0.742
0.741
0.737
0.733
0.73
0.726
0.723
0.72
0.716
0.713
0.71
0.706
0.703
0.7
0.697
0.694
0.691
0.688
0.685
0.682
0.679
0.677
0.674
0.671
0.67
0.668
0.667
0.666
0.665
0.663
0.662
0.661
0.66
0.683
0.705
0.727
0.749
0.77
0.79
0.811
0.83
0.849
0.868
0.886
0.904
0.922
0.939
0.956
0.972
0.988
1.004
1.019
1.034
1.048
1.063
1.031
0.949
0.825
0.69
0.533
0.357
0.176
-0.026
-0.24
-0.484
-0.752
-1.027
-1.306
-1.583
-1.862
-2.141
-2.42
-2.692
-2.959
-3.223
-3.485
-3.741
-3.995
-4.249
-4.504
-4.766
-5.036
-5.325
-5.627
-5.946
-6.119
-6.303
-6.496
-6.698
-6.908
-7.126
-7.351
-7.582
-7.819
-8.061001
-8.307
-8.558001
-8.811001
-9.067
-9.325001
-9.583
-9.842
-10.1
-10.357
-10.612
-10.862
-11.105
-11.342001
-11.571
-11.790001
-12.000001
-12.200001
-12.387001
-12.562
-12.724001
-12.839001
-12.885
-12.888
-12.89
-12.902
-12.920001
-12.93
-12.906
-12.836
-12.694
-12.554001
-12.417001
-12.284
-12.153001
-12.064
-11.952001
-11.821
-11.673
-11.513
-11.351001
-11.191001
-11.033001
-10.875001
-10.714001
-10.548
-10.377001
-10.200001
-10.019
-9.831
-9.638
-9.439
-9.233001
-9.02
-8.8
-8.572001
-8.337001
-8.094001
-7.842
-7.582
-7.311
-7.021
-6.719
-6.408
-6.087
-5.756
-5.417
-5.069
-4.712
-4.346
-4.003
-3.672
-3.359
-3.062
-2.739
-2.406
-2.196
-2.128
-2.073
-2.02
-1.968
-1.916
-1.866
-1.818
-1.77
-1.723
-1.678
-1.633
-1.589
-1.547
-1.505
-1.464
-1.425
-1.386
-1.348
-1.311
-1.274
-1.239
-1.204
-1.17
-1.137
-1.105
-1.073
-1.042
-1.012
-0.982
-0.953
-0.925
-0.897
-0.869
-0.837
-0.794
-0.736
-0.66
-0.571
-0.467
-0.348
-0.237
-0.158
-0.117
-0.094
-0.072
-0.05
-0.028
-0.007
0.014
0.034
0.054
0.073
0.092
0.11
0.128
0.146
0.163
0.18
0.203
0.241
0.297
0.369
0.451
0.548
0.659
0.785
0.924
1.077
1.243
1.423
1.615
1.819
2.036
2.264
2.504
2.755
3.016
3.288
3.449
3.473
3.474
3.476
3.478
3.479
3.48
3.482
3.483
3.484
3.485
3.487
3.488
3.489
3.489
3.49
3.491
3.492
3.493
3.493
3.494
3.495
3.495
3.496
3.496
3.497
3.497
3.497
3.498
3.498
3.498
3.498
3.499
3.499
3.499
3.499
3.499
3.499
3.499
3.499
3.499
3.499
3.499
3.499
3.499
3.498
3.498
3.498
3.498
3.498
3.497
3.497
3.489
3.441
3.38
3.308
3.23
3.136
3.024
2.888
2.725
2.539
2.33
2.104
1.862
1.609
1.345
1.07
0.785
0.491
0.188
-0.124
-0.444
-0.772
-1.108
-1.451
-1.757
-1.965
-2.089
-2.167
-2.213
-2.2
-2.14
-2.082
-2.024
-1.968
-1.913
-1.858
-1.805
-1.753
-1.702
-1.64
-1.58
-1.521
-1.461
-1.379
-1.255
-1.062
-0.835
-0.589
-0.332
-0.065
0.216
0.512
0.828
1.162
1.507
1.86
2.222
2.593
2.971
3.357
3.75
4.154
4.564
4.981
5.41
5.852
6.301
6.757
7.214
7.673
8.131001
8.589001
9.045
9.498
9.948001
10.393001
10.834001
11.268001
11.694
12.112
12.519001
12.915001
13.298
13.667001
14.022
14.360001
14.657001
14.892001
15.053
15.125001
15.195001
15.263
15.330001
15.392001
15.444001
15.490001
15.519001
15.521001
15.497001
15.473001
15.396001
15.320001
15.245001
15.172001
15.098001
15.019001
14.934001
14.842001
14.744
14.650001
14.539001
14.401001
14.251
14.090001
13.918
13.731001
13.532001
13.318001
13.087001
12.837001
12.568001
12.272
11.949
11.609
11.252001
10.883
10.496
10.093
9.676001
9.245001
8.804001
8.352
7.887001
7.411
6.926
6.43
5.924
5.409
4.885
4.353
3.812
3.264
2.71
2.149
1.583
1.012
0.437
-0.14
-0.718
-1.298
-1.877
-2.454
-3.029
-3.6
-4.16
-4.703
-5.214
-5.708
-6.187
-6.654
-7.113
-7.561
-8.0
-8.429001
-8.849
-9.259001
-9.577001
-9.737
-9.829
-9.88
-9.892
-9.903001
-9.913
-9.912001
-9.896001
-9.860001
-9.824
-9.789001
-9.754001
-9.721001
-9.688001
-9.656
-9.625
-9.581
-9.489
-9.379001
-9.26
-9.141001
-9.024
-8.909
-8.795
-8.700001
-8.628
-8.575001
-8.531
-8.489
-8.444
-8.393001
-8.341001
-8.291
-8.248
-8.214001
-8.182
-8.150001
-8.120001
-8.092
-8.064
-8.039001
-8.014
-7.992001
-7.97
-7.951
-7.934
-7.939001
-7.961
-8.0
-8.05
-8.116
-8.199
-8.3
-8.418
-8.554001
-8.705001
-8.865001
-9.016001
-9.150001
-9.26
-9.347
-9.418
-9.479
-9.533
-9.581
-9.622001
-9.664001
-9.709001
-9.756001
-9.808001
-9.875
-9.946
-10.027
-10.120001
-10.211
-10.294001
-10.365001
-10.400001
-10.416
-10.412001
-10.398001
-10.383
-10.370001
-10.356001
-10.345
-10.339001
-10.34
-10.348001
-10.362
-10.383
-10.410001
-10.443001
-10.482
-10.527
-10.578
-10.634001
-10.695001
-10.761001
-10.831
-10.906
-10.984
-11.066001
-11.151001
-11.238001
-11.330001
-11.423
-11.518001
-11.613001
-11.709001
-11.804001
-11.899
-11.992001
-12.083
-12.171
-12.256001
-12.336
-12.412001
-12.482
-12.545001
-12.602
-12.651001
-12.692
-12.724001
-12.746
-12.757001
-12.761001
-12.765
-12.774
-12.779
-12.776001
-12.768001
-12.757001
-12.747001
-12.736001
-12.725
-12.714001
-12.702001
-12.691001
-12.675
-12.654
-12.629001
-12.598001
-12.563001
-12.517
-12.459001
-12.387001
-12.297001
-12.201
-12.102
-12.005
-11.910001
-11.815001
-11.738001
-11.672001
-11.620001
-11.584001
-11.559001
-11.538
-11.519001
-11.500001
-11.481001
-11.463
-11.445001
-11.427001
-11.410001
-11.393001
-11.384001
-11.381001
-11.383
-11.396001
-11.425
-11.462001
-11.497001
-11.519001
-11.529
-11.530001
-11.523001
-11.511001
-11.500001
-11.489
-11.476001
-11.462001
-11.440001
-11.416
-11.389001
-11.360001
-11.332001
-11.304001
-11.277
-11.250001
-11.223001
-11.197001
-11.171
-11.145
-11.120001
-11.095
-11.070001
-11.046
-11.038
-11.042001
-11.066001
-11.102
-11.138
-11.171
-11.202001
-11.23
-11.255
-11.278001
-11.299001
-11.316001
-11.331
-11.342001
-11.359
-11.386001
-11.422001
-11.460001
-11.498
-11.535001
-11.571
-11.607
-11.642
-11.677001
-11.712001
-11.746
-11.779
-11.81
-11.838
-11.864
-11.886001
-11.906
-11.923
-11.938001
-11.949
-11.957001
-11.962001
-11.963
-11.961
-11.954
-11.943001
-11.928
-11.906
-11.879001
-11.846001
-11.805
-11.755
-11.693001
-11.629001
-11.559001
-11.484
-11.408001
-11.334001
-11.261001
-11.191001
-11.125001
-11.06
-10.997001
-10.935
-10.874001
-10.813001
-10.754001
-10.693001
-10.631001
-10.570001
-10.508
-10.447001
-10.385
-10.323001
-10.261001
-10.198001
-10.136001
-10.073001
-10.01
-9.940001
-9.853001
-9.741
-9.615001
-9.478001
-9.327001
-9.163
-8.987
-8.799001
-8.598001
-8.453
-8.418
-8.444
-8.47
-8.495001
-8.52
-8.545
-8.569
-8.593
-8.616
-8.639
-8.662001
-8.684
-8.707001
-8.728001
-8.757
-8.796
-8.851001
-8.913
-8.976001
-9.039001
-9.101001
-9.156
-9.198001
-9.233001
-9.257
-9.268001
-9.280001
-9.291
-9.302
-9.313001
-9.324
-9.335
-9.346001
-9.356001
-9.364
-9.364
-9.355
-9.336
-9.309
-9.273001
-9.228001
-9.174001
-9.112
-9.04
-8.959001
-8.869
-8.77
-8.661
-8.542001
-8.413
-8.274
-8.125
-7.966001
-7.795001
-7.614
-7.422
-7.219
-7.004
-6.779
-6.541
-6.292
-6.031
-5.759
-5.474
-5.178
-4.87
-4.55
-4.219
-3.876
-3.521
-3.155
-2.779
-2.391
-1.993
-1.584
-1.166
-0.739
-0.303
0.033
0.221
0.286
0.288
0.29
0.292
0.294
0.296
0.298
0.3
0.302
0.304
0.306
0.308
0.311
0.32
0.341
0.379
0.429
0.492
0.584
0.702
0.835
0.98
1.136
1.304
1.482
1.628
1.723
1.728
1.724
1.721
1.717
1.714
1.711
1.708
1.705
1.702
1.699
1.696
1.693
1.691
1.688
1.685
1.683
1.68
1.678
1.675
1.673
1.671
1.668
1.665
1.66
1.655
1.649
1.642
1.634
1.627
1.619
1.612
1.604
1.597
1.59
1.583
1.576
1.569
1.562
1.555
1.549
1.542
1.536
1.532
1.532
1.532
1.532
1.532
1.532
1.532
1.532
1.532
1.532
1.532
1.532
1.532
1.532
1.532
1.532
1.532
1.533
1.533
1.533
1.533
1.533
1.533
1.533
1.534
1.534
1.534
1.534
1.531
1.518
1.489
1.447
1.393
1.326
1.246
1.155
1.051
0.935
0.807
0.668
0.517
0.436
0.406
0.406
0.405
0.405
0.404
0.404
0.403
0.403
0.402
0.402
0.401
0.401
0.4
0.4
0.4
0.399
0.399
0.399
0.398
0.398
0.397
0.397
0.397
0.396
0.396
0.396
0.396
0.395
0.395
0.395
0.394
0.394
0.394
0.394
0.393
0.393
0.393
0.393
0.393
0.392
0.392
0.392
0.392
0.392
0.391
0.391
0.391
0.39
0.39
0.389
0.389
0.389
0.388
0.387
0.387
0.386
0.385
0.385
0.384
0.383
0.382
0.381
0.38
0.379
0.378
0.377
0.376
0.375
0.374
0.372
0.371
0.37
0.368
0.367
0.366
0.364
0.363
0.362
0.361
0.359
0.358
0.357
0.356
0.355
0.354
0.352
0.351
0.35
0.35
0.35
0.35
0.351
0.351
0.352
0.352
0.353
0.353
0.353
0.354
0.354
0.355
0.355
0.355
0.356
0.356
0.356
0.357
0.357
0.358
0.358
0.358
0.359
0.359
0.359
0.36
0.36
0.36
0.361
0.361
0.361
0.362
0.362
0.362
0.362
0.363
0.368
0.374
0.379
0.384
0.389
0.394
0.399
0.406
0.413
0.42
0.426
0.433
0.439
0.445
0.452
0.458
0.464
0.47
0.474
0.477
0.479
0.481
0.484
0.486
0.488
0.491
0.496
0.504
0.511
0.519
0.526
0.534
0.541
0.548
0.555
0.562
0.568
0.575
0.582
0.588
0.594
0.601
0.607
0.613
0.619
0.625
0.631
0.637
0.643
0.649
0.654
0.66
0.665
0.671
0.68
0.695
0.713
0.736
0.76
0.787
0.816
0.85
0.894
0.95
1.01
1.072
1.139
1.209
1.282
1.357
1.43
1.502
1.574
1.644
1.697
1.717
1.712
1.685
1.659
1.634
1.609
1.584
1.56
1.536
1.513
1.491
1.469
1.447
1.425
1.404
1.383
1.359
1.333
1.303
1.271
1.235
1.195
1.152
1.103
1.049
0.992
0.958
0.941
0.925
0.91
0.894
0.879
0.865
0.851
0.837
0.823
0.81
0.796
0.783
0.771
0.758
0.746
0.734
0.723
0.711
0.7
0.689
0.679
0.668
0.652
0.626
0.585
0.531
0.463
0.391
0.328
0.304
0.295
0.287
0.278
0.27
0.261
0.253
0.245
0.238
0.23
0.222
0.215
0.208
0.201
0.194
0.187
0.181
0.174
0.168
0.162
0.156
0.15
0.144
0.138
0.132
0.127
0.121
0.116
0.111
0.106
0.101
0.096
0.091
0.086
0.082
0.077
0.073
0.069
0.064
0.06
0.056
0.052
0.048
0.044
0.039
0.034
0.029
0.024
0.019
0.015
0.01
0.006
0.001
-0.003
-0.007
-0.011
-0.015
-0.019
-0.023
-0.027
-0.03
-0.034
-0.037
-0.041
-0.044
-0.047
-0.05
-0.054
-0.057
-0.06
-0.062
-0.065
-0.068
-0.071
-0.073
-0.076
-0.079
-0.081
-0.083
-0.086
-0.088
-0.09
-0.092
-0.095
-0.097
-0.099
-0.101
-0.103
-0.105
-0.107
-0.108
-0.11
-0.112
-0.114
-0.115
-0.117
-0.119
-0.12
-0.122
-0.123
-0.125
-0.126
-0.127
-0.129
-0.13
-0.131
-0.131
-0.132
-0.132
-0.132
-0.133
-0.133
-0.134
-0.135
-0.141
-0.154
-0.181
-0.22
-0.272
-0.335
-0.409
-0.474
-0.53
-0.548
-0.547
-0.547
-0.546
-0.546
-0.545
-0.545
-0.544
-0.544
-0.544
-0.543
-0.543
-0.542
-0.542
-0.543
-0.552
-0.573
-0.604
-0.644
-0.693
-0.752
-0.82
-0.896
-0.98
-1.073
-1.174
-1.283
-1.399
-1.523
-1.654
-1.793
-1.938
-2.09
-2.248
-2.413
-2.584
-2.759
-2.937
-3.121
-3.31
-3.505
-3.706
-3.817
-3.856
-3.849
-3.842
-3.835
-3.828
-3.821
-3.814
-3.807
-3.801
-3.794
-3.788
-3.782
-3.775
-3.769
-3.763
-3.757
-3.751
-3.745
-3.74
-3.734
-3.728
-3.723
-3.717
-3.712
-3.707
-3.707
-3.708
-3.709
-3.709
-3.71
-3.71
-3.711
-3.711
-3.712
-3.712
-3.712
-3.713
-3.713
-3.702
-3.656
-3.585
-3.493
-3.377
-3.251
-3.121
-2.992
-2.865
-2.739
-2.615
-2.523
-2.463
-2.457
-2.482
-2.506
-2.529
-2.557
-2.594
-2.647
-2.714
-2.793
-2.885
-2.989
-3.104
-3.231
-3.369
-3.518
-3.677
-3.846
-4.025
-4.205
-4.379
-4.551
-4.72
-4.895
-5.076
-5.266
-5.479
-5.723
-5.967
-6.216
-6.468
-6.724
-6.983
-7.244
-7.508
-7.774
-8.04
-8.305
-8.55
-8.777
-8.989
-9.185
-9.324
-9.397
-9.412001
-9.426001
-9.440001
-9.454
-9.468
-9.481001
-9.494
-9.507001
-9.52
-9.532001
-9.544001
-9.556001
-9.568001
-9.579
-9.591001
-9.602
-9.613001
-9.623
-9.634001
-9.644
-9.653001
-9.662001
-9.674001
-9.692
-9.716001
-9.745001
-9.779
-9.819
-9.864
-9.914001
-9.969001
-10.028001
-10.092
-10.149
-10.199
-10.236
-10.253
-10.262
-10.273001
-10.284
-10.294001
-10.305
-10.315001
-10.326
-10.336
-10.346001
-10.355
-10.365001
-10.374001
-10.384001
-10.393001
-10.402
-10.410001
-10.413
-10.414001
-10.414001
-10.418
-10.426001
-10.439
-10.457001
-10.48
-10.508
-10.541
-10.578
-10.621
-10.677
-10.742001
-10.815001
-10.872001
-10.909
-10.918
-10.928
-10.937
-10.946
-10.955001
-10.964001
-10.973001
-10.981001
-10.990001
-10.998
-11.006001
-11.015
-11.023001
-11.030001
-11.038
-11.046
-11.053
-11.061001
-11.068001
-11.075001
-11.080001
-11.081
-11.082001
-11.083
-11.083
-11.081
-11.080001
-11.084001
-11.094001
-11.115001
-11.143001
-11.178
-11.221001
-11.27
-11.325001
-11.387
-11.456
-11.530001
-11.599001
-11.642
-11.64
-11.637
-11.635
-11.633
-11.63
-11.628
-11.626
-11.624001
-11.621
-11.63
-11.639001
-11.648001
-11.656
-11.664001
-11.673
-11.681001
-11.689
-11.695001
-11.696
-11.690001
-11.681001
-11.675
-11.673
-11.675
-11.681001
-11.691001
-11.704
-11.721001
-11.741
-11.764001
-11.790001
-11.818001
-11.85
-11.883
-11.918
-11.956
-11.995001
-12.036
-12.079
-12.123
-12.158001
-12.188001
-12.217001
-12.248
-12.279
-12.311001
-12.344001
-12.379001
-12.416
-12.465
-12.531
-12.602
-12.679001
-12.759001
-12.838
-12.920001
-13.000001
-13.077001
-13.152
-13.22
-13.280001
-13.316001
-13.332001
-13.344001
-13.356001
-13.368001
-13.380001
-13.392
-13.403001
-13.414001
-13.426001
-13.437
-13.447001
-13.458
-13.469001
-13.481001
-13.494
-13.508
-13.522
-13.537001
-13.551001
-13.566001
-13.580001
-13.594001
-13.607
-13.618001
-13.627001
-13.634001
-13.639001
-13.64
-13.638
-13.632001
-13.622001
-13.606001
-13.585001
-13.558001
-13.525001
-13.484
-13.435
-13.379001
-13.313001
-13.239
-13.154
-13.059001
-12.953001
-12.835001
-12.705001
-12.563001
-12.408001
-12.239
-12.056001
-11.859
-11.647
-11.42
-11.177001
-10.918
-10.644
-10.353001
-10.045
-9.721001
-9.38
-9.022
-8.648001
-8.256001
-7.848001
-7.424
-6.983
-6.526
-6.054
-5.566
-5.064
-4.548
-4.018
-3.476
-2.922
-2.356
-1.78
-1.195
-0.602
-0.001
0.541
0.978
1.129
1.132
1.136
1.139
1.142
1.145
1.148
1.151
1.154
1.157
1.159
1.162
1.161
1.152
1.129
1.097
1.048
0.995
0.936
0.875
0.813
0.748
0.683
0.619
0.556
0.496
0.438
0.382
0.326
0.271
0.217
0.164
0.111
0.059
0.007
-0.045
-0.099
-0.152
-0.206
-0.259
-0.311
-0.363
-0.414
-0.464
-0.514
-0.563
-0.611
-0.659
-0.706
-0.752
-0.798
-0.843
-0.887
-0.931
-0.975
-1.018
-1.06
-1.101
-1.142
-1.166
-1.166
-1.118
-1.072
-1.027
-0.983
-0.94
-0.897
-0.853
-0.81
-0.767
-0.724
-0.681
-0.64
-0.601
-0.563
-0.526
-0.489
-0.454
-0.419
-0.385
-0.351
-0.318
-0.286
-0.254
-0.223
-0.193
-0.167
-0.13
-0.089
-0.04
0.014
0.076
0.144
0.214
0.283
0.352
0.419
0.486
0.551
0.618
0.684
0.75
0.816
0.881
0.946
1.01
1.055
1.092
1.13
1.167
1.2
1.228
1.246
1.251
1.252
1.252
1.253
1.254
1.255
1.256
1.257
1.258
1.258
1.259
1.26
1.261
1.262
1.262
1.263
1.264
1.265
1.265
1.266
1.267
1.267
1.268
1.269
1.269
1.27
1.271
1.271
1.271
1.269
1.268
1.266
1.264
1.261
1.258
1.255
1.252
1.249
1.246
1.243
1.24
1.238
1.237
1.236
1.235
1.233
1.23
1.227
1.223
1.22
1.219
1.219
1.219
1.219
1.219
1.218
1.218
1.218
1.218
1.221
1.229
1.24
1.25
1.261
1.271
1.281
1.291
1.3
1.31
1.319
1.327
1.336
1.345
1.353
1.361
1.369
1.377
1.384
1.392
1.399
1.406
1.413
1.42
1.426
1.433
1.439
1.445
1.451
1.457
1.463
1.469
1.474
1.48
1.485
1.49
1.495
1.5
1.505
1.509
1.514
1.519
1.523
1.527
1.531
1.536
1.54
1.543
1.547
1.551
1.555
1.558
1.555
1.552
1.549
1.546
1.543
1.54
1.537
1.534
1.531
1.528
1.525
1.523
1.52
1.517
1.514
1.51
1.503
1.493
1.482
1.469
1.453
1.431
1.399
1.344
1.269
1.175
1.067
0.946
0.811
0.662
0.501
0.326
0.139
-0.06
-0.272
-0.496
-0.731
-0.978
-1.236
-1.504
-1.778
-2.061
-2.354
-2.616
-2.82
-2.882
-2.866
-2.849
-2.831
-2.812
-2.793
-2.775
-2.757
-2.738
-2.739
-2.748
-2.769
-2.807
-2.861
-2.928
-3.009
-3.103
-3.21
-3.33
-3.463
-3.608
-3.764
-3.933
-4.112
-4.303
-4.504
-4.715
-4.936
-5.167
-5.406
-5.655
-5.911
-6.175
-6.446
-6.724
-7.008
-7.297
-7.592
-7.905
-8.239
-8.597
-8.965
-9.334001
-9.701
-10.061001
-10.412001
-10.753
-11.081
-11.396001
-11.696
-11.981001
-12.249001
-12.499001
-12.729001
-12.939001
-13.127001
-13.294001
-13.446001
-13.582001
-13.698001
-13.795001
-13.873001
-13.932001
-13.971001
-13.990001
-13.988001
-13.962001
-13.918
-13.855
-13.773001
-13.671
-13.549001
-13.426001
-13.324
-13.303
-13.315001
-13.327001
-13.340001
-13.351001
-13.363001
-13.375001
-13.386001
-13.397
-13.408001
-13.419001
-13.429001
-13.440001
-13.450001
-13.461
-13.471001
-13.471001
-13.446001
-13.396001
-13.339001
-13.282001
-13.225
-13.168
-13.113001
-13.058001
-13.003
-12.950001
-12.897
-12.845
-12.793
-12.742001
-12.692
-12.643001
-12.594001
-12.546
-12.499001
-12.452001
-12.406
-12.368001
-12.332001
-12.297001
-12.264001
-12.233001
-12.203001
-12.175
-12.147
-12.120001
-12.093
-12.073001
-12.059001
-12.047001
-12.035001
-12.025001
-12.017
-12.01
-12.004001
-11.999001
-11.995001
-11.991
-11.987
-11.984
-11.981001
-11.977
-11.974001
-11.971001
-11.967001
-11.964001
-11.960001
-11.955001
-11.951
-11.940001
-11.927001
-11.913
-11.899
-11.884001
-11.868001
-11.852
-11.835001
-11.816001
-11.797001
-11.777
-11.755
-11.731001
-11.706
-11.678
-11.648001
-11.617001
-11.584001
-11.548
-11.511001
-11.475
-11.435
-11.394001
-11.351001
-11.306001
-11.259001
-11.209001
-11.164001
-11.128
-11.108001
-11.116
-11.143001
-11.176001
-11.210001
-11.244
-11.277
-11.31
-11.342001
-11.377001
-11.415001
-11.452001
-11.490001
-11.526001
-11.559001
-11.567
-11.546
-11.522
-11.498
-11.473001
-11.449
-11.425
-11.401001
-11.378
-11.355
-11.332001
-11.31
-11.288
-11.286
-11.3
-11.332001
-11.365001
-11.396001
-11.428
-11.459001
-11.490001
-11.52
-11.549001
-11.579
-11.608001
-11.636001
-11.665001
-11.693001
-11.72
-11.747001
-11.779
-11.812
-11.845
-11.994
-12.132001
-12.26
-12.385
-12.497001
-12.591001
-12.671
-12.739
-12.803
-12.884001
-12.978001
-13.086
-13.193001
-13.297001
-13.399
-13.499001
-13.596001
-13.691001
-13.784
-13.875001
-13.964001
-14.051001
-14.136001
-14.219001
-14.300001
-14.379001
-14.457001
-14.533001
-14.607
-14.679001
-14.750001
-14.819
-14.887001
-14.952001
-15.014001
-15.070001
-15.114
-15.130001
-15.108001
-15.066001
-15.012001
-14.958001
-14.905001
-14.853001
-14.802001
-14.753
-14.707001
-14.669001
-14.635
-14.603001
-14.573001
-14.544001
-14.516001
-14.488001
-14.461
-14.435
-14.409
-14.384001
-14.360001
-14.336
-14.313001
-14.258
-14.205001
-14.152
-14.1
-14.048
-13.997001
-13.947001
-13.897
-13.849001
-13.8
-13.753
-13.717001
-13.702001
-13.703001
-13.711
-13.718
-13.724001
-13.725
-13.717001
-13.706
-13.694
-13.681001
-13.669001
-13.656001
-13.644001
-13.632001
-13.620001
-13.609
-13.597001
-13.586
-13.575001
-13.563001
-13.553
-13.549001
-13.551001
-13.556001
-13.563001
-13.572001
-13.581
-13.590001
-13.599001
-13.607
-13.616
-13.624001
-13.633
-13.641001
-13.649001
-13.657001
-13.664001
-13.672001
-13.68
-13.687
-13.695001
-13.702001
-13.707001
-13.708
-13.695001
-13.669001
-13.634001
-13.591001
-13.583
-13.576
-13.569
-13.562
-13.555
-13.549001
-13.571001
-13.639001
-13.748001
-13.855
-13.960001
-14.063001
-14.163001
-14.261001
-14.356001
-14.447001
-14.536
-14.621
-14.703001
-14.780001
-14.852
-14.916
-14.972001
-15.010001
-15.044001
-15.077001
-15.109001
-15.139001
-15.169001
-15.198001
-15.226001
-15.253
-15.280001
-15.306001
-15.332001
-15.357
-15.380001
-15.398001
-15.412001
-15.425001
-15.438001
-15.450001
-15.462001
-15.474001
-15.486001
-15.52
-15.570001
-15.630001
-15.693001
-15.757001
-15.817
-15.864
-15.908001
-15.948001
-15.965001
-15.960001
-15.93
-15.892001
-15.855
-15.834001
-15.836
-15.796
-15.757001
-15.719001
-15.682001
-15.645
-15.609001
-15.573001
-15.539001
-15.505001
-15.472001
-15.439001
-15.407001
-15.375001
-15.344001
-15.314001
-15.284
-15.255001
-15.226001
-15.198001
-15.171
-15.144001
-15.117001
-15.091001
-15.066001
-15.041
-15.016001
-14.992001
-14.968
-14.945001
-14.922001
-14.900001
-14.878
-14.857
-14.836
-14.815001
-14.795001
-14.775001
