0.707107
0.707065
0.706947
0.706764
0.706528
0.706246
0.705926
0.705576
0.705201
0.704807
0.704399
0.70398
0.703555
0.703125
0.702694
0.702265
0.701838
0.701417
0.701001
0.700593
0.700193
0.699802
0.69942
0.699049
0.698688
0.698338
0.697999
0.697671
0.697354
0.697048
0.696753
0.696469
0.696195
0.695932
0.695679
0.695437
0.695204
0.69498
0.694766
0.694561
0.694365
0.694177
0.693997
0.693825
0.69366
0.693503
0.693353
0.69321
0.693073
0.692942
0.692818
0.692699
0.692585
0.692477
0.692374
0.692275
0.692182
0.692092
0.692007
0.691926
0.691849
0.691776
0.691706
0.691639
0.691576
0.691515
0.691458
0.691403
0.691351
0.691301
0.691254
0.691209
0.691167
0.691126
0.691088
0.691051
0.691016
0.690983
0.690951
0.690921
0.690893
0.690866
0.69084
0.690815
0.690792
0.69077
0.690749
0.690729
0.69071
0.690692
0.690674
0.690658
0.690642
0.690628
0.690614
0.6906
0.690588
0.690576
0.690564
0.690553
0.690543
0.690533
0.690524
0.690515
0.690506
0.690498
0.690491
0.690484
0.690477
0.69047
0.690464
0.690458
0.690452
0.690447
0.690442
0.690437
0.690433
0.690428
0.690424
0.69042
0.690417
0.690413
0.69041
0.690407
0.690404
0.690401
0.690398
0.690395
0.690393
0.69039
0.690388
0.690386
0.690384
0.690382
0.69038
0.690379
0.690377
0.690375
0.690374
0.690373
0.690371
0.69037
0.690369
0.690368
0.690366
0.690365
0.690364
0.690363
0.690363
0.690362
0.690361
0.69036
0.690359
0.690359
0.690358
0.690358
0.690357
0.690356
0.690356
0.690355
0.690355
0.690354
0.690354
0.690354
0.690353
0.690353
0.690352
0.690352
0.690352
0.690352
0.690351
0.690351
0.690351
0.69035
0.69035
0.69035
0.69035
0.69035
0.690349
0.690349
0.690349
0.690349
0.690349
0.690349
0.690349
0.690349
0.690349
0.690349
0.690349
0.690349
0.690349
0.690349
0.690349
0.690349
0.690349
0.690349
0.690349
0.690349
0.690349
0.690349
0.690349
0.690349
0.690349
0.690349
0.690349
0.690349
0.690349
0.690349
0.690159
0.68933
0.687794
0.685546
0.68279
0.679724
0.676356
0.672691
0.668733
0.664486
0.659952
0.655134
0.650032
0.644649
0.638983
0.633036
0.626805
0.620292
0.613493
0.606408
0.599035
0.591372
0.583417
0.575168
0.566623
0.557779
0.548634
0.539186
0.529433
0.519372
0.509002
0.49832
0.487325
0.476016
0.464389
0.452446
0.440183
0.427602
0.414701
0.40148
0.389854
0.382824
0.380478
0.382596
0.384824
0.386915
0.388878
0.390721
0.392454
0.394082
0.395613
0.397053
0.398409
0.399684
0.400886
0.401334
0.400377
0.398554
0.396051
0.393104
0.389799
0.386139
0.382126
0.377763
0.373051
0.367992
0.362589
0.356843
0.350755
0.344327
0.337559
0.330454
0.323011
0.315233
0.30712
0.298673
0.289894
0.280783
0.271342
0.261572
0.251475
0.241053
0.230307
0.21924
0.207852
0.196147
0.184127
0.173386
0.165753
0.162717
0.164401
0.166411
0.16831
0.170104
0.1718
0.173404
0.174919
0.176353
0.177709
0.178991
0.179669
0.179592
0.178467
0.176407
0.17377
0.170653
0.16715
0.163265
0.159
0.15436
0.150394
0.14731
0.145283
0.144847
0.145109
0.145835
0.146796
0.14791
0.148355
0.147613
0.14517
0.140904
0.134717
0.127775
0.120403
0.112698
0.104662
0.096297
0.087607
0.078594
0.069263
0.059615
0.049655
0.039385
0.02881
0.017934
0.00676
-0.003402
-0.01105
-0.014351
-0.012664
-0.01106
-0.009535
-0.008087
-0.00671
-0.005403
-0.00416
-0.002979
-0.001858
-0.000792
0.00022
0.001182
0.002096
0.002964
0.003789
0.004572
0.005316
0.006023
0.006694
0.007332
0.007938
0.008514
0.00906
0.00958
0.010073
0.010541
0.010987
0.01141
0.011811
0.012193
0.012556
0.0129
0.013227
0.013538
0.013833
0.014113
0.01438
0.014633
0.014873
0.015102
0.015319
0.015525
0.015721
0.015907
0.016084
0.016252
0.016411
0.016563
0.016706
0.016843
0.016973
0.017097
0.017214
0.017325
0.017431
0.017531
0.017627
0.017718
0.017804
0.017886
0.017964
0.018038
0.018108
0.018175
0.018239
0.018299
0.018356
0.01841
0.018462
0.018511
0.018558
0.018603
0.018645
0.018685
0.018723
0.018759
0.018793
0.018826
0.018857
0.018863
0.018842
0.018823
0.018805
0.018787
0.018771
0.018756
0.019776
0.021619
0.024637
0.028196
0.032173
0.03649
0.041145
0.046137
0.051465
0.057124
0.063114
0.069431
0.076072
0.083034
0.090315
0.097909
0.105815
0.114028
0.122544
0.131358
0.140467
0.146641
0.149279
0.14782
0.146427
0.145247
0.144121
0.143048
0.142024
0.141048
0.140118
0.139232
0.138388
0.137583
0.136818
0.136088
0.135393
0.134732
0.134103
0.133503
0.132933
0.132391
0.131874
0.131383
0.130916
0.130472
0.130049
0.129647
0.129264
0.1289
0.128555
0.128226
0.127913
0.127616
0.127333
0.127491
0.128411
0.129594
0.131194
0.132848
0.134531
0.136167
0.137718
0.13924
0.140831
0.142627
0.144818
0.147427
0.150497
0.153942
0.157758
0.161942
0.166492
0.171403
0.176672
0.182294
0.188265
0.194581
0.201236
0.208226
0.215544
0.223187
0.231146
0.237016
0.240555
0.241009
0.241441
0.241307
0.24079
0.239457
0.238166
0.236917
0.23571
0.234546
0.233423
0.232342
0.231302
0.230301
0.22934
0.228417
0.227532
0.226684
0.22587
0.225091
0.224345
0.223632
0.222949
0.222297
0.221478
0.220301
0.218588
0.216326
0.213361
0.209808
0.205695
0.201108
0.196121
0.190788
0.185113
0.179101
0.172755
0.166077
0.159071
0.151739
0.144085
0.136111
0.12782
0.120067
0.113149
0.107142
0.102344
0.100803
0.101726
0.102867
0.10395
0.104977
0.10595
0.106874
0.10775
0.108581
0.10937
0.110117
0.110827
0.111334
0.111791
0.111766
0.111233
0.10989
0.107688
0.104869
0.101481
0.097627
0.093405
0.088817
0.083867
0.078557
0.072892
0.066874
0.060505
0.053791
0.046734
0.039337
0.031604
0.023539
0.015144
0.006424
-0.002618
-0.011977
-0.021649
-0.029979
-0.035841
-0.036014
-0.034542
-0.033141
-0.031809
-0.030542
-0.029338
-0.028192
-0.027103
-0.026068
-0.025084
-0.024149
-0.02326
-0.022415
-0.021612
-0.020848
-0.020123
-0.019541
-0.019403
-0.019555
-0.019997
-0.020627
-0.021384
-0.022234
-0.023177
-0.02421
-0.024938
-0.025457
-0.025797
-0.025965
-0.026125
-0.02635
-0.026711
-0.027274
-0.028029
-0.028916
-0.029801
-0.030741
-0.031615
-0.032411
-0.033091
-0.033685
-0.034197
-0.034646
-0.035036
-0.035387
-0.035702
-0.035986
-0.036241
-0.036471
-0.036678
-0.036846
-0.036995
-0.037128
-0.037246
-0.037351
-0.037444
-0.037526
-0.037599
-0.037663
-0.03772
-0.037769
-0.037813
-0.037851
-0.037884
-0.037913
-0.037938
-0.038135
-0.038342
-0.038583
-0.038879
-0.039229
-0.039608
-0.039969
-0.040336
-0.040731
-0.040945
-0.041093
-0.041172
-0.041243
-0.041331
-0.041316
-0.040781
-0.039775
-0.038453
-0.037164
-0.035909
-0.034691
-0.03351
-0.032366
-0.03126
-0.030191
-0.02916
-0.028167
-0.02721
-0.02629
-0.025405
-0.024555
-0.023739
-0.022956
-0.022206
-0.021487
-0.020798
-0.020139
-0.019508
-0.018905
-0.018328
-0.017777
-0.01725
-0.016747
-0.016267
-0.015808
-0.015371
-0.014953
-0.014555
-0.014176
-0.013813
-0.013468
-0.013139
-0.012826
-0.012527
-0.012243
-0.011972
-0.011714
-0.011468
-0.011234
-0.011011
-0.010799
-0.010597
-0.010405
-0.010222
-0.010048
-0.009883
-0.009725
-0.009576
-0.009433
-0.009297
-0.009169
-0.009046
-0.008929
-0.008819
-0.008713
-0.008613
-0.008517
-0.008427
-0.00834
-0.008258
-0.00818
-0.008106
-0.008036
-0.007969
-0.007905
-0.007844
-0.008022
-0.008338
-0.008762
-0.009164
-0.009546
-0.009909
-0.010254
-0.010582
-0.010893
-0.011189
-0.011471
-0.011738
-0.011992
-0.012233
-0.012462
-0.012802
-0.013201
-0.013751
-0.014495
-0.01535
-0.016235
-0.017247
-0.018308
-0.019464
-0.020788
-0.022146
-0.023463
-0.024688
-0.025778
-0.026747
-0.02762
-0.028405
-0.029119
-0.02977
-0.030363
-0.030904
-0.031397
-0.031847
-0.032258
-0.032846
-0.033451
-0.034042
-0.034604
-0.035154
-0.035677
-0.036194
-0.036685
-0.037153
-0.037599
-0.038022
-0.038425
-0.038808
-0.039173
-0.03952
-0.039709
-0.039849
-0.039902
-0.039825
-0.039702
-0.039431
-0.038702
-0.037759
-0.03663
-0.035332
-0.03408
-0.032871
-0.031707
-0.030587
-0.02951
-0.028475
-0.02748
-0.026526
-0.025612
-0.024735
-0.023895
-0.023091
-0.022321
-0.021585
-0.020881
-0.020208
-0.019565
-0.01895
-0.018364
-0.017804
-0.01727
-0.01676
-0.016273
-0.015809
-0.015367
-0.014945
-0.014543
-0.01416
-0.013795
-0.013447
-0.013116
-0.012801
-0.0125
-0.012215
-0.011942
-0.011683
-0.011436
-0.011202
-0.010978
-0.010765
-0.010563
-0.010371
-0.010188
-0.010013
-0.009848
-0.00969
-0.00954
-0.009397
-0.009262
-0.009133
-0.00901
-0.008894
-0.008783
-0.008677
-0.008577
-0.008482
-0.008391
-0.008305
-0.008223
-0.008145
-0.008071
-0.008001
-0.007934
-0.00787
-0.00781
-0.007752
-0.007698
-0.007646
-0.007596
-0.007549
-0.007505
-0.007462
-0.007422
-0.007384
-0.007347
-0.007313
-0.00728
-0.007248
-0.007219
-0.007191
-0.007164
-0.007138
-0.007114
-0.007091
-0.007069
-0.007048
-0.007028
-0.00701
-0.006991
-0.006974
-0.006958
-0.006943
-0.006928
-0.006914
-0.006901
-0.006889
-0.006877
-0.006865
-0.006854
-0.006844
-0.006834
-0.006825
-0.006816
-0.006808
-0.006799
-0.006792
-0.006784
-0.006777
-0.006771
-0.006765
-0.006759
-0.006753
-0.006748
-0.006743
-0.006738
-0.006733
-0.006728
-0.006724
-0.00672
-0.006716
-0.006713
-0.006709
-0.006706
-0.006702
-0.006699
-0.006696
-0.006694
-0.006691
-0.006689
-0.006686
-0.006684
-0.006682
-0.00668
-0.006678
-0.006676
-0.006674
-0.006672
-0.006671
-0.006669
-0.006668
-0.006666
-0.006665
-0.006663
-0.006662
-0.00666
-0.006659
-0.006658
-0.006657
-0.006656
-0.006655
-0.006654
-0.006653
-0.006652
-0.006651
-0.006651
-0.00665
-0.006649
-0.006648
-0.006647
-0.006647
-0.006646
-0.006646
-0.006645
-0.006644
-0.006644
-0.006643
-0.006642
-0.006642
-0.006641
-0.006641
-0.00664
-0.00664
-0.006639
-0.006639
-0.006638
-0.006638
-0.006638
-0.006638
-0.006638
-0.006595
-0.006224
-0.005498
-0.003986
-0.001856
0.000667
0.003516
0.006619
0.009937
0.012917
0.015534
0.01743
0.018555
0.018587
0.017966
0.017376
0.016815
0.016282
0.015776
0.015295
0.014838
0.014404
0.013992
0.0136
0.013227
0.012874
0.012538
0.012218
0.011915
0.011627
0.011353
0.011093
0.010846
0.010611
0.010388
0.010177
0.009975
0.009784
0.009602
0.00943
0.010072
0.011437
0.013752
0.016745
0.02032
0.024291
0.028614
0.033287
0.038306
0.043671
0.049376
0.05542
0.061061
0.065373
0.067224
0.066639
0.06578
0.064963
0.064185
0.063446
0.062743
0.062074
0.061439
0.060834
0.060259
0.059713
0.059194
0.0587
0.058231
0.057785
0.057361
0.056958
0.056575
0.056211
0.055865
0.055537
0.055224
0.054927
0.054645
0.054377
0.054122
0.053667
0.053235
0.052824
0.052434
0.052063
0.05171
0.051375
0.051057
0.050754
0.050466
0.050193
0.049933
0.049686
0.049452
0.049229
0.049017
0.048816
0.048625
0.048444
0.048271
0.048108
0.047952
0.047804
0.047663
0.047529
0.047403
0.047282
0.047168
0.047589
0.049436
0.052216
0.055592
0.059318
0.063392
0.067814
0.07258
0.077687
0.083134
0.088917
0.095034
0.10148
0.108253
0.115349
0.122764
0.130494
0.138535
0.146882
0.155531
0.164477
0.173715
0.18324
0.193045
0.203127
0.213478
0.224093
0.234964
0.246086
0.25498
0.261277
0.263974
0.26259
0.26126
0.259982
0.258755
0.257578
0.25645
0.255368
0.254332
0.253341
0.252392
0.251485
0.250617
0.25021
0.251068
0.252796
0.255208
0.25799
0.26114
0.264654
0.268527
0.272755
0.277334
0.282259
0.287525
0.293126
0.299057
0.305312
0.311885
0.318771
0.325962
0.333453
0.341236
0.349305
0.357651
0.366269
0.37515
0.384287
0.393671
0.403293
0.413146
0.423219
0.433505
0.443994
0.454675
0.46554
0.476577
0.487777
0.499127
0.510618
0.522238
0.533976
0.54582
0.557756
0.569774
0.581859
0.594
0.606183
0.618394
0.63062
0.642847
0.65506
0.667246
0.679388
0.691473
0.703486
0.715411
0.727232
0.738934
0.750501
0.761918
0.773167
0.784234
0.795101
0.805752
0.816171
0.826341
0.836246
0.845869
0.855194
0.864205
0.872884
0.881216
0.889184
0.896771
0.903963
0.909095
0.911964
0.913066
0.914024
0.914854
0.915571
0.916187
0.916713
0.91716
0.917536
0.917851
0.91811
0.918218
0.918263
0.918384
0.918626
0.918997
0.919495
0.920114
0.920851
0.9217
0.922656
0.923711
0.92486
0.926095
0.927408
0.928791
0.930237
0.931736
0.933279
0.934857
0.936459
0.938078
0.9397
0.941317
0.942918
0.944492
0.946027
0.947512
0.948936
0.950287
0.951554
0.952723
0.953784
0.954797
0.955738
0.956683
0.957666
0.958848
0.960288
0.961489
0.962227
0.962475
0.962492
0.962259
0.961925
0.961555
0.961199
0.96113
0.961106
0.961102
0.961097
0.961091
0.961085
0.96108
0.960886
0.960662
0.960409
0.960131
0.960333
0.961037
0.961919
0.962831
0.963664
0.964457
0.965197
0.965874
0.966494
0.967062
0.967583
0.968062
0.968503
0.968909
0.969283
0.969629
0.969948
0.970245
0.97052
0.970775
0.971013
0.971236
0.971443
0.971638
0.97182
0.971991
0.972152
0.972304
0.972448
0.972584
0.972713
0.972835
0.972951
0.973062
0.973168
0.973269
0.973365
0.973458
0.973546
0.973631
0.973712
0.973791
0.973866
0.973938
0.974008
0.974079
0.974154
0.974237
0.974339
0.974452
0.974558
0.974651
0.974734
0.974807
0.974872
0.974928
0.974978
0.975022
0.975061
0.975094
0.975123
0.975149
0.975171
0.975189
0.975206
0.975219
0.975231
0.975241
0.975249
0.975255
0.97526
0.975265
0.975268
0.97527
0.975272
0.975273
0.975273
0.975273
0.975272
0.975271
0.97527
0.975269
0.975267
0.975265
0.975263
0.975261
0.975259
0.975257
0.975255
0.975252
0.97525
0.975248
0.975246
0.975243
0.975241
0.975239
0.975237
0.975235
0.975233
0.975231
0.975229
0.975227
0.975225
0.975223
0.975222
0.97522
0.975218
0.975217
0.975215
0.975214
0.975212
0.975211
0.97521
0.975209
0.975208
0.975206
0.975205
0.975204
0.975203
0.975202
0.975202
0.975201
0.9752
0.975199
0.975198
0.975198
0.975197
0.975196
0.975196
0.975195
0.975194
0.975194
0.975193
0.975193
0.975192
0.975192
0.975192
0.975191
0.975191
0.975191
0.97519
0.97519
0.97519
0.975192
0.975193
0.975193
0.975192
0.975192
0.975191
0.975191
0.975191
0.97519
0.97519
0.97519
0.975218
0.975253
0.975245
0.975158
0.974998
0.974772
0.974487
0.974147
0.973754
0.97331
0.972816
0.972271
0.971673
0.971019
0.970306
0.96953
0.968685
0.967766
0.966766
0.96568
0.964499
0.963217
0.961825
0.960314
0.958677
0.956904
0.954986
0.952914
0.950678
0.948268
0.945675
0.942888
0.939898
0.936695
0.933268
0.929607
0.925702
0.921544
0.917121
0.912425
0.907445
0.902172
0.896596
0.890708
0.884498
0.877957
0.871078
0.863851
0.856267
0.84832
0.84
0.831302
0.822217
0.81274
0.802863
0.792581
0.781888
0.770779
0.761564
0.756904
0.758679
0.761269
0.762781
0.763304
0.763343
0.762793
0.762112
0.76121
0.76013
0.758803
0.757231
0.755382
0.753256
0.750853
0.747801
0.744396
0.7407
0.736687
0.732415
0.727881
0.723083
0.718018
0.712681
0.708143
0.704028
0.700375
0.696845
0.693739
0.691173
0.689536
0.68814
0.686732
0.685525
0.68527
0.686008
0.686823
0.687796
0.689548
0.691397
0.693118
0.694721
0.696214
0.697607
0.698906
0.700119
0.701252
0.70231
0.7033
0.704226
0.705093
0.705727
0.705311
0.704151
0.702164
0.699736
0.697028
0.694045
0.690787
0.687256
0.683453
0.679377
0.675279
0.671009
0.666565
-0.661915
-0.657079
-0.651996
-0.646662
-0.641102
-0.635282
-0.629223
-0.622892
-0.616287
-0.6094
-0.609713
-0.610832
-0.612351
-0.614015
-0.616914
-0.620026
-0.62279
-0.625242
-0.627414
-0.629334
-0.630914
-0.632221
-0.633324
-0.634173
-0.634926
-0.635556
-0.635955
-0.635996
-0.635722
-0.6353
-0.634883
-0.634472
-0.63407
-0.633675
-0.63329
-0.632915
-0.63255
-0.632196
-0.631852
-0.631519
-0.631198
-0.631134
-0.631266
-0.631467
-0.631657
-0.631838
-0.631613
-0.631285
-0.630967
-0.630661
-0.630366
-0.630083
-0.629811
-0.629549
-0.629298
-0.629056
-0.629212
-0.629665
-0.630592
-0.631727
-0.632914
-0.63403
-0.635032
-0.635943
-0.636759
-0.637489
-0.63806
-0.638402
-0.638605
-0.638682
-0.638704
-0.638709
-0.638715
-0.63872
-0.638725
-0.638729
-0.638734
-0.638738
-0.638702
-0.638501
-0.638082
-0.637573
-0.63707
-0.636575
-0.63609
-0.635616
-0.635152
-0.6347
-0.634261
-0.633834
-0.633421
-0.633021
-0.632634
-0.63226
-0.6319
-0.631552
-0.631177
-0.630783
-0.630404
-0.630039
-0.629688
-0.62935
-0.629026
-0.628715
-0.628496
-0.628286
-0.628085
-0.627894
-0.627711
-0.627535
-0.627368
-0.627209
-0.627057
-0.626911
-0.626773
-0.626641
-0.626514
-0.626394
-0.62628
-0.626171
-0.626066
-0.625967
-0.625873
-0.625783
-0.625697
-0.625616
-0.625538
-0.625464
-0.625394
-0.625327
-0.625263
-0.625202
-0.625145
-0.62509
-0.625037
-0.624988
-0.62494
-0.624895
-0.624852
-0.624812
-0.624773
-0.624736
-0.624701
-0.624668
-0.624636
-0.624606
-0.624578
-0.62455
-0.624524
-0.6245
-0.624476
-0.624454
-0.624433
-0.624413
-0.624393
-0.624375
-0.624358
-0.624341
-0.624326
-0.624311
-0.624297
-0.624283
-0.624271
-0.624259
-0.624247
-0.624236
-0.624225
-0.624215
-0.624235
-0.624424
-0.62479
-0.625263
-0.625891
-0.626639
-0.627388
-0.628262
-0.629102
-0.629984
-0.630996
-0.632107
-0.633203
-0.634229
-0.635164
-0.636005
-0.636762
-0.637442
-0.638064
-0.638622
-0.638929
-0.639059
-0.639029
-0.638916
-0.638662
-0.638319
-0.637875
-0.637374
-0.636879
-0.636392
-0.635914
-0.635447
-0.63499
-0.634545
-0.634112
-0.633691
-0.633284
-0.632889
-0.632507
-0.632138
-0.631783
-0.63144
-0.63111
-0.630792
-0.630486
-0.630193
-0.629912
-0.629642
-0.629382
-0.629134
-0.628896
-0.628669
-0.628451
-0.628242
-0.628043
-0.627853
-0.62767
-0.627497
-0.62733
-0.627172
-0.62702
-0.626876
-0.626738
-0.626607
-0.626482
-0.626362
-0.626248
-0.62614
-0.626036
-0.625938
-0.625844
-0.625755
-0.62567
-0.625589
-0.625512
-0.625169
-0.624709
-0.624097
-0.623222
-0.621669
-0.619449
-0.616587
-0.613398
-0.609889
-0.606065
-0.60193
-0.597489
-0.592745
-0.587698
-0.582353
-0.576709
-0.570768
-0.56453
-0.557995
-0.551163
-0.544032
-0.536604
-0.528876
-0.520847
-0.512517
-0.503883
-0.494945
-0.485702
-0.476151
-0.466291
-0.456122
-0.445641
-0.434849
-0.423744
-0.412326
-0.400593
-0.390853
-0.382991
-0.380333
-0.381053
-0.382273
-0.383871
-0.385553
-0.387222
-0.388793
-0.390271
-0.391663
-0.3932
-0.39472
-0.39615
-0.397496
-0.398763
-0.399971
-0.401919
-0.404474
-0.407661
-0.411676
-0.416065
-0.420646
-0.425427
-0.430415
-0.435617
-0.441034
-0.446672
-0.45253
-0.458611
-0.464913
-0.471436
-0.478178
-0.485136
-0.492307
-0.499688
-0.507273
-0.515058
-0.523039
-0.531207
-0.539558
-0.548084
-0.556778
-0.565632
-0.574638
-0.583788
-0.593073
-0.602484
-0.61201
-0.621643
-0.631372
-0.641187
-0.651075
-0.661027
-0.671031
-0.681075
-0.691147
-0.701235
0.711325
0.721405
0.730476
0.737159
0.740434
0.740268
0.740057
0.73981
0.739532
0.739229
0.738906
0.738568
0.738219
0.737861
0.737498
0.737132
0.736766
0.736401
0.73604
0.735682
0.73533
0.734984
0.734645
0.734315
0.733992
0.733678
0.733373
0.733078
0.732791
0.732559
0.732481
0.732725
0.733307
0.734208
0.735475
0.737179
0.739182
0.741422
0.743872
0.746528
0.749388
0.752449
0.755705
0.759153
0.762786
0.766597
0.770582
0.774731
0.779037
0.783493
0.78809
0.792819
0.79767
0.802634
0.807701
0.812862
0.818104
0.823418
0.828792
0.834214
0.839675
0.84516
0.850658
0.856158
0.861646
0.867109
0.872535
0.87791
0.883222
0.888456
0.8936
0.898639
0.90356
0.908349
0.912992
0.917475
0.921783
0.925903
0.92982
0.933521
0.936991
0.940216
0.943182
0.945874
0.94828
0.950384
0.952174
0.953635
0.954754
0.955518
0.955914
0.955928
0.955548
0.954761
0.954232
0.955086
0.956983
0.958787
0.960419
0.961894
0.963228
0.964435
0.965527
0.966514
0.967407
0.968215
0.968945
0.969607
0.970205
0.970746
0.971107
0.971285
0.971327
0.971089
0.970752
0.970305
0.96982
0.969322
0.96881
0.968439
0.968186
0.967972
0.967815
0.967747
0.9677
0.96764
0.967567
0.967107
0.96642
0.965438
0.964314
0.963097
0.961803
0.960427
0.958962
0.957401
0.955737
0.953961
0.952067
0.950045
0.947887
0.945585
0.943128
0.940508
0.937717
0.934743
0.931579
0.928213
0.924637
0.920841
0.916815
0.912549
0.908034
0.903261
0.898219
0.892899
0.887293
0.88139
0.875182
0.86866
0.861816
0.85464
0.847125
0.839263
0.831046
0.822467
0.813519
0.804194
0.795715
0.788973
0.786896
0.788
0.789036
0.790011
0.790926
0.791788
0.792598
0.793361
0.794339
0.795285
0.796316
0.797616
0.799074
0.800845
0.802487
0.804008
0.805418
0.806727
0.807942
0.809071
0.810121
0.811097
0.812006
0.813501
0.815895
0.818646
0.821545
0.824432
0.827323
0.830234
0.833176
0.836162
0.839197
0.842289
0.845441
0.848656
0.851935
0.855279
0.858686
0.862154
0.865679
0.869258
0.872885
0.876554
0.88026
0.883994
0.88775
0.891518
0.895291
0.899059
0.902812
0.906541
0.909956
0.912993
0.915133
0.915969
0.916335
0.916641
0.916892
0.917095
0.917256
0.917381
0.917474
0.917539
0.917579
0.917599
0.917601
0.917592
0.917621
0.91773
0.917987
0.91839
0.918905
0.919527
0.920254
0.921084
0.922013
0.923038
0.924153
0.925353
0.926632
0.927984
0.9294
0.930874
0.932398
0.933964
0.935562
0.937183
0.938817
0.940456
0.942089
0.943705
0.945294
0.946845
0.948347
0.949788
0.951158
0.952444
0.953634
0.954717
0.955681
0.956514
0.957203
0.957736
0.9581
0.958284
0.958275
0.958061
0.957628
0.956966
0.95606
0.954901
0.953474
0.951768
0.949772
0.947473
0.945648
0.947752
0.949746
0.951558
0.953902
0.956649
0.959564
0.962433
0.965101
0.967517
0.969666
0.971532
0.973191
0.974583
0.975792
0.976849
0.977764
0.978552
0.97923
0.979812
0.980306
0.980761
0.98116
0.981507
0.981786
0.982001
0.982151
0.982257
0.982296
0.982267
0.982168
0.981815
0.981378
0.980856
0.980624
0.980635
0.980848
0.981008
0.981122
0.981194
0.981231
0.981237
0.981217
0.981175
0.981115
0.981038
0.980948
0.980847
0.980737
0.980621
0.980498
0.980372
0.980243
0.980112
0.97998
0.979847
0.979716
0.979585
0.979456
0.979329
0.979204
0.979082
0.978963
0.978847
0.978733
0.978624
0.978517
0.978414
0.978314
0.978217
0.978124
0.978035
0.977948
0.977865
0.977785
0.977708
0.977635
0.977564
0.977496
0.977431
0.977369
0.977309
0.977252
0.977197
0.977145
0.977095
0.977048
0.977002
0.976958
0.976917
0.976877
0.976839
0.976803
0.976769
0.976736
0.976705
0.976675
0.976647
0.976619
0.976594
0.976569
0.976546
0.976523
0.976502
0.976482
0.976463
0.976444
0.976427
0.97641
0.976395
0.976379
0.976365
0.976352
0.976339
0.976326
0.976315
0.976304
0.976293
0.976283
0.976273
0.976264
0.976256
0.976247
0.97624
0.976232
0.976225
0.976218
0.976212
0.976206
0.9762
0.976195
0.976189
0.976185
0.97618
0.976175
0.976171
0.976167
0.976163
0.97616
0.976156
0.976153
0.97615
0.976147
0.976144
0.976141
0.976139
0.976136
0.976134
0.976132
0.97613
0.976128
0.976126
0.976124
0.976122
0.976121
0.976119
0.976118
0.976116
0.976115
0.976114
0.976113
0.976111
0.97611
0.976109
0.976109
0.976108
0.976107
0.976106
0.976105
0.976104
0.976104
0.976103
0.976102
0.976102
0.976101
0.9761
0.9761
0.9761
0.976099
0.976099
0.976098
0.976098
0.976098
0.976097
0.976097
0.976096
0.976096
0.976096
0.976096
0.976095
0.976095
0.976095
0.976095
0.976094
0.976092
0.97607
0.975985
0.975811
0.975508
0.975097
0.974595
0.974009
0.973344
0.972602
0.971786
0.970896
0.969932
0.968892
0.967773
0.966574
0.965289
0.963914
0.962444
0.960873
0.959194
0.957401
0.955486
0.953442
0.95126
0.948933
0.946451
0.943807
0.940991
0.937994
0.934807
0.93142
0.927824
0.92401
0.919967
0.915686
0.911158
0.906373
0.904084
0.904993
0.906916
0.908679
0.910297
0.911782
0.913146
0.9144
0.915552
0.916613
0.917589
0.918488
0.919317
0.920081
0.920603
0.920207
0.919085
0.917719
0.916215
0.914574
0.912796
0.91088
0.908825
0.906629
0.904289
0.901802
0.899164
0.896371
0.893419
0.890302
0.887015
0.883553
0.87991
0.876079
0.872054
0.867829
0.863397
0.858751
0.853884
0.848788
0.843458
0.837885
0.832062
0.825983
0.819639
0.813024
0.806131
0.798952
0.791481
0.78371
0.775634
0.767245
0.758538
0.749506
0.740143
0.730444
0.720404
0.710017
0.699278
0.688182
0.676727
0.664907
0.65272
-0.640161
-0.62723
-0.613922
-0.600237
-0.590904
-0.590037
-0.592852
-0.595473
-0.597913
-0.600187
-0.602306
-0.604283
-0.606128
-0.607852
-0.609461
-0.610966
-0.612373
-0.61369
-0.614923
-0.616078
-0.617161
-0.618176
-0.619128
-0.620021
-0.62086
-0.621648
-0.622388
-0.623085
-0.623739
-0.624356
-0.624936
-0.625482
-0.625996
-0.626481
-0.626937
-0.627288
-0.627156
-0.626304
-0.624833
-0.62233
-0.619448
-0.616257
-0.61276
-0.608959
-0.604857
-0.600456
-0.595758
-0.590762
-0.585471
-0.579884
-0.574
-0.567819
-0.561341
-0.554565
-0.547489
-0.540112
-0.532433
-0.52445
-0.516162
-0.507566
-0.498663
-0.489449
-0.479923
-0.470085
-0.459932
-0.449463
-0.438678
-0.427575
-0.416154
-0.404414
-0.392355
-0.379977
-0.36728
-0.354264
-0.34093
-0.32728
-0.313315
-0.299036
-0.286646
-0.278999
-0.278887
-0.281269
-0.28351
-0.285618
-0.287603
-0.289471
-0.291231
-0.29289
-0.294453
-0.295926
-0.297316
-0.298627
-0.299863
-0.301031
-0.302133
-0.303173
-0.304156
-0.304962
-0.305283
-0.304346
-0.302369
-0.29972
-0.29658
-0.293072
-0.2892
-0.284966
-0.280373
-0.275423
-0.270121
-0.264466
-0.258463
-0.252112
-0.245417
-0.238379
-0.230999
-0.223281
-0.215226
-0.206835
-0.198299
-0.189566
-0.180539
-0.171264
-0.161692
-0.151821
-0.141654
-0.13119
-0.120385
-0.109241
-0.097762
-0.085953
-0.073819
-0.061364
-0.048593
-0.035513
-0.022128
-0.008444
0.005507
0.019746
0.034463
0.049705
0.065288
0.081132
0.09348
0.100384
0.099291
0.097923
0.09659
0.095294
0.094037
0.09282
0.091641
0.090503
0.089405
0.088345
0.087325
0.085938
0.08405
0.081927
0.079663
0.077353
0.074813
0.072287
0.069854
0.067554
0.065406
0.063411
0.061568
0.059869
0.058302
0.056854
0.055515
0.054275
0.053127
0.052063
0.051075
0.050158
0.049328
0.048585
0.047939
0.04737
0.046895
0.046553
0.046298
0.04614
0.046013
0.045911
0.045831
0.045771
0.04548
0.044927
0.044412
0.043975
0.044171
0.044311
0.044471
0.044928
0.045499
0.04608
0.046668
0.047259
0.047848
0.048435
0.049015
0.049588
0.05015
0.050702
0.051242
0.051769
0.052282
0.052781
0.053265
0.053734
0.054188
0.054627
0.055051
0.055459
0.055853
0.056232
0.056597
0.056948
0.057284
0.057608
0.057917
0.058214
0.058499
0.058772
0.059033
0.059283
0.059522
0.05975
0.059968
0.060177
0.060376
0.060566
0.060748
0.060921
0.061087
0.061244
0.061395
0.061538
0.061675
0.061805
0.061929
0.062048
0.062161
0.062268
0.06237
0.062468
0.062561
0.062649
0.062733
0.062813
0.062889
0.062962
0.063031
0.063097
0.063159
0.063218
0.063275
0.063329
0.06338
0.063429
0.063475
0.06352
0.063561
0.063601
0.063639
0.063676
0.06371
0.063743
0.063774
0.063803
0.063831
0.063858
0.063883
0.063907
0.063931
0.063952
0.063973
0.063993
0.064012
0.064029
0.064046
0.064063
0.064078
0.064093
0.064107
0.06412
0.064133
0.064145
0.064156
0.064167
0.064041
0.063552
0.062594
0.061435
0.060221
0.058941
0.057628
0.056299
0.054792
0.053092
0.051212
0.049284
0.047322
0.045319
0.043272
0.041174
0.039023
0.036816
0.034733
0.03288
0.031068
0.029122
0.02707
0.024915
0.022657
0.020224
0.017477
0.01439
0.010949
0.008003
0.006064
0.007884
0.010124
0.012312
0.014448
0.016488
0.018436
0.020293
0.022088
0.023799
0.02543
0.026985
0.028465
0.029874
0.031216
0.032493
0.033708
0.034864
0.035963
0.037009
0.038009
0.03896
0.039865
0.040727
0.041546
0.042325
0.043066
0.043771
0.044442
0.04484
0.045026
0.044842
0.044426
0.043719
0.043004
0.042323
0.041675
0.041059
0.040473
0.039915
0.039385
0.03888
0.0384
0.037943
0.037509
0.037096
0.036617
0.035624
0.034506
0.033322
0.032171
0.031028
0.02994
0.028906
0.027896
0.026926
0.025982
0.025053
0.024144
0.023252
0.022376
0.021514
0.020665
0.019827
0.019
0.018181
0.017472
0.016908
0.016412
0.01594
0.015492
0.015065
0.01466
0.014275
0.014258
0.014389
0.014885
0.01552
0.016123
0.016696
0.017241
0.017758
0.018249
0.018716
0.018866
0.018784
0.018658
0.018305
0.017669
0.016713
0.015392
0.013937
0.012384
0.010735
0.008989
0.007098
0.005107
0.003015
0.000825
-0.001465
-0.001837
-0.001025
-0.000253
0.000481
0.001178
0.00184
0.002468
0.003066
0.003633
0.004173
0.004685
0.005172
0.005634
0.005985
0.005763
0.004737
0.002992
0.000263
-0.003054
-0.006782
-0.010873
-0.015323
-0.020129
-0.02529
-0.030801
-0.036659
-0.04286
-0.049402
-0.05628
-0.06349
-0.071029
-0.078893
-0.087078
-0.095578
-0.10439
-0.113508
-0.122929
-0.132646
-0.142655
-0.15295
-0.163525
-0.174375
-0.185492
-0.196872
-0.208506
-0.220387
-0.23251
-0.244866
-0.257446
-0.270244
-0.28325
-0.296457
-0.309854
-0.323432
-0.337182
-0.351092
-0.363503
-0.372412
-0.373748
-0.372472
-0.37123
-0.370024
-0.368854
-0.367721
-0.366892
-0.367408
-0.368779
-0.370593
-0.372789
-0.375362
-0.378307
-0.381619
-0.38529
-0.389315
-0.393688
-0.398401
-0.403449
-0.408825
-0.41452
-0.420528
-0.426841
-0.433451
-0.440352
-0.447533
-0.454988
-0.462707
-0.470682
-0.478903
-0.487361
-0.496048
-0.504952
-0.514065
-0.523376
-0.532875
-0.542551
-0.552393
-0.562389
-0.57253
-0.582802
-0.593194
-0.603694
-0.614289
-0.624967
-0.635715
-0.64652
-0.657368
-0.668246
-0.679141
-0.690037
-0.700921
0.711779
0.722595
0.733356
0.744045
0.754648
0.76515
0.775534
0.785786
0.79589
0.805829
0.815588
0.82515
0.834501
0.843624
0.852501
0.861119
0.867669
0.870935
0.871713
0.872368
0.872913
0.873362
0.873726
0.874016
0.87424
0.874407
0.874523
0.874583
0.874693
0.875
0.875494
0.876165
0.877009
0.87802
0.879195
0.880527
0.88201
0.883637
0.885402
0.887297
0.889314
0.891445
0.893681
0.896013
0.898431
0.900927
0.90349
0.906111
0.908777
0.911481
0.914208
0.91695
0.919694
0.922429
0.925143
0.927991
0.930823
0.933644
0.936424
0.939134
0.941795
0.944341
0.946761
0.949041
0.951171
0.953136
0.954925
0.956344
0.95734
0.958015
0.958577
0.959762
0.961054
0.962197
0.963207
0.964097
0.96488
0.965568
0.96617
0.966697
0.967155
0.967554
0.967899
0.968196
0.96845
0.968667
0.968851
0.969006
0.969134
0.96924
0.969323
0.969213
0.969258
0.969373
0.969507
0.969655
0.969847
0.970021
0.97016
0.970268
0.97033
0.970353
0.970343
0.970304
0.97024
0.970156
0.970054
0.969938
0.96981
0.969673
0.969528
0.969378
0.969235
0.969203
0.969289
0.969839
0.970439
0.970942
0.97136
0.971702
0.971979
0.972197
0.972365
0.972489
0.972574
0.972625
0.972647
0.972645
0.972621
0.972579
0.972521
0.972451
0.972369
0.97228
0.972183
0.97208
0.971973
0.971863
0.971751
0.971637
0.971523
0.971409
0.971296
0.971183
0.971072
0.970963
0.970856
0.970752
0.970649
0.970549
0.970663
0.970899
0.97133
0.971755
0.972139
0.97245
0.972674
0.972825
0.97291
0.97294
0.972921
0.97268
0.972414
0.972101
0.971869
0.971696
0.971603
0.971534
0.971484
0.971444
0.971395
0.971338
0.971276
0.971208
0.971143
0.971075
0.97101
0.97098
0.970972
0.970981
0.970988
0.970981
0.970961
0.970931
0.970892
0.970845
0.970791
0.970733
0.970671
0.970606
0.970538
0.970468
0.970398
0.970311
0.970218
0.97012
0.970013
0.969897
0.969766
0.969627
0.969485
0.969337
0.969178
0.969214
0.969269
0.969303
0.969324
0.969332
0.969333
0.969334
0.969308
0.96931
0.969271
0.969209
0.969138
0.969033
0.968916
0.968779
0.968613
0.96845
0.968273
0.968085
0.967889
0.967686
0.967479
0.967269
0.967058
0.96686
0.966776
0.966898
0.967079
0.967301
0.967625
0.968082
0.968564
0.968976
0.969325
0.969619
0.969863
0.970065
0.970229
0.97036
0.970461
0.970537
0.970591
0.970626
0.970643
0.970646
0.970637
0.970618
0.970589
0.970553
0.97051
0.970462
0.97041
0.970355
0.970297
0.970237
0.970176
0.970114
0.970052
0.969989
0.969927
0.969865
0.969804
0.969743
0.969684
0.969626
0.96957
0.969515
0.969461
0.969409
0.969358
0.969309
0.969262
0.969216
0.969172
0.969129
0.969088
0.969049
0.969015
0.968998
0.968991
0.968993
0.968995
0.968994
0.968989
0.968977
0.968949
0.96909
0.969224
0.969329
0.96941
0.969469
0.96951
0.969534
0.969614
0.969554
0.969519
0.969535
0.969555
0.969566
0.969568
0.969564
0.969553
0.969538
0.969518
0.969495
0.969468
0.969439
0.969409
0.969376
0.969343
0.969309
0.969274
0.969239
0.969205
0.96917
0.969135
0.969101
0.969067
0.969034
0.969002
0.96897
0.968939
0.968909
0.96888
0.968852
0.968825
0.968798
0.968772
0.968748
0.968724
0.968701
0.968679
0.968657
0.968637
0.968617
0.968615
0.96864
0.968695
0.968743
0.969027
0.969346
0.969726
0.970055
0.970294
0.970453
0.970539
0.970566
0.970542
0.970474
0.970369
0.970232
0.970059
0.969863
0.96965
0.969421
0.969181
0.968932
0.968678
0.968418
0.968157
0.967895
0.967634
0.967375
0.967166
0.966972
0.96684
0.966718
0.966654
0.966637
0.966733
0.967006
0.967331
0.967689
0.96807
0.968455
0.968832
0.969152
0.969422
0.969647
0.969833
0.969984
0.970106
0.9702
0.970272
0.970323
0.970356
0.970375
0.97038
0.970373
0.970357
0.970333
0.970302
0.970265
0.970223
0.970178
0.970129
0.970092
0.970049
0.969991
0.969921
0.969849
0.969783
0.969718
0.969656
0.969594
0.969535
0.969478
0.969422
0.969369
0.969317
0.969267
0.969219
0.969173
0.969128
0.969086
0.969045
0.969005
0.968968
0.968931
0.968897
0.968864
0.968832
0.968802
0.968773
0.968745
0.968718
0.968693
0.968669
0.968646
0.968624
0.968603
0.968583
0.968564
0.968546
0.968528
0.968511
0.968496
0.968481
0.968466
0.968453
0.96844
0.968427
0.968415
0.968404
0.968394
0.968383
0.968374
0.968364
0.968356
0.968347
0.968339
0.968332
0.968325
0.968318
0.968311
0.968305
0.96835
0.96842
0.968491
0.968551
0.968594
0.968621
0.968635
0.968637
0.968628
0.968609
0.968582
0.968547
0.9685
0.96856
0.968547
0.968433
0.96821
0.967881
0.967462
0.966959
0.966378
0.965944
0.966145
0.9664
0.966613
0.966788
0.96693
0.967044
0.967132
0.967198
0.967245
0.967276
0.967291
0.967294
0.967287
0.96727
0.967245
0.967214
0.967177
0.967136
0.967091
0.967043
0.966993
0.966938
0.967105
0.967151
0.966983
0.966594
0.966003
0.965225
0.964272
0.963153
0.961878
0.960452
0.958879
0.957163
0.955306
0.953307
0.951168
0.948885
0.946456
0.943879
0.94115
0.938263
0.935214
0.931996
0.928605
0.925032
0.921272
0.917316
0.913158
0.90879
0.904204
0.899392
0.894346
0.889057
0.883517
0.877718
0.871652
0.865311
0.858685
0.851768
0.844551
0.837027
0.829187
0.821024
0.812531
0.803701
0.794527
0.785002
0.77512
0.765131
0.754761
0.744008
0.732866
0.72133
0.709397
0.696807
0.683825
0.67407
0.672334
0.674942
0.677363
0.679613
0.681704
0.683649
0.68546
0.687146
0.688716
0.690181
0.691547
0.692822
0.694012
0.695125
0.696165
0.696258
0.695395
0.693446
0.691151
0.688574
0.685719
0.682587
0.679178
0.675494
0.671535
0.667299
0.662786
-0.657996
-0.655553
-0.656498
-0.658242
-0.659867
-0.661384
-0.6628
-0.664123
-0.665359
-0.666515
-0.667597
-0.668609
-0.669558
-0.670446
-0.671279
-0.672061
-0.672794
-0.673482
-0.674129
-0.674736
-0.675307
-0.675844
-0.67635
-0.676825
-0.677273
-0.677695
-0.678092
-0.678467
-0.67882
-0.679153
-0.679468
-0.679764
-0.680044
-0.680309
-0.680558
-0.680794
-0.681017
-0.681228
-0.681427
-0.681616
-0.681794
-0.681963
-0.682122
-0.682273
-0.682416
-0.682551
-0.682679
-0.682801
-0.682916
-0.683024
-0.683128
-0.683225
-0.683318
-0.683406
-0.683489
-0.683568
-0.683642
-0.683713
-0.683426
-0.682152
-0.680199
-0.677594
-0.674679
-0.67146
-0.667943
-0.664131
-0.660029
-0.655639
-0.650964
-0.646003
-0.64076
-0.635233
-0.629423
-0.62333
-0.616952
-0.610289
-0.603338
-0.596098
-0.588569
-0.580746
-0.572629
-0.564215
-0.555502
-0.546488
-0.537171
-0.527547
-0.517617
-0.509918
-0.510511
-0.512621
-0.514595
-0.516443
-0.517756
-0.518053
-0.518058
-0.51773
-0.517403
-0.517234
-0.517363
-0.517371
-0.517217
-0.51665
-0.515658
-0.514249
-0.512429
-0.510203
-0.507578
-0.504559
-0.50115
-0.497357
-0.493183
-0.488632
-0.483708
-0.478415
-0.472754
-0.466728
-0.460341
-0.453595
-0.446492
-0.439034
-0.431222
-0.42306
-0.414548
-0.405688
-0.396482
-0.386931
-0.377038
-0.367986
-0.35953
-0.350983
-0.342237
-0.333292
-0.324288
-0.315616
-0.307999
-0.302545
-0.301936
-0.302183
-0.301935
-0.301415
-0.300601
-0.299798
-0.298986
-0.298348
-0.297835
-0.297449
-0.297144
-0.296931
-0.296798
-0.296733
-0.296728
-0.296773
-0.296862
-0.296988
-0.297145
-0.297227
-0.29672
-0.295434
-0.293267
-0.29076
-0.287923
-0.284712
-0.281125
-0.277037
-0.272419
-0.267371
-0.261953
-0.256171
-0.250029
-0.243532
-0.236685
-0.229489
-0.221951
-0.214071
-0.205855
-0.197304
-0.188422
-0.179211
-0.169675
-0.159817
-0.149639
-0.14269
-0.138733
-0.140446
-0.142081
-0.14364
-0.145126
-0.146543
-0.147894
-0.149181
-0.150407
-0.151575
-0.152687
-0.153747
-0.154755
-0.155715
-0.156629
-0.157498
-0.158326
-0.159113
-0.159862
-0.160575
-0.161253
-0.161898
-0.162242
-0.162212
-0.161861
-0.161142
-0.160069
-0.158423
-0.156273
-0.153491
-0.150244
-0.14637
-0.14186
-0.136986
-0.131752
-0.12616
-0.120216
-0.113921
-0.107278
-0.100292
-0.092965
-0.0853
-0.0773
-0.06897
-0.060311
-0.051328
-0.042023
-0.033628
-0.028104
-0.026154
-0.027852
-0.029466
-0.030999
-0.032454
-0.033837
-0.035149
-0.036396
-0.03758
-0.038705
-0.039772
-0.040786
-0.041749
-0.042663
-0.043532
-0.044356
-0.045139
-0.045883
-0.046589
-0.04726
-0.047897
-0.048501
-0.049076
-0.049621
-0.050139
-0.050631
-0.051236
-0.052134
-0.053358
-0.054593
-0.055791
-0.056928
-0.058006
-0.059029
-0.060001
-0.060922
-0.061797
-0.062627
-0.063438
-0.064257
-0.065133
-0.066061
-0.066966
-0.06785
-0.068689
-0.069508
-0.070285
-0.071023
-0.071723
-0.072413
-0.073049
-0.073714
-0.074381
-0.075007
-0.075595
-0.076148
-0.076668
-0.077157
-0.077618
-0.078051
-0.078481
-0.078886
-0.079267
-0.079627
-0.079966
-0.080286
-0.080577
-0.080852
-0.081111
-0.081355
-0.081585
-0.081802
-0.082007
-0.0822
-0.082383
-0.082556
-0.082719
-0.082873
-0.083018
-0.083156
-0.083286
-0.083409
-0.083526
-0.083636
-0.083741
-0.083839
-0.083933
-0.084021
-0.083914
-0.083753
-0.083256
-0.082539
-0.081608
-0.080636
-0.079701
-0.078803
-0.077941
-0.077113
-0.07632
-0.075561
-0.074833
-0.074243
-0.074436
-0.075558
-0.078016
-0.080863
-0.084095
-0.087707
-0.091694
-0.096054
-0.10078
-0.105869
-0.111315
-0.117115
-0.123264
-0.129757
-0.136588
-0.143754
-0.151247
-0.159065
-0.167201
-0.175649
-0.184404
-0.19346
-0.202811
-0.212451
-0.222373
-0.232571
-0.243037
-0.253766
-0.264748
-0.275978
-0.287447
-0.299146
-0.311068
-0.323203
-0.335543
-0.348078
-0.360799
-0.373697
-0.38676
-0.399978
-0.413342
-0.426838
-0.440457
-0.454187
-0.468014
-0.481928
-0.495915
-0.509962
-0.524057
-0.538185
-0.552334
-0.566488
-0.580634
-0.594756
-0.608841
-0.621021
-0.625129
-0.624722
-0.624196
-0.623643
-0.62307
-0.622483
-0.621886
-0.621283
-0.62068
-0.620078
-0.61948
-0.619152
-0.61921
-0.619893
-0.621185
-0.622851
-0.624823
-0.627095
-0.629662
-0.632519
-0.63566
-0.639079
-0.642769
-0.646722
-0.650457
-0.652282
-0.651766
-0.651239
-0.650705
-0.650166
-0.649626
-0.649089
-0.648556
-0.64803
-0.647576
-0.64764
-0.648155
-0.649275
-0.650863
-0.652738
-0.654896
-0.657332
-0.660043
-0.663024
-0.666267
-0.669767
-0.673518
-0.677512
-0.681743
-0.686202
-0.690881
-0.695772
-0.700867
-0.706156
0.71163
0.715621
0.717666
0.717378
0.717058
0.716712
0.716345
0.715964
0.71557
0.715169
0.714763
0.714355
0.713947
0.71354
0.713138
0.712741
0.712351
0.711968
0.711593
0.711227
0.710871
0.710524
0.710187
0.709861
0.709545
0.70924
0.708945
0.70866
0.708386
0.708122
0.707869
0.707661
0.707504
0.707382
0.707266
0.707155
0.70705
0.706964
0.706969
0.707147
0.707543
0.70801
0.708626
0.709235
0.70982
0.710386
0.710917
0.711406
0.711866
0.712344
0.712803
0.713223
0.713607
0.71396
0.714292
0.714606
0.714902
0.715174
0.715422
0.71565
0.715859
0.715883
0.715818
0.715624
0.715319
0.714905
0.71449
0.714074
0.713662
0.713254
0.712851
0.712455
0.712067
0.711687
0.711316
0.710955
0.710268
0.708839
0.706819
0.704233
0.701297
0.698022
0.694421
0.690502
0.686273
-0.681742
-0.676914
-0.671793
-0.666382
-0.660686
-0.654704
-0.648439
-0.641891
-0.63506
-0.627946
-0.620548
-0.612866
-0.604896
-0.596639
-0.588091
-0.579251
-0.570117
-0.560687
-0.550959
-0.54093
-0.530598
-0.519961
-0.509017
-0.497765
-0.486202
-0.474327
-0.462139
-0.449636
-0.436819
-0.423685
-0.410235
-0.396469
-0.382387
-0.367991
-0.35328
-0.338256
-0.322922
-0.307279
-0.294482
-0.290125
-0.292533
-0.294798
-0.296929
-0.298934
-0.300822
-0.3026
-0.304274
-0.305852
-0.307339
-0.308742
-0.310064
-0.311074
-0.310595
-0.308789
-0.306316
-0.303466
-0.300242
-0.296648
-0.292685
-0.288357
-0.283666
-0.278616
-0.273208
-0.267445
-0.261328
-0.254861
-0.248045
-0.240882
-0.233375
-0.225524
-0.217333
-0.208802
-0.199935
-0.190734
-0.181201
-0.171338
-0.161148
-0.150635
-0.1398
-0.128647
-0.117179
-0.1054
-0.093314
-0.080924
-0.068235
-0.055251
-0.041977
-0.028418
-0.014579
-0.000467
0.013912
0.028554
0.043449
0.058592
0.073975
0.083954
0.085127
0.083151
0.081266
0.079468
0.077755
0.076123
0.074568
0.073086
0.071676
0.070332
0.069054
0.067836
0.066678
0.065576
0.064527
0.063492
0.062362
0.061044
0.059669
0.05824
0.056782
0.05532
0.053807
0.052171
0.050518
0.048811
0.04715
0.04556
0.044041
0.042562
0.0411
0.03968
0.038254
0.036874
0.035578
0.034361
0.033218
0.032143
0.031133
0.030182
0.029287
0.028445
0.027651
0.027286
0.027224
0.027799
0.028562
0.029292
0.029992
0.030663
0.031304
0.031917
0.032503
0.033064
0.033599
0.034111
0.034599
0.035066
0.03551
0.035935
0.03634
0.036726
0.037094
0.037445
0.03778
0.038098
0.038402
0.038692
0.038967
0.03923
0.03948
0.039718
0.039945
0.04016
0.040366
0.040561
0.040747
0.040924
0.041092
0.041253
0.04147
0.041825
0.04221
0.042601
0.042972
0.043324
0.04366
0.043979
0.044282
0.04457
0.044844
0.044884
0.044857
0.044832
0.044808
0.044784
0.044762
0.044742
0.044721
0.044703
0.044685
0.044668
0.044652
0.044637
0.044622
0.044608
0.044595
0.044583
0.044571
0.04456
0.044549
0.044539
0.044529
0.04452
0.044511
0.044503
0.044495
0.044375
0.044237
0.044106
0.043982
0.043863
0.043751
0.043644
0.043543
0.043446
0.043355
0.043268
0.043185
0.043107
0.043032
0.042961
0.042894
0.04283
0.042769
0.042712
0.042657
0.042605
0.042555
0.042508
0.042464
0.042421
0.042381
0.042343
0.042306
0.042272
0.042239
0.042208
0.042179
0.042288
0.042391
0.042489
0.042583
0.042672
0.042756
0.042836
0.042913
0.042985
0.043054
0.043119
0.043181
0.04324
0.043296
0.043349
0.0434
0.043448
0.043493
0.043537
0.043578
0.043618
0.043655
0.043428
0.042918
0.042161
0.041342
0.040391
0.039314
0.038214
0.037138
0.036036
0.034817
0.033431
0.032035
0.030624
0.029273
0.028026
0.026879
0.025856
0.024917
0.024054
0.023288
0.022613
0.021994
0.021446
0.020953
0.020502
0.019958
0.019161
0.01789
0.016145
0.014041
0.011545
0.00864
0.005311
0.00156
-0.002609
-0.007192
-0.012185
-0.017583
-0.023383
-0.029579
-0.036167
-0.043119
-0.050453
-0.058164
-0.066246
-0.074692
-0.083498
-0.092657
-0.102101
-0.111784
-0.121556
-0.131632
-0.142029
-0.152759
-0.163792
-0.175143
-0.186803
-0.198764
-0.211015
-0.223549
-0.233208
-0.236957
-0.236524
-0.236109
-0.236033
-0.236258
-0.237108
-0.23813
-0.239108
-0.239969
-0.240633
-0.241126
-0.241469
-0.241681
-0.241723
-0.241537
-0.241055
-0.24038
-0.239579
-0.238722
-0.237848
-0.236952
-0.235578
-0.233594
-0.231001
-0.22774
-0.224038
-0.219907
-0.215358
-0.210402
-0.205049
-0.199307
-0.193186
-0.186691
-0.179831
-0.172611
-0.165037
-0.157116
-0.148851
-0.140249
-0.131329
-0.122109
-0.112565
-0.102717
-0.092553
-0.082076
-0.07129
-0.060199
-0.048806
-0.036923
-0.024665
-0.012055
0.000898
0.014131
0.027619
0.034769
0.034745
0.033723
0.032721
0.03174
0.030783
0.029851
0.028945
0.028066
0.027213
0.026389
0.025591
0.024822
0.02408
0.023365
0.022676
0.022014
0.021378
0.020767
0.02018
0.019618
0.019079
0.018563
0.018068
0.017595
0.017142
0.016709
0.016294
0.015899
0.01552
0.015159
0.014815
0.014621
0.014951
0.015885
0.017806
0.020447
0.023829
0.02758
0.031696
0.036174
0.039938
0.041871
0.041862
0.040992
0.040162
0.039372
0.038619
0.037902
0.037219
0.036568
0.035949
0.03536
0.034799
0.034265
0.033757
0.033273
0.032813
0.03277
0.033864
0.03601
0.038871
0.042214
0.045923
0.049996
0.054429
0.059218
0.064362
0.069855
0.075695
0.081877
0.088399
0.095255
0.102442
0.109955
0.11779
0.125943
0.134408
0.143182
0.147739
0.147099
0.145692
0.144349
0.143066
0.141841
0.140673
0.139557
0.138494
0.137479
0.136512
0.13559
0.134712
0.133875
0.133077
0.132318
0.131595
0.130906
0.13025
0.129626
0.129031
0.128466
0.127928
0.127416
0.126928
0.126465
0.126023
0.125604
0.125205
0.124826
0.124465
0.124121
0.123795
0.123485
0.12319
0.122909
0.122643
0.122389
0.122148
0.121919
0.121701
0.121494
0.121297
0.12111
0.120933
0.120764
0.120603
0.120451
0.120306
0.120168
0.120037
0.119913
0.119708
0.119001
0.118157
0.117279
0.11637
0.115004
0.112853
0.109937
0.106407
0.102566
0.098411
0.093942
0.08916
0.084058
0.07862
0.072859
0.066761
0.060328
0.053557
0.046451
0.03901
0.031235
0.023129
0.014692
0.007922
0.004498
0.00352
0.003599
0.003797
0.004495
0.005395
0.006275
0.007133
0.007969
0.008782
0.00957
0.010333
0.011072
0.011786
0.012475
0.01314
0.013819
0.01525
0.01757
0.021057
0.025042
0.029351
0.033981
0.03893
0.044198
0.049786
0.055688
0.061902
0.068425
0.075252
0.082388
0.08983
0.097577
0.105626
0.113975
0.122621
0.13156
0.140789
0.150305
0.160102
0.170154
0.180479
0.191059
0.201902
0.213002
0.224353
0.23595
0.247785
0.259853
0.272145
0.284655
0.297362
0.31027
0.323372
0.336658
0.350118
0.363744
0.377525
0.391451
0.405511
0.419694
0.432388
0.442102
0.447412
0.447038
0.446677
0.446328
0.445992
0.445731
0.445392
0.445032
0.444596
0.444054
0.443414
0.442771
0.442121
0.441467
0.440813
0.439831
0.43853
0.436239
0.433173
0.429588
0.425585
0.421178
0.41638
0.411202
0.405655
0.399748
0.393489
0.386991
0.380177
0.373067
0.36568
0.358007
0.35005
0.341848
0.333401
0.324676
0.315673
0.306375
0.296799
0.286925
0.276775
0.266306
0.255519
0.244416
0.233016
0.2213
0.209271
0.196928
0.184276
0.171316
0.158051
0.144484
0.130618
0.116457
0.102006
0.087269
0.07225
0.056955
0.041389
0.025559
0.009471
-0.006868
-0.023451
-0.04027
-0.057316
-0.074582
-0.092222
-0.110133
-0.1284
-0.146937
-0.165684
-0.184602
-0.203638
-0.222776
-0.241986
-0.261273
-0.280607
-0.299974
-0.315071
-0.322114
-0.32559
-0.327084
-0.326525
-0.325959
-0.325377
-0.324676
-0.323827
-0.322928
-0.322039
-0.321161
-0.320299
-0.319454
-0.318627
-0.317821
-0.317035
-0.315991
-0.314551
-0.313019
-0.311503
-0.310045
-0.308662
-0.307348
-0.306102
-0.305093
-0.304235
-0.303527
-0.302929
-0.302408
-0.301923
-0.301455
-0.301728
-0.302213
-0.302707
-0.303213
-0.303731
-0.304267
-0.30482
-0.305422
-0.306043
-0.30672
-0.307452
-0.308207
-0.309025
-0.309905
-0.310939
-0.312221
-0.313727
-0.315478
-0.317514
-0.319892
-0.322741
-0.326161
-0.330201
-0.334864
-0.340083
-0.34576
-0.35089
-0.355129
-0.358096
-0.359769
-0.360605
-0.36106
-0.361478
-0.361863
-0.362217
-0.362977
-0.36409
-0.36546
-0.367148
-0.369414
-0.371949
-0.37544
-0.380718
-0.386793
-0.393202
-0.399857
-0.404524
-0.407086
-0.407491
-0.406803
-0.406108
-0.405506
-0.405268
-0.405573
-0.406526
-0.408192
-0.410377
-0.412934
-0.415859
-0.419145
-0.422783
-0.426769
-0.431093
-0.435749
-0.44073
-0.446028
-0.451636
-0.457545
-0.463748
-0.470235
-0.477
-0.484034
-0.491328
-0.498874
-0.506661
-0.514681
-0.522925
-0.531383
-0.540046
-0.548902
-0.557941
-0.567154
-0.576528
-0.586054
-0.595719
-0.605513
-0.615424
-0.625439
-0.635547
-0.645734
-0.655989
-0.666298
-0.676648
-0.687027
-0.695844
-0.701889
-0.7027
-0.702408
-0.702028
-0.701569
-0.701052
-0.700482
-0.699875
-0.699238
-0.698569
-0.697884
-0.697188
-0.696485
-0.695791
-0.695088
-0.694376
-0.693673
-0.692954
-0.69223
-0.691492
-0.690781
-0.690057
-0.689334
-0.68863
-0.687945
-0.687281
-0.686621
-0.685999
-0.68547
-0.685301
-0.685355
-0.6854
-0.685426
-0.68545
-0.685739
-0.686135
-0.686607
-0.687159
-0.687847
-0.688635
-0.689564
-0.690623
-0.691743
-0.692667
-0.692725
-0.692523
-0.692568
-0.693073
-0.693791
-0.694607
-0.695473
-0.696325
-0.697098
-0.6978
-0.698449
-0.69907
-0.699703
-0.700301
-0.700864
-0.701383
-0.701846
-0.702257
-0.702623
-0.702948
-0.703237
-0.703493
-0.703719
-0.703919
-0.704095
-0.704251
-0.704387
-0.704507
-0.704564
-0.704636
-0.704963
-0.705602
0.706598
0.707966
0.70963
0.711583
0.713817
0.716324
0.719096
0.722124
0.725399
0.728913
0.731507
0.73293
0.733026
0.732807
0.732545
0.732249
0.731925
0.731578
0.731214
0.730836
0.730449
0.73009
0.730011
0.730457
0.731327
0.732567
0.73407
0.73583
0.737843
0.740103
0.742605
0.745341
0.748306
0.751492
0.754891
0.758496
0.762298
0.766289
0.77046
0.774801
0.779303
0.783957
0.788751
0.793677
0.798185
0.802455
0.806467
0.810098
0.813269
0.816017
0.818547
0.820801
0.822935
0.824948
0.826949
0.828886
0.830754
0.832558
0.83435
0.836133
0.837907
0.839672
0.841429
0.843177
0.844919
0.846652
0.848379
0.850099
0.851812
0.853518
0.855716
0.858795
0.862867
0.867481
0.8724
0.877443
0.882494
0.887486
0.892409
0.897252
0.900788
0.902213
0.902481
0.902695
0.902861
0.902986
0.903074
0.90313
0.903158
0.903163
0.903148
0.903115
0.903067
0.903007
0.902935
0.902839
0.902703
0.90272
0.902795
0.902853
0.902873
0.90286
0.90288
0.902656
0.902435
0.902264
0.902138
0.901997
0.901862
0.901733
0.90161
0.901493
0.90138
0.901273
0.901261
0.901656
0.902317
0.903173
0.904154
0.905221
0.906365
0.907588
0.908892
0.910277
0.911741
0.913283
0.914898
0.916584
0.918336
0.920148
0.922014
0.923928
0.925881
0.927866
0.929876
0.9319
0.933931
0.935957
0.937971
0.939961
0.941916
0.943827
0.945682
0.94747
0.94918
0.950799
0.952316
0.953719
0.954996
0.956135
0.957123
0.957948
0.958598
0.959059
0.959321
0.95937
0.959193
0.958778
0.958113
0.957885
0.958491
0.959805
0.961379
0.962801
0.964087
0.965248
0.966297
0.967245
0.968102
0.968876
0.969575
0.970208
0.970779
0.971003
0.970834
0.970352
0.969684
0.968993
0.96828
0.967543
0.966778
0.965984
0.965156
0.964289
0.96338
0.962422
0.962005
0.96231
0.963383
0.964415
0.965351
0.9662
0.96697
0.967668
0.968302
0.968877
0.969399
0.969873
0.970303
0.970694
0.971049
0.971372
0.971666
0.971932
0.972175
0.972396
0.972598
0.972781
0.972948
0.9731
0.973239
0.973366
0.973481
0.973587
0.973683
0.973771
0.973852
0.973925
0.973993
0.974054
0.974111
0.974163
0.974211
0.974254
0.974294
0.974331
0.974365
0.974396
0.974425
0.974451
0.974476
0.974498
0.974519
0.974538
0.974555
0.974572
0.974587
0.974601
0.974614
0.974626
0.974637
0.974647
0.974657
0.974666
0.974674
0.974682
0.974689
0.974696
0.974702
0.974708
0.974714
0.974719
0.974724
0.974728
0.974732
0.974736
0.97474
0.974755
0.974833
0.974904
0.974925
0.974866
0.974736
0.974542
0.974289
0.973981
0.973621
0.973211
0.972751
0.972238
0.971673
0.971591
0.971863
0.9723
0.972694
0.973048
0.973368
0.973656
0.973915
0.974148
0.974358
0.974548
0.974718
0.974871
0.975009
0.975133
0.975245
0.975345
0.975436
0.975517
0.97559
0.975655
0.975714
0.975767
0.975815
0.975857
0.975896
0.97593
0.975961
0.975988
0.976013
0.976035
0.976055
0.976073
0.976089
0.976103
0.976115
0.976127
0.976137
0.976146
0.976154
0.976161
0.976167
0.976173
0.976178
0.976182
0.976186
0.97619
0.976193
0.976195
0.976198
0.9762
0.976202
0.976203
0.976205
0.976206
0.976207
0.976208
0.976208
0.976209
0.97621
0.97621
0.97621
0.976211
0.976211
0.976211
0.976211
0.976211
0.976211
0.976211
0.976211
0.976211
0.976211
0.976211
0.976211
0.976211
0.976211
0.976211
0.976211
0.976211
0.976211
0.97621
0.97621
0.97621
0.97621
0.97621
0.97621
0.97621
0.97621
0.97621
0.976209
0.976209
0.976209
0.976209
0.976209
0.976209
0.976209
0.976209
0.976209
0.976209
0.976209
0.976208
0.976208
0.976208
0.976208
0.976208
0.976208
0.976208
0.976208
0.976208
0.976208
0.976208
0.976208
0.976208
0.976208
0.976208
0.976207
0.976207
0.976207
0.976207
0.976207
0.976207
0.976207
0.976207
0.976207
0.976207
0.976207
0.976206
0.976205
0.976204
0.976203
0.976202
0.976201
0.9762
0.976199
0.976197
0.976196
0.976194
0.976193
0.976191
0.97619
0.976188
0.976187
0.976186
0.976184
0.976183
0.976181
0.97618
0.976179
0.976178
0.976177
0.976176
0.976174
0.976172
0.97617
0.976169
0.976167
0.976165
0.976163
0.976161
0.976159
0.976158
0.976156
0.976155
0.976153
0.976152
0.976151
0.976149
0.976148
0.976147
0.976146
0.976145
0.976144
0.976143
0.976142
0.976141
0.97614
0.976139
0.976138
0.976137
0.976137
0.976133
0.976125
0.976115
0.976101
0.976085
0.976064
0.976042
0.976012
0.975967
0.976104
0.97622
0.976344
0.976467
0.976615
0.976738
0.976864
0.976974
0.977069
0.977152
0.977224
0.977347
0.977315
0.977307
0.977311
0.977308
0.977301
0.97729
0.977274
0.977256
0.977235
0.977212
0.977188
0.977162
0.977135
0.977108
0.977091
0.977115
0.977165
0.9772
0.977213
0.977196
0.977152
0.97708
0.97698
0.976846
0.976685
0.9765
0.976427
0.976442
0.976459
0.976473
0.976484
0.976492
0.976499
0.976503
0.976505
0.976507
0.976507
0.976505
0.976503
0.9765
0.976497
0.976493
0.976488
0.976483
0.976478
0.976473
0.976467
0.976462
0.976446
0.976354
0.976185
0.975904
0.975535
0.975094
0.974645
0.974327
0.974387
0.974576
0.974746
0.974899
0.975037
0.975162
0.975274
0.975375
0.975466
0.975549
0.975622
0.975689
0.975749
0.975803
0.975852
0.975896
0.975935
0.975971
0.976003
0.976032
0.976058
0.976081
0.976102
0.976121
0.976138
0.976153
0.976167
0.97618
0.976191
0.976201
0.97621
0.976218
0.976225
0.976231
0.976237
0.976242
0.976247
0.976251
0.976255
0.976258
0.976261
0.976264
0.976266
0.976268
0.97627
0.976272
0.976274
0.976275
0.976276
0.976277
0.976278
0.976279
0.97628
0.97628
0.976281
0.976282
0.976282
0.976282
0.976283
0.976283
0.976283
0.976284
0.976284
0.976284
0.976284
0.976284
0.976284
0.976284
0.976285
0.976285
0.976285
0.976285
0.976285
0.976285
0.976285
0.976285
0.976285
0.976285
0.976285
0.976285
0.976285
0.976285
0.976285
0.976285
0.976285
0.976285
0.976285
0.976285
0.976285
0.976285
0.976285
0.976285
0.976285
0.976285
0.976285
0.976284
0.976284
0.976284
0.976284
0.976284
0.976284
0.976284
0.976284
0.976284
0.976284
0.976284
0.976284
0.976284
0.976284
0.976284
0.976284
0.976284
0.976284
0.976277
0.976245
0.976169
0.976018
0.97579
0.975496
0.975145
0.974743
0.974418
0.974187
0.974238
0.974414
0.974573
0.974717
0.974848
0.974966
0.975073
0.97517
0.975259
0.975338
0.975411
0.975477
0.975536
0.97559
0.975492
0.97529
0.974979
0.974619
0.974224
0.973797
0.973339
0.972853
0.972339
0.971798
0.971229
0.970632
0.970007
0.969351
0.968664
0.967942
0.967185
0.966389
0.965551
0.964669
0.96374
0.96276
0.961725
0.960633
0.95948
0.95826
0.956972
0.95561
0.955291
0.955827
0.956874
0.957827
0.958695
0.959485
0.960204
0.960859
0.961456
0.962001
0.962497
0.96295
0.963364
0.963742
0.964087
0.964403
0.964691
0.964955
0.965197
0.965419
0.965622
0.965808
0.965978
0.966135
0.966279
0.966412
0.966516
0.966612
0.966701
0.966784
0.96686
0.966931
0.966997
0.967058
0.967114
0.967167
0.967216
0.967262
0.967304
0.967372
0.967519
0.967915
0.968425
0.969055
0.969669
0.970247
0.970769
0.971219
0.971604
0.971932
0.972045
0.971976
0.971837
0.971705
0.971574
0.971455
0.971342
0.971119
0.970701
0.970089
0.969306
0.968365
0.967274
0.966042
0.964676
0.963179
0.961555
0.959806
0.957932
0.955933
0.953806
0.95155
0.949162
0.946636
0.943969
0.941155
0.938188
0.935062
0.931771
0.92871
0.925504
0.922148
0.918635
0.91496
0.911116
0.907097
0.902896
0.898508
0.894003
0.889686
0.885587
0.881657
0.877995
0.875978
0.876048
0.877708
0.879238
0.880647
0.881946
0.883145
0.884251
0.885274
0.886218
0.887092
0.887901
0.88865
0.889344
0.889987
0.890584
0.891138
0.891653
0.892132
0.892577
0.892991
0.892815
0.89204
0.890973
0.889755
0.888427
0.886992
0.885451
0.883803
0.882051
0.880192
0.878227
0.876156
0.873976
0.871687
0.869662
0.867988
0.866931
0.86719
0.868275
0.86928
0.87021
0.871072
0.871872
0.872614
0.873303
0.873944
0.874539
0.875093
0.875609
0.87609
0.876537
0.876955
0.877345
0.877709
0.877866
0.877556
0.876895
0.875854
0.874593
0.873192
0.871676
0.870046
0.868304
0.866451
0.864486
0.862329
0.859967
0.857386
0.854669
0.852953
0.852593
0.853654
0.854637
0.85555
0.856397
0.857184
0.857915
0.858595
0.859228
0.859818
0.860367
0.860879
0.861357
0.861803
0.86222
0.862609
0.862973
0.863314
0.863633
0.863931
0.864211
0.864496
0.864808
0.865101
0.865374
0.865643
0.865909
0.865471
0.86457
0.863195
0.861336
0.859234
0.856915
0.854384
0.851643
0.848695
0.845541
0.84218
0.838614
0.835425
0.833874
0.835178
0.836384
0.837499
0.838531
0.839486
0.840372
0.841192
0.841954
0.842661
0.843163
0.843633
0.844073
0.844483
0.844868
0.845228
0.845565
0.845882
0.846178
0.846268
0.8458
0.844777
0.843581
0.842275
0.840859
0.839304
0.83764
0.835868
0.833988
0.832001
0.829907
0.827707
0.825399
0.822984
0.820461
0.817828
0.815086
0.812233
0.809268
0.80619
0.802997
0.799687
0.79626
0.792714
0.789047
0.785257
0.781343
0.777303
0.773136
0.768589
0.76364
0.757628
0.751126
0.743999
0.736512
0.728751
0.720712
0.71239
0.703779
0.694875
0.685673
0.676169
0.671384
0.672545
0.674644
0.676597
0.678415
0.680108
0.681687
0.683159
0.684532
0.685814
0.687012
0.688131
0.689039
0.688605
0.687153
0.685013
0.682588
0.67988
0.676892
0.673624
0.670077
0.666252
-0.662148
-0.657765
-0.653103
-0.648159
-0.642933
-0.637424
-0.631628
-0.625545
-0.619172
-0.612506
-0.605545
-0.598288
-0.59073
-0.58287
-0.574705
-0.566233
-0.55745
-0.548355
-0.538945
-0.529217
-0.519171
-0.508803
-0.498112
-0.487096
-0.475754
-0.464085
-0.452088
-0.439761
-0.427105
-0.414119
-0.400804
-0.38716
-0.373188
-0.358889
-0.344265
-0.329317
-0.314049
-0.298462
-0.28256
-0.266346
-0.249825
-0.233002
-0.21588
-0.198465
-0.180764
-0.162782
-0.144527
-0.126005
-0.107226
-0.088196
-0.068925
-0.049422
-0.029697
-0.00976
0.010377
0.030704
0.051208
0.069457
0.083689
0.087182
0.085128
0.083168
0.081299
0.079517
0.077819
0.0762
0.074659
0.07319
0.071792
0.070461
0.069193
0.06795
0.066671
0.065283
0.063841
0.062253
0.060668
0.059083
0.057564
0.056098
0.054667
0.053292
0.051994
0.050768
0.04961
0.048515
0.047481
0.046503
0.045578
0.044703
0.043876
0.043093
0.042352
0.041651
0.040988
0.04036
0.039765
0.039202
0.038668
0.038163
0.037684
0.037231
0.036801
0.036394
0.036008
0.035642
0.035295
0.034966
0.034654
0.034358
0.034077
0.033812
0.033559
0.03332
0.033093
0.032877
0.032673
0.032479
0.032479
0.032753
0.033309
0.033835
0.03434
0.034932
0.035647
0.036437
0.037257
0.038086
0.038896
0.039687
0.040463
0.040913
0.041224
0.041413
0.041594
0.041766
0.04193
0.042087
0.042236
0.042379
0.042514
0.042644
0.042767
0.042884
0.042996
0.043167
0.043476
0.043842
0.044287
0.044808
0.045424
0.046065
0.046717
0.047332
0.047911
0.048456
0.04897
0.049455
0.049912
0.050344
0.050751
0.051135
0.051498
0.051841
0.052165
0.052309
0.052381
0.05245
0.052515
0.052531
0.052499
0.052355
0.052054
0.051726
0.051413
0.051114
0.050829
0.050557
0.050298
0.05005
0.049815
0.04959
0.049376
0.049172
0.048977
0.048792
0.048616
0.048448
0.048288
0.048136
0.047991
0.047853
0.047722
0.047597
0.047478
0.047365
0.047258
0.047156
0.047058
0.046966
0.046878
0.046794
0.046715
0.046639
0.046567
0.046499
0.046434
0.046372
0.046313
0.046258
0.046205
0.046154
0.046106
0.046061
0.046017
0.045976
0.045937
0.0459
0.045865
0.045831
0.045799
0.045769
0.045741
0.045713
0.045687
0.045663
0.045639
0.045617
0.045596
0.045576
0.045557
0.045539
0.045522
0.045506
0.04549
0.045476
0.045462
0.045449
0.045436
0.045424
0.045413
0.045402
0.045392
0.045382
0.045373
0.045364
0.045356
0.045348
0.045341
0.045334
0.045327
0.045321
0.045315
0.045309
0.045304
0.045299
0.045294
0.045289
0.045285
0.045281
0.045277
0.045273
0.04527
0.045267
0.045264
0.045261
0.045258
0.045256
0.045253
0.045251
0.045249
0.045246
0.045244
0.045243
0.045241
0.045239
0.045238
0.045236
0.045235
0.045233
0.045232
0.045231
0.04523
0.045229
0.045228
0.045227
0.045226
0.045225
0.045225
0.045224
0.045223
0.045223
0.045222
0.045222
0.045221
0.045221
0.045221
0.044851
0.044156
0.043215
0.042223
0.041206
0.040164
0.039096
0.037643
0.035577
0.032357
0.028322
0.023684
0.0187
0.013373
0.007705
0.0017
-0.004639
-0.011311
-0.018311
-0.025637
-0.033285
-0.041252
-0.049534
-0.058128
-0.067029
-0.076233
-0.085737
-0.095535
-0.105624
-0.114573
-0.121406
-0.122847
-0.12122
-0.119645
-0.118141
-0.116683
-0.115292
-0.113965
-0.1127
-0.111495
-0.111057
-0.111814
-0.113393
-0.115847
-0.118727
-0.121989
-0.125629
-0.129644
-0.134029
-0.138779
-0.143891
-0.14936
-0.155181
-0.16135
-0.167861
-0.174709
-0.18189
-0.189397
-0.197225
-0.205368
-0.213821
-0.222577
-0.23163
-0.240974
-0.250602
-0.260506
-0.27068
-0.281116
-0.291807
-0.302744
-0.31392
-0.32521
-0.33663
-0.348215
-0.360001
-0.371956
-0.384098
-0.396418
-0.408919
-0.421604
-0.434461
-0.447478
-0.460631
-0.47392
-0.487322
-0.500834
-0.514443
-0.528136
-0.541989
-0.55592
-0.569899
-0.583913
-0.597926
-0.611946
-0.625926
-0.63984
-0.653662
-0.667378
-0.68097
-0.694421
0.707717
0.720843
0.733782
0.744939
0.753476
0.756066
0.756239
0.756319
0.756319
0.756251
0.756124
0.755948
0.755731
0.755479
0.755199
0.754896
0.754575
0.75424
0.753895
0.753454
0.752946
0.752473
0.752003
0.751522
0.751043
0.750532
0.75002
0.749494
0.748968
0.748445
0.747925
0.747412
0.746888
0.746373
0.745866
0.745369
0.744882
0.744406
0.743941
0.743487
0.743045
0.742746
0.742471
0.742121
0.741796
0.741547
0.741302
0.741076
0.74087
0.74065
0.74035
0.739899
0.739126
0.738163
0.736872
0.735463
0.733964
0.732365
0.730626
0.728779
0.726773
0.72469
0.722532
0.720297
0.717987
0.715601
0.713139
0.710602
0.707989
0.705299
0.702533
0.699691
0.69677
0.693772
0.690697
0.687542
0.684308
0.680995
0.677602
0.674128
-0.670573
-0.666936
-0.663217
-0.659416
-0.655531
-0.651563
-0.647511
-0.643374
-0.639153
-0.634846
-0.630453
-0.625974
-0.621409
-0.616756
-0.612016
-0.60719
-0.602275
-0.597272
-0.59218
-0.587
-0.581731
-0.576373
-0.571909
-0.56786
-0.565354
-0.565008
-0.566357
-0.567621
-0.568807
-0.56992
-0.570964
-0.571945
-0.572867
-0.573897
-0.575179
-0.576544
-0.577866
-0.579122
-0.580319
-0.581503
-0.58291
-0.584338
-0.585731
-0.587073
-0.588311
-0.589453
-0.590508
-0.591501
-0.592418
-0.593266
-0.594052
-0.594779
-0.595453
-0.596077
-0.596657
-0.597195
-0.597695
-0.59816
-0.598592
-0.598995
-0.59937
-0.599719
-0.600044
-0.600348
-0.600632
-0.600896
-0.601144
-0.601375
-0.601592
-0.6016
-0.601497
-0.601329
-0.601098
-0.600699
-0.600223
-0.599757
-0.599302
-0.598859
-0.598429
-0.598011
-0.597607
-0.597216
-0.596837
-0.596472
-0.59612
-0.595781
-0.595454
-0.59514
-0.594838
-0.594548
-0.59427
-0.594003
-0.593748
-0.593503
-0.593268
-0.593043
-0.592828
-0.592623
-0.592426
-0.592239
-0.592059
-0.591888
-0.591725
-0.591568
-0.591419
-0.591277
-0.591141
-0.591012
-0.590889
-0.590771
-0.590659
-0.590552
-0.59045
-0.590353
-0.590261
-0.590173
-0.590089
-0.590009
-0.590001
-0.590165
-0.590432
-0.590723
-0.591034
-0.591348
-0.591644
-0.591923
-0.592187
-0.592453
-0.592705
-0.592943
-0.593167
-0.59338
-0.593581
-0.593771
-0.59395
-0.59412
-0.594281
-0.594433
-0.594577
-0.594713
-0.594842
-0.594964
-0.59508
-0.595189
-0.595293
-0.595391
-0.595484
-0.595606
-0.595771
-0.596092
-0.596647
-0.597444
-0.598247
-0.599009
-0.599711
-0.600351
-0.600934
-0.601466
-0.601951
-0.602394
-0.602798
-0.603166
-0.603504
-0.603812
-0.604093
-0.604351
-0.60448
-0.60452
-0.6045
-0.604412
-0.604256
-0.604061
-0.60382
-0.603569
-0.603323
-0.603082
-0.602847
-0.602606
-0.602372
-0.602145
-0.601924
-0.60171
-0.601504
-0.601304
-0.601112
-0.600926
-0.600747
-0.600575
-0.600409
-0.60025
-0.600098
-0.599951
-0.59981
-0.599661
-0.599517
-0.59938
-0.599248
-0.599122
-0.599002
-0.598887
-0.598777
-0.598671
-0.598571
-0.598474
-0.598383
-0.598416
-0.598478
-0.598568
-0.598737
-0.598934
-0.599134
-0.599367
-0.59965
-0.599965
-0.600343
-0.600761
-0.601285
-0.601795
-0.602259
-0.602682
-0.603079
-0.60344
-0.603769
-0.60407
-0.604343
-0.604593
-0.604822
-0.60503
-0.60522
-0.605397
-0.605576
-0.605758
-0.605922
-0.60607
-0.606205
-0.606327
-0.606437
-0.606537
-0.606574
-0.606534
-0.606431
-0.606261
-0.606015
-0.605687
-0.605227
-0.604738
-0.60424
-0.603735
-0.603228
-0.602721
-0.602216
-0.601717
-0.601223
-0.600738
-0.600262
-0.599796
-0.59934
-0.598897
-0.598466
-0.598048
-0.597642
-0.597249
-0.596869
-0.596503
-0.596149
-0.595808
-0.59548
-0.595164
-0.59486
-0.594568
-0.594289
-0.59402
-0.593762
-0.593516
-0.593279
-0.593053
-0.592837
-0.592629
-0.592431
-0.592242
-0.592061
-0.591888
-0.591723
-0.591566
-0.591415
-0.591272
-0.591135
-0.591005
-0.59088
-0.590762
-0.590648
