0.0
-0.007713
-0.01504
-0.021999
-0.028608
-0.034884
-0.040844
-0.046503
-0.051876
-0.056978
-0.061822
-0.066422
-0.070788
-0.074934
-0.07887
-0.082607
-0.086155
-0.089523
-0.092722
-0.095758
-0.098641
-0.101378
-0.103977
-0.106445
-0.108788
-0.111013
-0.113125
-0.115131
-0.117036
-0.118845
-0.120562
-0.122193
-0.123742
-0.125213
-0.12661
-0.127936
-0.129196
-0.130392
-0.131528
-0.132607
-0.133632
-0.134605
-0.13553
-0.136408
-0.137241
-0.138033
-0.138785
-0.1395
-0.140178
-0.140823
-0.141435
-0.142016
-0.142569
-0.143093
-0.143592
-0.144065
-0.144514
-0.144941
-0.145347
-0.145732
-0.146098
-0.146446
-0.146776
-0.14709
-0.147388
-0.147671
-0.14794
-0.148195
-0.148438
-0.148668
-0.148887
-0.149095
-0.149293
-0.149481
-0.149659
-0.149828
-0.149989
-0.150142
-0.150287
-0.150425
-0.150556
-0.150681
-0.150799
-0.150911
-0.151018
-0.151119
-0.151216
-0.151307
-0.151394
-0.151476
-0.151555
-0.151629
-0.1517
-0.151767
-0.151831
-0.151892
-0.151949
-0.152004
-0.152056
-0.152106
-0.152152
-0.152197
-0.152239
-0.15228
-0.152318
-0.152354
-0.152389
-0.152422
-0.152453
-0.152482
-0.152511
-0.152537
-0.152563
-0.152587
-0.152609
-0.152631
-0.152652
-0.152672
-0.15269
-0.152708
-0.152725
-0.152741
-0.152756
-0.15277
-0.152784
-0.152797
-0.152809
-0.152821
-0.152832
-0.152843
-0.152853
-0.152863
-0.152872
-0.15288
-0.152889
-0.152896
-0.152904
-0.152911
-0.152918
-0.152924
-0.15293
-0.152936
-0.152941
-0.152946
-0.152951
-0.152956
-0.15296
-0.152964
-0.152969
-0.152972
-0.152976
-0.152979
-0.152983
-0.152986
-0.152989
-0.152991
-0.152994
-0.152996
-0.152999
-0.153001
-0.153003
-0.153005
-0.153007
-0.153009
-0.153011
-0.153013
-0.153014
-0.153016
-0.153017
-0.153019
-0.15302
-0.153021
-0.153022
-0.153023
-0.153024
-0.153026
-0.153026
-0.153027
-0.153028
-0.153029
-0.15303
-0.15303
-0.153031
-0.153031
-0.153031
-0.153031
-0.153031
-0.153031
-0.153031
-0.153031
-0.153031
-0.153031
-0.153031
-0.153031
-0.153031
-0.153031
-0.153031
-0.153031
-0.153031
-0.153031
-0.153031
-0.153031
-0.153031
-0.153031
-0.153031
-0.153031
-0.153031
-0.153031
-0.153868
-0.157194
-0.162522
-0.169129
-0.176009
-0.182577
-0.188842
-0.194815
-0.200506
-0.205922
-0.211073
-0.215968
-0.220615
-0.225021
-0.229194
-0.233141
-0.236869
-0.240384
-0.243692
-0.246798
-0.249708
-0.252426
-0.254956
-0.257304
-0.259472
-0.261464
-0.263284
-0.264934
-0.266416
-0.267733
-0.268888
-0.269881
-0.270715
-0.271391
-0.27191
-0.272273
-0.272481
-0.272535
-0.272435
-0.272182
-0.271408
-0.269667
-0.267089
-0.263731
-0.26047
-0.257354
-0.254378
-0.251538
-0.248827
-0.246241
-0.243774
-0.241422
-0.239179
-0.237041
-0.235004
-0.23419
-0.235339
-0.237247
-0.239458
-0.241625
-0.243653
-0.245542
-0.247293
-0.248907
-0.250385
-0.251728
-0.252937
-0.254014
-0.25496
-0.255774
-0.256458
-0.257014
-0.257441
-0.25774
-0.257912
-0.257957
-0.257876
-0.257669
-0.257336
-0.256877
-0.256293
-0.255583
-0.254747
-0.253786
-0.252698
-0.251484
-0.250144
-0.248665
-0.24712
-0.245594
-0.244113
-0.242747
-0.241434
-0.240173
-0.238963
-0.237802
-0.236689
-0.235623
-0.234602
-0.233625
-0.233079
-0.233002
-0.233436
-0.234149
-0.234872
-0.235534
-0.236093
-0.236546
-0.236893
-0.237131
-0.23709
-0.236811
-0.23633
-0.235607
-0.234801
-0.23395
-0.233087
-0.232224
-0.231506
-0.231022
-0.230832
-0.230887
-0.231098
-0.231237
-0.231247
-0.231118
-0.230849
-0.23044
-0.229892
-0.229205
-0.228379
-0.227415
-0.226313
-0.225073
-0.223695
-0.222181
-0.22053
-0.218925
-0.217636
-0.216994
-0.217099
-0.217187
-0.217259
-0.217318
-0.217365
-0.217401
-0.217428
-0.217448
-0.21746
-0.217467
-0.217468
-0.217465
-0.217458
-0.217448
-0.217435
-0.21742
-0.217403
-0.217385
-0.217365
-0.217345
-0.217324
-0.217302
-0.21728
-0.217257
-0.217235
-0.217213
-0.217191
-0.217169
-0.217148
-0.217127
-0.217106
-0.217086
-0.217066
-0.217047
-0.217029
-0.21701
-0.216993
-0.216976
-0.21696
-0.216944
-0.216929
-0.216914
-0.2169
-0.216886
-0.216873
-0.216861
-0.216849
-0.216837
-0.216826
-0.216816
-0.216806
-0.216796
-0.216787
-0.216778
-0.21677
-0.216761
-0.216754
-0.216746
-0.216739
-0.216733
-0.216726
-0.21672
-0.216714
-0.216709
-0.216703
-0.216698
-0.216693
-0.216689
-0.216684
-0.21668
-0.216676
-0.216673
-0.216669
-0.216666
-0.216662
-0.216659
-0.216656
-0.216653
-0.216651
-0.21665
-0.216652
-0.216654
-0.216655
-0.216657
-0.216658
-0.21666
-0.216575
-0.216427
-0.216187
-0.21589
-0.215536
-0.21512
-0.214637
-0.214078
-0.213438
-0.212711
-0.211892
-0.210977
-0.209963
-0.208845
-0.207622
-0.206289
-0.204846
-0.203291
-0.201621
-0.199835
-0.197932
-0.196815
-0.196699
-0.197797
-0.198831
-0.199695
-0.200509
-0.201276
-0.202
-0.202683
-0.203327
-0.203935
-0.204509
-0.205052
-0.205564
-0.206048
-0.206505
-0.206937
-0.207346
-0.207732
-0.208098
-0.208444
-0.208771
-0.209081
-0.209374
-0.209651
-0.209914
-0.210163
-0.210398
-0.210622
-0.210833
-0.211034
-0.211223
-0.211403
-0.211574
-0.211479
-0.210922
-0.210197
-0.209202
-0.208156
-0.207073
-0.206001
-0.20497
-0.203974
-0.202
-0.200076
-0.198063
-0.196058
-0.194043
-0.192023
-0.189988
-0.18793
-0.185844
-0.183723
-0.181561
-0.179353
-0.177093
-0.174779
-0.172404
-0.169967
-0.167463
-0.16489
-0.162244
-0.160046
-0.159269
-0.159375
-0.159475
-0.160394
-0.161845
-0.164443
-0.166902
-0.169228
-0.171429
-0.173512
-0.175483
-0.17735
-0.179116
-0.180789
-0.182373
-0.183873
-0.185293
-0.186639
-0.187913
-0.189121
-0.190265
-0.191349
-0.192377
-0.193351
-0.194492
-0.195978
-0.197896
-0.20012
-0.202634
-0.205232
-0.207821
-0.21031
-0.212643
-0.214792
-0.216757
-0.218536
-0.220132
-0.221544
-0.222772
-0.223819
-0.224685
-0.225371
-0.22588
-0.226148
-0.22621
-0.226121
-0.225913
-0.225545
-0.225076
-0.224611
-0.224163
-0.223733
-0.223321
-0.222925
-0.222545
-0.222181
-0.221832
-0.221498
-0.221179
-0.220957
-0.220758
-0.220784
-0.221009
-0.221489
-0.222142
-0.222817
-0.223458
-0.22402
-0.224474
-0.224818
-0.22505
-0.225167
-0.225166
-0.225046
-0.224806
-0.224445
-0.22396
-0.223353
-0.222621
-0.221764
-0.220782
-0.219675
-0.218441
-0.21708
-0.215593
-0.214247
-0.213282
-0.21327
-0.213521
-0.213751
-0.21396
-0.214151
-0.214326
-0.214486
-0.214632
-0.214766
-0.214888
-0.215
-0.215103
-0.215197
-0.215284
-0.215363
-0.215436
-0.215493
-0.21551
-0.215501
-0.215466
-0.215414
-0.21535
-0.215276
-0.215193
-0.2151
-0.215035
-0.214987
-0.214955
-0.214936
-0.214919
-0.214893
-0.21485
-0.214781
-0.214685
-0.214569
-0.213439
-0.212013
-0.209976
-0.207705
-0.2051
-0.2024
-0.199611
-0.196853
-0.194115
-0.191512
-0.189039
-0.186688
-0.184455
-0.182332
-0.180315
-0.178293
-0.176372
-0.174546
-0.172812
-0.171164
-0.169599
-0.168112
-0.166699
-0.165357
-0.164082
-0.162871
-0.16172
-0.160627
-0.159589
-0.158602
-0.157665
-0.157663
-0.157765
-0.158084
-0.158714
-0.159649
-0.160759
-0.161812
-0.162917
-0.164188
-0.165667
-0.167196
-0.168663
-0.170056
-0.171496
-0.172997
-0.174776
-0.176804
-0.178908
-0.180899
-0.18278
-0.18456
-0.186242
-0.187833
-0.189338
-0.190762
-0.192108
-0.193382
-0.194587
-0.195727
-0.196807
-0.197828
-0.198795
-0.19971
-0.200576
-0.201396
-0.202173
-0.202909
-0.203605
-0.204266
-0.204891
-0.205484
-0.206045
-0.206577
-0.207081
-0.207559
-0.208013
-0.208442
-0.208849
-0.209236
-0.209602
-0.209949
-0.210278
-0.210591
-0.210887
-0.211169
-0.211435
-0.211688
-0.211928
-0.212156
-0.212372
-0.212577
-0.212772
-0.212957
-0.213132
-0.213299
-0.213457
-0.213606
-0.213749
-0.213884
-0.214012
-0.214134
-0.21425
-0.214359
-0.214464
-0.214563
-0.214657
-0.214746
-0.214831
-0.214911
-0.214987
-0.21506
-0.215129
-0.215194
-0.215256
-0.215315
-0.215371
-0.215416
-0.215452
-0.215481
-0.215509
-0.215534
-0.215557
-0.215578
-0.215598
-0.215617
-0.215634
-0.21565
-0.215664
-0.215678
-0.21569
-0.215702
-0.215706
-0.215705
-0.215692
-0.215664
-0.215624
-0.215577
-0.215516
-0.215445
-0.21413
-0.212413
-0.210418
-0.207951
-0.205372
-0.202469
-0.199374
-0.196311
-0.193291
-0.190418
-0.187685
-0.185086
-0.182615
-0.180266
-0.178032
-0.175909
-0.175335
-0.175117
-0.175024
-0.174935
-0.174954
-0.174971
-0.175102
-0.175224
-0.17534
-0.175448
-0.175551
-0.175647
-0.175737
-0.175822
-0.175902
-0.17635
-0.177356
-0.17868
-0.180197
-0.181866
-0.183484
-0.185118
-0.186715
-0.188269
-0.189779
-0.191203
-0.192549
-0.193821
-0.195022
-0.196157
-0.19723
-0.198243
-0.199202
-0.200108
-0.200964
-0.201775
-0.202541
-0.203266
-0.203952
-0.204601
-0.205216
-0.205797
-0.206348
-0.206869
-0.207363
-0.20783
-0.208273
-0.208692
-0.20909
-0.209466
-0.209823
-0.210161
-0.210482
-0.210786
-0.211074
-0.211347
-0.211606
-0.211851
-0.212084
-0.212305
-0.212515
-0.212713
-0.212902
-0.213081
-0.21325
-0.213411
-0.213564
-0.213709
-0.213847
-0.213977
-0.214101
-0.214219
-0.21433
-0.214436
-0.214537
-0.214632
-0.214723
-0.214809
-0.21489
-0.214968
-0.215042
-0.215111
-0.215178
-0.215241
-0.215301
-0.215357
-0.215411
-0.215463
-0.215511
-0.215558
-0.215601
-0.215643
-0.215683
-0.21572
-0.215756
-0.21579
-0.215822
-0.215852
-0.215882
-0.215909
-0.215935
-0.21596
-0.215984
-0.216006
-0.216027
-0.216048
-0.216067
-0.216085
-0.216103
-0.216119
-0.216135
-0.21615
-0.216164
-0.216177
-0.21619
-0.216202
-0.216214
-0.216225
-0.216235
-0.216245
-0.216254
-0.216263
-0.216272
-0.21628
-0.216287
-0.216294
-0.216301
-0.216308
-0.216314
-0.21632
-0.216326
-0.216331
-0.216336
-0.216341
-0.216346
-0.21635
-0.216354
-0.216358
-0.216361
-0.216365
-0.216368
-0.216372
-0.216375
-0.216377
-0.21638
-0.216383
-0.216385
-0.216388
-0.21639
-0.216392
-0.216394
-0.216396
-0.216398
-0.216399
-0.216401
-0.216402
-0.216404
-0.216405
-0.216407
-0.216408
-0.216409
-0.21641
-0.216411
-0.216412
-0.216414
-0.216414
-0.216415
-0.216416
-0.216417
-0.216418
-0.216418
-0.216419
-0.21642
-0.21642
-0.216421
-0.216421
-0.216422
-0.216423
-0.216423
-0.216423
-0.216424
-0.216424
-0.216425
-0.216425
-0.216425
-0.216426
-0.216426
-0.216426
-0.216427
-0.216427
-0.216427
-0.216427
-0.216428
-0.216428
-0.216428
-0.216428
-0.216428
-0.216429
-0.216429
-0.216429
-0.216429
-0.216429
-0.216429
-0.216429
-0.21643
-0.216441
-0.216459
-0.216485
-0.216499
-0.216485
-0.216435
-0.216343
-0.216207
-0.216055
-0.215902
-0.215782
-0.215712
-0.215719
-0.215772
-0.21582
-0.215865
-0.215906
-0.215943
-0.215978
-0.21601
-0.216039
-0.216067
-0.216092
-0.216115
-0.216136
-0.216156
-0.216174
-0.216191
-0.216207
-0.216222
-0.216235
-0.216248
-0.216259
-0.21627
-0.21628
-0.21629
-0.216299
-0.216307
-0.216314
-0.216287
-0.216226
-0.21611
-0.215937
-0.215697
-0.21539
-0.215011
-0.214554
-0.214015
-0.213386
-0.212665
-0.211847
-0.211052
-0.210457
-0.210289
-0.21054
-0.21081
-0.211064
-0.211302
-0.211525
-0.211735
-0.211932
-0.212117
-0.212291
-0.212455
-0.212609
-0.212754
-0.212891
-0.21302
-0.213142
-0.213256
-0.213364
-0.213466
-0.213562
-0.213653
-0.213739
-0.21382
-0.213896
-0.213969
-0.214037
-0.214101
-0.214216
-0.214324
-0.214425
-0.214521
-0.214612
-0.214697
-0.214778
-0.214853
-0.214925
-0.214993
-0.215057
-0.215117
-0.215175
-0.215229
-0.21528
-0.215328
-0.215374
-0.215417
-0.215458
-0.215497
-0.215534
-0.215568
-0.215601
-0.215632
-0.215662
-0.21569
-0.215716
-0.215741
-0.215653
-0.2153
-0.214807
-0.214236
-0.213622
-0.212956
-0.212229
-0.211435
-0.210568
-0.209622
-0.208592
-0.207474
-0.206263
-0.204957
-0.203552
-0.202045
-0.200434
-0.198717
-0.196893
-0.194958
-0.192913
-0.190755
-0.188484
-0.186099
-0.183599
-0.180983
-0.178252
-0.175404
-0.17244
-0.170363
-0.169359
-0.169849
-0.17198
-0.173994
-0.175898
-0.177698
-0.1794
-0.18101
-0.182532
-0.183973
-0.185336
-0.186626
-0.187847
-0.189003
-0.189563
-0.188744
-0.187289
-0.185517
-0.18373
-0.18192
-0.180079
-0.178199
-0.176274
-0.174299
-0.172267
-0.170174
-0.168015
-0.165786
-0.163484
-0.161105
-0.158646
-0.156105
-0.153479
-0.150765
-0.147963
-0.14507
-0.142085
-0.139006
-0.135832
-0.132563
-0.129198
-0.125735
-0.122174
-0.118515
-0.114759
-0.110903
-0.10695
-0.102898
-0.098748
-0.094501
-0.090158
-0.085717
-0.081182
-0.076551
-0.071827
-0.067011
-0.062104
-0.057107
-0.052022
-0.046851
-0.041595
-0.036257
-0.030837
-0.025339
-0.019765
-0.014118
-0.0084
-0.002613
0.00324
0.009154
0.015128
0.021158
0.02724
0.033371
0.039547
0.045765
0.05202
0.058309
0.064626
0.070968
0.077331
0.083708
0.090097
0.096491
0.102887
0.109278
0.115661
0.11712
0.112445
0.103119
0.09425
0.085815
0.077796
0.070172
0.062925
0.056036
0.04949
0.043268
0.037355
0.035065
0.037057
0.040744
0.04534
0.049842
0.054261
0.058606
0.062887
0.067111
0.071286
0.07542
0.079517
0.083585
0.087628
0.091651
0.095659
0.099654
0.103641
0.107622
0.1116
0.115577
0.119554
0.123534
0.127517
0.131504
0.135495
0.139492
0.143493
0.147499
0.151509
0.155521
0.159536
0.162146
0.164225
0.164795
0.163764
0.159327
0.150399
0.142524
0.137449
0.135701
0.135583
0.137225
0.13955
0.142087
0.144506
0.147008
0.149438
0.151782
0.154033
0.156194
0.158271
0.160268
0.16206
0.163759
0.165372
0.166904
0.1656
0.161264
0.155717
0.149804
0.144188
0.138632
0.133238
0.12812
0.123266
0.118663
0.114298
0.11016
0.106239
0.102523
0.099002
0.095668
0.09251
0.089521
0.086692
0.084016
0.081484
0.07909
0.076827
0.074689
0.07267
0.070763
0.068963
0.067266
0.065665
0.064157
0.062736
0.061398
0.06014
0.058958
0.057847
0.056805
0.055827
0.054912
0.054055
0.053254
0.052506
0.051809
0.05116
0.050556
0.049997
0.049361
0.048524
0.047363
0.045413
0.042837
0.04018
0.037656
0.035257
0.032979
0.030814
0.028757
0.026803
0.024947
0.023184
0.021508
0.019917
0.018404
0.016968
0.015603
0.014306
0.013075
0.011905
0.010793
0.009737
0.008733
0.00778
0.006875
0.006015
0.005197
0.004421
0.003683
0.002983
0.002317
0.001685
0.001084
0.000513
-0.000029
-0.000544
-0.001033
-0.001498
-0.00194
-0.002359
-0.002758
-0.003137
-0.003496
-0.003838
-0.004163
-0.004471
-0.004764
-0.005042
-0.005307
-0.005558
-0.005797
-0.006023
-0.006239
-0.006443
-0.006637
-0.006822
-0.006998
-0.007164
-0.007323
-0.007473
-0.007616
-0.007752
-0.007881
-0.008003
-0.00812
-0.00823
-0.008335
-0.008435
-0.00853
-0.00862
-0.008706
-0.008787
-0.008864
-0.008938
-0.009007
-0.009074
-0.009136
-0.009196
-0.009253
-0.009307
-0.009358
-0.009407
-0.009453
-0.009497
-0.009539
-0.009579
-0.009616
-0.009652
-0.009686
-0.009718
-0.009749
-0.009778
-0.009806
-0.009833
-0.009858
-0.009807
-0.009642
-0.009485
-0.009527
-0.009568
-0.009606
-0.009642
-0.009677
-0.00971
-0.009741
-0.00977
-0.009799
-0.006625
-0.000002
0.009189
0.019159
0.028747
0.037975
0.046866
0.055437
0.06371
0.071701
0.079428
0.086905
0.094148
0.101171
0.107986
0.114605
0.12104
0.1273
0.133395
0.139334
0.145125
0.150775
0.15629
0.161678
0.166944
0.172091
0.177126
0.182051
0.186871
0.191588
0.196206
0.200725
0.205148
0.209477
0.213712
0.217854
0.221904
0.225862
0.229727
0.2335
0.23718
0.240765
0.244255
0.247649
0.250944
0.25414
0.257234
0.260225
0.26311
0.265887
0.268555
0.271109
0.273548
0.275869
0.278068
0.280145
0.282095
0.283915
0.284118
0.281251
0.274315
0.267043
0.262693
0.261168
0.261028
0.262219
0.26336
0.264252
0.264945
0.265573
0.266129
0.266678
0.267216
0.267743
0.269
0.270398
0.27181
0.27329
0.274714
0.276081
0.277393
0.27865
0.27985
0.279997
0.279571
0.278607
0.277463
0.275904
0.273877
0.271467
0.269183
0.267028
0.264984
0.262995
0.261047
0.258879
0.25627
0.251503
0.24636
0.241461
0.236796
0.232354
0.228127
0.224102
0.220272
0.216627
0.21316
0.20986
0.206722
0.203736
0.201513
0.20264
0.205588
0.210044
0.214712
0.219174
0.223437
0.227506
0.231389
0.23509
0.238616
0.241303
0.243558
0.245389
-0.246879
-0.24797
-0.248817
-0.249424
-0.249713
-0.24977
-0.249522
-0.24905
-0.248353
-0.247434
-0.233092
-0.219486
-0.206469
-0.194076
-0.182204
-0.170842
-0.159998
-0.149656
-0.139795
-0.130399
-0.122309
-0.115394
-0.109417
-0.104714
-0.100408
-0.09677
-0.094672
-0.095181
-0.097773
-0.101231
-0.104515
-0.107633
-0.110594
-0.113404
-0.116073
-0.118607
-0.121013
-0.123297
-0.125466
-0.127526
-0.129482
-0.130148
-0.129845
-0.129191
-0.12857
-0.127979
-0.129368
-0.131232
-0.133001
-0.134681
-0.136277
-0.137792
-0.13923
-0.140597
-0.141894
-0.143126
-0.142602
-0.140744
-0.136281
-0.130517
-0.124104
-0.117705
-0.111616
-0.105748
-0.100166
-0.094857
-0.090393
-0.087907
-0.086654
-0.086445
-0.086715
-0.087131
-0.087525
-0.0879
-0.088257
-0.088595
-0.088917
-0.089222
-0.089798
-0.091515
-0.09467
-0.098292
-0.10173
-0.104994
-0.108092
-0.111034
-0.113826
-0.116477
-0.118994
-0.121383
-0.123652
-0.125805
-0.12785
-0.129792
-0.131635
-0.133386
-0.13524
-0.137146
-0.138955
-0.140673
-0.142304
-0.143853
-0.145323
-0.146719
-0.147709
-0.148649
-0.149542
-0.15039
-0.151195
-0.15196
-0.152686
-0.153376
-0.154032
-0.154654
-0.155245
-0.155806
-0.15634
-0.156846
-0.157327
-0.157784
-0.158218
-0.158631
-0.159022
-0.159394
-0.159748
-0.160083
-0.160402
-0.160705
-0.160992
-0.161266
-0.161525
-0.161772
-0.162006
-0.162229
-0.16244
-0.162641
-0.162831
-0.163013
-0.163185
-0.163348
-0.163504
-0.163651
-0.163791
-0.163924
-0.164051
-0.164171
-0.164285
-0.164393
-0.164496
-0.164594
-0.164687
-0.164775
-0.164859
-0.164939
-0.165015
-0.165087
-0.165155
-0.16522
-0.165282
-0.16534
-0.165396
-0.165449
-0.165499
-0.165547
-0.165592
-0.165635
-0.165676
-0.165715
-0.165643
-0.164928
-0.163539
-0.161721
-0.159276
-0.156309
-0.153275
-0.149418
-0.145583
-0.141406
-0.136356
-0.130585
-0.124548
-0.118568
-0.112809
-0.107331
-0.102121
-0.097167
-0.092379
-0.087827
-0.085481
-0.084619
-0.08519
-0.0864
-0.08865
-0.091442
-0.094823
-0.098437
-0.101867
-0.105124
-0.108215
-0.11115
-0.113936
-0.116581
-0.119093
-0.121477
-0.123741
-0.12589
-0.12793
-0.129868
-0.131707
-0.133454
-0.135112
-0.136687
-0.138183
-0.139602
-0.140951
-0.142231
-0.143447
-0.144602
-0.145699
-0.14674
-0.147729
-0.148668
-0.14956
-0.150407
-0.151212
-0.151976
-0.152702
-0.153391
-0.154046
-0.154668
-0.155258
-0.155819
-0.156352
-0.156858
-0.157339
-0.157795
-0.158229
-0.15864
-0.159032
-0.159404
-0.159757
-0.160092
-0.160411
-0.161757
-0.163539
-0.165871
-0.169016
-0.173743
-0.179476
-0.185743
-0.191718
-0.197408
-0.202823
-0.207968
-0.212854
-0.217486
-0.221872
-0.226019
-0.229934
-0.233624
-0.237094
-0.240349
-0.243397
-0.246242
-0.248888
-0.251341
-0.253605
-0.255683
-0.25758
-0.259297
-0.260841
-0.262211
-0.263413
-0.264447
-0.265315
-0.266021
-0.266565
-0.266949
-0.267174
-0.266706
-0.265823
-0.265316
-0.264286
-0.262522
-0.260184
-0.257689
-0.255178
-0.252783
-0.250498
-0.248319
-0.245882
-0.243438
-0.241107
-0.238885
-0.236767
-0.234722
-0.231446
-0.227301
-0.222441
-0.216817
-0.211136
-0.205625
-0.200265
-0.195037
-0.189925
-0.184911
-0.179982
-0.175123
-0.170322
-0.165567
-0.160847
-0.156154
-0.151477
-0.146808
-0.142139
-0.137465
-0.132778
-0.128073
-0.123345
-0.118588
-0.1138
-0.108975
-0.104112
-0.099206
-0.094255
-0.089257
-0.084211
-0.079113
-0.073964
-0.068763
-0.063507
-0.058197
-0.052833
-0.047414
-0.041941
-0.036414
-0.030834
0.025201
0.019517
0.01497
0.013276
0.015709
0.0222
0.028364
0.034218
0.039778
0.045057
0.05007
0.054831
0.059351
0.063644
0.067719
0.071589
0.075264
0.078753
0.082066
0.085212
0.088199
0.091036
0.093729
0.096287
0.098716
0.101022
0.103212
0.105291
0.107266
0.108846
0.109425
0.1082
0.105491
0.101763
0.097111
0.091546
0.085773
0.080048
0.074455
0.068978
0.063604
0.058321
0.053117
0.047981
0.042903
0.037874
0.032887
0.027933
0.023005
0.018097
0.013204
0.008319
0.00344
-0.00144
-0.006323
-0.011212
-0.016112
-0.021023
-0.025948
-0.03089
-0.035849
-0.040826
-0.045823
-0.05084
-0.055877
-0.060934
-0.066011
-0.071107
-0.076222
-0.081354
-0.086503
-0.091666
-0.096843
-0.102031
-0.107228
-0.112433
-0.117643
-0.122855
-0.128067
-0.133276
-0.138478
-0.143671
-0.148852
-0.154016
-0.15916
-0.164281
-0.169375
-0.174438
-0.179465
-0.184453
-0.189397
-0.194293
-0.199136
-0.203923
-0.205846
-0.201193
-0.19191
-0.182683
-0.173901
-0.165545
-0.157596
-0.150034
-0.142841
-0.136001
-0.129496
-0.123312
-0.117432
-0.111842
-0.106527
-0.101476
-0.097958
-0.096171
-0.095712
-0.097998
-0.101127
-0.105078
-0.109136
-0.113071
-0.116891
-0.119421
-0.120944
-0.122095
-0.122762
-0.122737
-0.122511
-0.122335
-0.122205
-0.124654
-0.128391
-0.133628
-0.139219
-0.14479
-0.150215
-0.155502
-0.160659
-0.165692
-0.170608
-0.175411
-0.180108
-0.184702
-0.189198
-0.193599
-0.197909
-0.20213
-0.206265
-0.210314
-0.214281
-0.218166
-0.22197
-0.225694
-0.229337
-0.232901
-0.236384
-0.239786
-0.243107
-0.246345
-0.2495
-0.252569
-0.255551
-0.258445
-0.261249
-0.26396
-0.266576
-0.269096
-0.271516
-0.273834
-0.276047
-0.278153
-0.279186
-0.278619
-0.275737
-0.272567
-0.26955
-0.266681
-0.263952
-0.261357
-0.258889
-0.256542
-0.253495
-0.250512
-0.247213
-0.242988
-0.238149
-0.23212
-0.226381
-0.220918
-0.215718
-0.21077
-0.206062
-0.201583
-0.197322
-0.193269
-0.189415
-0.182993
-0.172917
-0.161657
-0.15017
-0.139121
-0.12848
-0.11822
-0.108314
-0.098737
-0.089467
-0.08048
-0.071757
-0.063279
-0.055026
-0.046983
-0.039134
-0.031463
-0.023958
-0.016606
-0.009395
-0.002315
0.004644
0.011493
0.018238
0.024888
0.031449
0.037928
0.044331
0.050662
0.055846
0.05961
0.059787
0.054724
0.048203
0.042005
0.036115
0.030518
0.0252
0.020147
0.015346
0.010785
0.006452
0.002335
-0.001576
-0.00449
-0.004196
-0.001672
0.003468
0.00975
0.015955
0.021987
0.027863
0.033595
0.039196
0.044677
0.050051
0.055326
0.060512
0.065617
0.070649
0.075616
0.080524
0.085378
0.090184
0.094947
0.099672
0.104361
0.109019
0.113648
0.118251
0.12283
0.127386
0.131922
0.136437
0.140934
0.145411
0.14987
0.15431
0.15873
0.163131
0.16751
0.171868
0.176202
0.180511
0.184793
0.189047
0.193269
0.197458
0.201611
0.205725
0.209798
0.213827
0.217808
0.219606
0.210194
0.200992
0.192233
0.180245
0.166453
0.150976
0.135057
0.119078
0.103471
0.088558
0.07433
0.060735
0.047783
0.03538
0.023467
0.012039
0.001077
-0.009441
-0.019535
-0.029225
-0.038554
-0.047525
-0.056154
-0.064445
-0.072415
-0.080077
-0.087457
-0.094555
-0.101385
-0.107959
-0.114227
-0.11905
-0.121494
-0.120152
-0.1162
-0.110138
-0.10438
-0.09891
-0.093715
-0.088781
-0.084095
-0.079645
-0.075418
-0.071404
-0.067592
-0.063972
-0.060535
-0.05727
-0.05417
-0.051225
-0.048429
-0.045774
-0.043252
-0.040858
-0.038584
-0.036424
-0.034373
-0.032425
-0.030575
-0.028818
-0.027149
-0.025564
-0.024059
-0.02263
-0.021272
-0.019982
-0.018758
-0.017594
-0.016489
-0.01544
-0.014443
-0.013497
-0.012598
-0.011743
-0.010932
-0.010162
-0.00943
-0.008734
-0.008074
-0.007447
-0.006851
-0.006285
-0.005748
-0.005237
-0.004752
-0.004291
-0.003853
-0.003438
-0.003043
-0.002668
-0.002311
-0.001973
-0.001651
-0.001346
-0.001056
-0.00078
-0.000518
-0.000269
-0.000033
0.000191
0.000405
0.000607
0.0008
0.000982
0.001156
0.001321
0.001478
0.001626
0.001768
0.001902
0.00203
0.002151
0.002266
0.002375
0.002479
0.002578
0.002672
0.002761
0.002845
0.002926
0.003002
0.003075
0.003143
0.003209
0.003271
0.00333
0.003386
0.00344
0.00349
0.003538
0.003584
0.003627
0.003669
0.003708
0.003745
0.00378
0.003814
0.003846
0.003876
0.003905
0.003932
0.003958
0.003983
0.004006
0.004028
0.00405
0.00407
0.004089
0.004107
0.004124
0.00414
0.004156
0.004171
0.004185
0.004198
0.004211
0.004222
0.004234
0.004245
0.004255
0.004265
0.004274
0.004283
0.004291
0.004299
0.004307
0.004314
0.004321
0.004327
0.004333
0.004339
0.004345
0.00435
0.004355
0.00436
0.004364
0.004368
0.004372
0.004376
0.00438
0.004383
0.004387
0.00439
0.004393
0.004395
0.004398
0.004401
0.004403
0.004405
0.004407
0.00441
0.004411
0.004413
0.004937
0.008
0.014757
0.023042
0.032715
0.042355
0.051627
0.060553
0.069153
0.077444
0.085445
0.093172
0.100641
0.107867
0.114863
0.121641
0.128215
0.134594
0.14079
0.146811
0.152666
0.158363
0.163911
0.169315
0.174581
0.179716
0.184724
0.18961
0.194377
0.19903
0.203571
0.208002
0.212327
0.216547
0.220664
0.224678
0.228591
0.232403
0.231596
0.225379
0.217513
0.210026
0.202899
0.196118
0.189665
0.183527
0.177687
0.172133
0.166851
0.161828
0.157051
0.152509
0.149317
0.151362
0.156754
0.162486
0.168014
0.173347
0.178497
0.183473
0.188283
0.192936
0.19744
0.201802
0.206029
0.210127
0.214101
0.217957
0.2217
0.225333
0.228861
0.232287
0.235614
0.238844
0.241981
0.245025
0.247979
0.250844
0.253621
0.256309
0.258911
0.261426
0.263854
0.266195
0.268447
0.270612
0.272686
0.27467
0.276562
0.27836
0.280064
0.281671
0.283179
0.284586
0.285891
0.287091
0.288184
0.289167
0.290039
0.290796
0.291435
-0.291956
-0.292354
-0.292628
-0.292774
-0.291127
-0.286449
-0.280576
-0.274971
-0.269624
-0.264524
-0.259661
-0.255026
-0.250608
-0.246399
-0.24239
-0.238571
-0.234935
-0.231472
-0.228176
-0.225039
-0.222053
-0.219211
-0.216508
-0.213935
-0.211488
-0.20916
-0.206946
-0.20484
-0.202838
-0.200933
-0.199122
-0.1974
-0.195762
-0.194206
-0.192726
-0.191579
-0.191929
-0.194209
-0.197688
-0.202828
-0.207871
-0.212676
-0.21725
-0.2216
-0.225731
-0.22965
-0.233362
-0.236872
-0.240187
-0.243311
-0.246249
-0.249006
-0.251585
-0.253991
-0.256226
-0.258296
-0.260202
-0.261948
-0.263536
-0.264969
-0.266249
-0.267378
-0.268357
-0.269188
-0.269872
-0.270411
-0.270805
-0.271055
-0.271161
-0.271125
-0.270947
-0.270626
-0.270162
-0.269557
-0.268809
-0.267919
-0.266885
-0.265709
-0.264215
-0.262297
-0.259839
-0.257258
-0.254787
-0.252421
-0.250157
-0.247992
-0.245922
-0.243944
-0.242055
-0.240251
-0.238528
-0.236885
-0.235317
-0.233821
-0.232395
-0.231035
-0.229739
-0.228667
-0.228202
-0.229118
-0.230811
-0.232706
-0.234572
-0.236302
-0.237896
-0.239351
-0.24067
-0.241852
-0.242896
-0.243804
-0.244576
-0.245212
-0.245713
-0.24608
-0.246312
-0.24641
-0.246375
-0.246207
-0.245069
-0.243199
-0.241049
-0.238413
-0.235519
-0.232383
-0.228999
-0.225373
-0.221724
-0.218048
-0.214342
-0.210601
-0.206821
-0.203
-0.199133
-0.195217
-0.191251
-0.18723
-0.183038
-0.178792
-0.175481
-0.173389
-0.171671
-0.169977
-0.169121
-0.169569
-0.171955
-0.174286
-0.176489
-0.178573
-0.180544
-0.182409
-0.184172
-0.185839
-0.187417
-0.188909
-0.190321
-0.19184
-0.193514
-0.194308
-0.19479
-0.194722
-0.19409
-0.193176
-0.192195
-0.191124
-0.189633
-0.187968
-0.186035
-0.183957
-0.18186
-0.179854
-0.177938
-0.176107
-0.17436
-0.172692
-0.171101
-0.169584
-0.167913
-0.166098
-0.164028
-0.161846
-0.159429
-0.156458
-0.153304
-0.149859
-0.146584
-0.143472
-0.140514
-0.137704
-0.136481
-0.136881
-0.138617
-0.141711
-0.145199
-0.148847
-0.152311
-0.155562
-0.158635
-0.161552
-0.16432
-0.166947
-0.169439
-0.171805
-0.174049
-0.176179
-0.1782
-0.180118
-0.181937
-0.183664
-0.185302
-0.186856
-0.188331
-0.189731
-0.191059
-0.192319
-0.193515
-0.19465
-0.195728
-0.19675
-0.19772
-0.198641
-0.199516
-0.200345
-0.201133
-0.201881
-0.20259
-0.203264
-0.203904
-0.204511
-0.205087
-0.205635
-0.206154
-0.206648
-0.207116
-0.207561
-0.207983
-0.208384
-0.208765
-0.209127
-0.20947
-0.209796
-0.210106
-0.2104
-0.210679
-0.210944
-0.211196
-0.211435
-0.211663
-0.211878
-0.212083
-0.212278
-0.212463
-0.212638
-0.212805
-0.212963
-0.213114
-0.213257
-0.213392
-0.213521
-0.213644
-0.21376
-0.21387
-0.213975
-0.214075
-0.21417
-0.21426
-0.214345
-0.214426
-0.214503
-0.214577
-0.214646
-0.214712
-0.214775
-0.214835
-0.214891
-0.214945
-0.214996
-0.215045
-0.215091
-0.215135
-0.215176
-0.215216
-0.215253
-0.215289
-0.215323
-0.215355
-0.215385
-0.215415
-0.215442
-0.215468
-0.215493
-0.215517
-0.215539
-0.215601
-0.215769
-0.216071
-0.216424
-0.21569
-0.214803
-0.213658
-0.21247
-0.211059
-0.209397
-0.207726
-0.206014
-0.20436
-0.202761
-0.201211
-0.199706
-0.198243
-0.196818
-0.196587
-0.196825
-0.197658
-0.19864
-0.19955
-0.200392
-0.201168
-0.201879
-0.202518
-0.203083
-0.203568
-0.204027
-0.204511
-0.205088
-0.205644
-0.206147
-0.206599
-0.207008
-0.207378
-0.207713
-0.208012
-0.208283
-0.208526
-0.208746
-0.208944
-0.209122
-0.209283
-0.209427
-0.209557
-0.209674
-0.209779
-0.209874
-0.209959
-0.210035
-0.210103
-0.210164
-0.210219
-0.210269
-0.210312
-0.210352
-0.210387
-0.21047
-0.210589
-0.210779
-0.21101
-0.211294
-0.211569
-0.211829
-0.212074
-0.212304
-0.212522
-0.212727
-0.21292
-0.213103
-0.213275
-0.213438
-0.213591
-0.213736
-0.213888
-0.214122
-0.214367
-0.214614
-0.214846
-0.215067
-0.215272
-0.215462
-0.21564
-0.215806
-0.215959
-0.216099
-0.216229
-0.216349
-0.216458
-0.216558
-0.216649
-0.216732
-0.216806
-0.216873
-0.216937
-0.217
-0.21706
-0.217116
-0.217168
-0.217218
-0.217263
-0.217306
-0.217324
-0.217331
-0.217312
-0.217282
-0.217251
-0.21722
-0.21719
-0.21716
-0.21713
-0.2171
-0.217096
-0.217109
-0.217122
-0.217147
-0.217182
-0.217224
-0.217265
-0.217291
-0.2173
-0.217292
-0.217266
-0.21722
-0.217156
-0.217072
-0.216969
-0.216846
-0.216803
-0.216812
-0.216819
-0.216822
-0.216823
-0.216822
-0.216818
-0.216814
-0.216808
-0.216801
-0.216793
-0.216785
-0.216775
-0.216768
-0.216774
-0.216788
-0.216789
-0.21675
-0.216648
-0.216474
-0.216224
-0.215892
-0.215473
-0.214962
-0.214355
-0.21365
-0.212842
-0.21193
-0.210911
-0.209782
-0.208543
-0.207191
-0.205725
-0.204144
-0.202446
-0.200631
-0.198699
-0.196648
-0.194477
-0.192187
-0.189777
-0.187247
-0.184597
-0.181826
-0.178934
-0.175922
-0.172789
-0.169536
-0.166164
-0.162671
-0.159059
-0.155328
-0.151479
-0.147512
-0.143428
-0.139228
-0.135752
-0.134068
-0.136295
-0.139745
-0.143012
-0.146105
-0.149034
-0.151807
-0.153824
-0.153242
-0.151687
-0.150004
-0.14828
-0.146508
-0.144684
-0.142802
-0.140859
-0.13885
-0.136772
-0.134622
-0.132395
-0.13009
-0.127704
-0.125235
-0.122682
-0.120041
-0.117312
-0.114493
-0.111583
-0.108582
-0.105487
-0.102299
-0.099017
-0.09564
-0.092168
-0.088601
-0.084939
-0.081181
-0.077329
-0.073382
-0.069342
-0.065207
-0.06098
-0.056661
-0.052251
-0.04775
-0.043161
-0.038485
-0.033722
-0.028874
-0.023944
-0.018933
-0.013842
-0.008674
0.003432
-0.001883
-0.007268
-0.01272
-0.018238
-0.023817
-0.029455
-0.035149
-0.040895
-0.04669
-0.05253
-0.058413
-0.064333
-0.070288
-0.076273
-0.082283
-0.084597
-0.080405
-0.071471
-0.062977
-0.054902
-0.047227
-0.039932
-0.033
-0.026412
-0.020152
-0.014204
-0.010917
-0.011741
-0.01567
-0.019849
-0.023959
-0.028011
-0.032013
-0.035973
-0.0399
-0.0438
-0.047679
-0.051545
-0.055401
-0.059253
-0.063105
-0.066961
-0.070824
-0.074698
-0.078585
-0.082487
-0.086406
-0.090344
-0.094302
-0.098281
-0.102282
-0.106304
-0.110349
-0.114416
-0.11887
-0.123374
-0.127951
-0.132554
-0.137142
-0.141769
-0.146333
-0.150836
-0.155277
-0.159658
-0.16398
-0.168242
-0.170464
-0.171907
-0.170986
-0.16755
-0.159324
-0.150013
-0.141158
-0.132738
-0.124733
-0.117123
-0.109888
-0.103012
-0.096477
-0.090266
-0.084364
-0.078756
-0.073427
-0.068363
-0.063552
-0.058982
-0.054639
-0.050513
-0.046593
-0.042933
-0.043548
-0.046861
-0.053179
-0.059932
-0.066638
-0.073095
-0.079267
-0.08515
-0.090758
-0.096088
-0.101153
-0.105967
-0.11054
-0.114886
-0.119015
-0.122937
-0.126664
-0.130205
-0.133568
-0.136763
-0.139798
-0.1414
-0.140983
-0.137896
-0.130653
-0.122711
-0.115165
-0.107994
-0.101182
-0.094709
-0.088561
-0.08272
-0.077172
-0.071902
-0.066897
-0.062142
-0.057627
-0.053338
-0.049265
-0.045396
-0.041722
-0.038232
-0.034918
-0.031771
-0.028781
-0.025942
-0.023246
-0.020685
-0.018253
-0.015943
-0.013749
-0.011665
-0.009686
-0.007806
-0.006021
-0.004325
-0.002715
-0.001185
-0.001235
-0.006303
-0.013571
-0.022005
-0.030663
-0.038943
-0.046833
-0.054334
-0.061465
-0.068243
-0.074684
-0.080806
-0.086458
-0.088931
-0.089539
-0.0885
-0.086714
-0.084138
-0.081352
-0.078377
-0.075329
-0.072434
-0.069685
-0.067074
-0.064594
-0.062132
-0.059795
-0.057458
-0.054581
-0.051288
-0.047609
-0.043829
-0.040238
-0.036827
-0.033587
-0.03051
-0.027587
-0.024811
-0.022174
-0.01967
-0.01729
-0.015031
-0.012884
-0.010846
-0.010412
-0.010996
-0.012323
-0.014473
-0.017066
-0.020194
-0.023386
-0.026419
-0.029404
-0.032579
-0.035958
-0.039528
-0.043027
-0.046351
-0.04951
-0.052865
-0.056635
-0.061481
-0.066359
-0.071216
-0.075831
-0.080338
-0.085081
-0.089959
-0.094832
-0.099569
-0.104084
-0.108375
-0.11245
-0.116322
-0.12
-0.123495
-0.126814
-0.129967
-0.131097
-0.13065
-0.127932
-0.124307
-0.120182
-0.115166
-0.108848
-0.102009
-0.095511
-0.089337
-0.083471
-0.077898
-0.072603
-0.067573
-0.062794
-0.058255
-0.053943
-0.049846
-0.045955
-0.042259
-0.038749
-0.035414
-0.032246
-0.029237
-0.026379
-0.023665
-0.021086
-0.018637
-0.016311
-0.014101
-0.012002
-0.010008
-0.008114
-0.006315
-0.004607
-0.002984
-0.001442
0.000022
0.001413
0.002735
0.00399
0.005182
0.006315
0.00739
0.008412
0.009383
0.010305
0.011181
0.012013
0.012803
0.013554
0.014267
0.014945
0.015303
0.014755
0.013463
0.011464
0.009121
0.006674
0.003577
-0.000031
-0.00423
-0.008783
-0.013454
-0.017892
-0.02211
-0.026118
-0.029926
-0.033544
-0.035099
-0.035128
-0.033924
-0.031225
-0.028271
-0.025464
-0.022797
-0.020265
-0.017859
-0.015573
-0.013402
-0.011339
-0.00938
-0.007519
-0.005751
-0.004072
-0.002477
-0.000961
0.000478
0.001846
0.003145
0.004379
0.005551
0.006665
0.007722
0.008727
0.009682
0.010589
0.01145
0.012268
0.013045
0.013784
0.014485
0.015152
0.015785
0.016386
0.016957
0.0175
0.018015
0.018505
0.01897
0.019412
0.018997
0.017166
0.012996
0.007703
0.001411
-0.005517
-0.013305
-0.021513
-0.029422
-0.037057
-0.04442
-0.051417
-0.058066
-0.064385
-0.070388
-0.076093
-0.081629
-0.086888
-0.091885
-0.096631
-0.10114
-0.105423
-0.109491
-0.113356
-0.117027
-0.120514
-0.123826
-0.125724
-0.127067
-0.127981
-0.128149
-0.127815
-0.12693
-0.125268
-0.122441
-0.118206
-0.11329
-0.107954
-0.102219
-0.09622
-0.090013
-0.084116
-0.078512
-0.073189
-0.068131
-0.063326
-0.058762
-0.054426
-0.050307
-0.046394
-0.042677
-0.039146
-0.035792
-0.032606
-0.02958
-0.026706
-0.023976
-0.021382
-0.018918
-0.016578
-0.014356
-0.010952
-0.007047
-0.003335
0.000195
0.002325
0.003602
0.004816
0.005968
0.007063
0.008103
0.009091
0.01003
0.010921
0.011768
0.012572
0.013336
0.014062
0.014752
0.015407
0.016029
0.01662
0.017181
0.017714
0.018221
0.018702
0.019159
0.019594
0.020006
0.020398
0.02077
0.021124
0.02146
0.021779
0.022082
0.02237
0.022644
0.022903
0.02315
0.023385
0.023608
0.023819
0.02402
0.024211
0.024393
0.024565
0.024729
0.024884
0.025032
0.025173
0.025306
0.025433
0.025553
0.025668
0.025776
0.025879
0.025977
0.02607
0.026159
0.026243
0.026323
0.024455
0.02136
0.017649
0.013784
0.010008
0.006419
0.003011
-0.000344
-0.003531
-0.006664
-0.00964
-0.012466
-0.015141
-0.008239
-0.000304
0.008171
0.016729
0.025146
0.033201
0.040913
0.048299
0.053036
0.047346
0.041793
0.036516
0.031503
0.026739
0.022213
0.017912
0.013827
0.009945
0.006258
0.002754
-0.000574
-0.003736
-0.006739
-0.009593
-0.012303
-0.014878
-0.017325
-0.019648
-0.021856
-0.023953
-0.025938
-0.017052
-0.005757
0.006655
0.018774
0.030397
0.041549
0.052256
0.062537
0.072417
0.081915
0.091051
0.099843
0.10831
0.116466
0.124328
0.13191
0.139227
0.146289
0.15311
0.1597
0.16607
0.172229
0.178185
0.183947
0.189522
0.194917
0.200137
0.20519
0.210079
0.214809
0.219385
0.223809
0.228085
0.232216
0.236205
0.240052
0.24376
0.24733
0.250763
0.25406
0.25722
0.260246
0.263135
0.265888
0.268505
0.270985
0.273327
0.275067
0.276666
0.278123
0.279436
0.280604
0.281626
0.28304
0.284304
0.283725
0.279298
0.272927
0.266851
0.261059
0.255539
0.25028
0.24527
0.240499
0.235955
0.231629
0.227511
0.223591
0.219861
0.216311
0.212934
0.212486
0.214546
0.218775
0.222974
0.226988
0.230823
0.234484
0.237978
0.241307
0.244479
0.247497
0.250365
-0.253087
-0.252953
-0.249115
-0.244472
-0.240051
-0.23584
-0.231831
-0.228014
-0.224382
-0.220925
-0.217635
-0.214504
-0.211526
-0.208693
-0.205998
-0.203435
-0.200997
-0.198679
-0.196474
-0.194378
-0.192385
-0.190489
-0.188688
-0.186974
-0.185346
-0.183798
-0.182327
-0.180928
-0.179598
-0.178335
-0.177134
-0.175992
-0.174907
-0.173876
-0.172896
-0.171965
-0.17108
-0.170239
-0.16944
-0.168681
-0.167959
-0.167273
-0.166622
-0.166002
-0.165414
-0.164855
-0.164324
-0.163819
-0.16334
-0.162884
-0.162451
-0.16204
-0.161649
-0.161277
-0.160925
-0.160589
-0.160271
-0.159968
-0.161137
-0.165709
-0.171664
-0.17838
-0.184793
-0.190911
-0.196746
-0.202305
-0.207597
-0.212631
-0.217415
-0.221958
-0.226265
-0.230346
-0.234205
-0.237851
-0.241288
-0.244523
-0.247561
-0.250407
-0.253064
-0.255539
-0.257835
-0.259954
-0.261901
-0.263679
-0.265291
-0.266738
-0.268023
-0.268089
-0.264531
-0.260418
-0.256495
-0.252755
-0.250053
-0.249438
-0.249141
-0.249301
-0.249115
-0.247374
-0.243078
-0.23798
-0.232189
-0.226573
-0.221174
-0.215974
-0.210953
-0.206095
-0.201385
-0.196808
-0.19235
-0.188
-0.183745
-0.179574
-0.175479
-0.171449
-0.167476
-0.163551
-0.159668
-0.155819
-0.151998
-0.148199
-0.144418
-0.140647
-0.136884
-0.133123
-0.129361
-0.125595
-0.121819
-0.118251
-0.114849
-0.111486
-0.10814
-0.104807
-0.101513
-0.098333
-0.095411
-0.09297
-0.091559
-0.090383
-0.091449
-0.093881
-0.097783
-0.10182
-0.106199
-0.110429
-0.11487
-0.119297
-0.123613
-0.12772
-0.131627
-0.135342
-0.138874
-0.142231
-0.14542
-0.148451
-0.15133
-0.154255
-0.158047
-0.162609
-0.167643
-0.172381
-0.176836
-0.18105
-0.185027
-0.188833
-0.19246
-0.19585
-0.198983
-0.201864
-0.204503
-0.206906
-0.209079
-0.211029
-0.212762
-0.214283
-0.215597
-0.216709
-0.217623
-0.218344
-0.218875
-0.21922
-0.219383
-0.219353
-0.219251
-0.219074
-0.218892
-0.218708
-0.218523
-0.218337
-0.218152
-0.217969
-0.217788
-0.217609
-0.217433
-0.217261
-0.217093
-0.216928
-0.216768
-0.216612
-0.216461
-0.216314
-0.216172
-0.216035
-0.215902
-0.215774
-0.215849
-0.216159
-0.216637
-0.217272
-0.218013
-0.218923
-0.219909
-0.220968
-0.221996
-0.223012
-0.223979
-0.224812
-0.225509
-0.226071
-0.226495
-0.226782
-0.226932
-0.226943
-0.226818
-0.226554
-0.226152
-0.225613
-0.224937
-0.224124
-0.223174
-0.222193
-0.221412
-0.22096
-0.220837
-0.220709
-0.220576
-0.22044
-0.220302
-0.220162
-0.220023
-0.219883
-0.219745
-0.219608
-0.219474
-0.219342
-0.219212
-0.219086
-0.218962
-0.218842
-0.218726
-0.218612
-0.218503
-0.218397
-0.218294
-0.218195
-0.2181
-0.218008
-0.21792
-0.217802
-0.217612
-0.217337
-0.21705
-0.216765
-0.216488
-0.21622
-0.215959
-0.215708
-0.215465
-0.21523
-0.215004
-0.214779
-0.214548
-0.214296
-0.214023
-0.213752
-0.213483
-0.213225
-0.212968
-0.212722
-0.212485
-0.212258
-0.212031
-0.210924
-0.209728
-0.208467
-0.207266
-0.206124
-0.205036
-0.204002
-0.203018
-0.202082
-0.201192
-0.200337
-0.199524
-0.198751
-0.198015
-0.197316
-0.196651
-0.195902
-0.19519
-0.194513
-0.19387
-0.193258
-0.192677
-0.192124
-0.191599
-0.1911
-0.190626
-0.190175
-0.189747
-0.18934
-0.188954
-0.188586
-0.188237
-0.187905
-0.18759
-0.18729
-0.187005
-0.186735
-0.186478
-0.186319
-0.187254
-0.188516
-0.189817
-0.191153
-0.19245
-0.193678
-0.19484
-0.19594
-0.196982
-0.197968
-0.198901
-0.199785
-0.200584
-0.201082
-0.201282
-0.201125
-0.2009
-0.200601
-0.200221
-0.199757
-0.199204
-0.198557
-0.197813
-0.196969
-0.196022
-0.19497
-0.19381
-0.192541
-0.191161
-0.189669
-0.188063
-0.186342
-0.184506
-0.182554
-0.180485
-0.178298
-0.175993
-0.17357
-0.171029
-0.168369
-0.16559
-0.162693
-0.159677
-0.156542
-0.153289
-0.149918
-0.14643
-0.142824
-0.139102
-0.135264
-0.13131
-0.127242
-0.123061
-0.118766
-0.11436
-0.109843
-0.105217
-0.100482
-0.095642
-0.090696
-0.085647
-0.080496
-0.075245
-0.069896
-0.064452
-0.058914
-0.053285
-0.047568
-0.043333
-0.045915
-0.052142
-0.058124
-0.063802
-0.069191
-0.074305
-0.07916
-0.083767
-0.08814
-0.09229
-0.096228
-0.098435
-0.098805
-0.097018
-0.093906
-0.090592
-0.087301
-0.084026
-0.080757
-0.077485
-0.074205
-0.070909
-0.067592
-0.064248
-0.061694
-0.062747
-0.067895
-0.072781
-0.077419
-0.081821
-0.086
-0.089967
-0.093733
-0.097307
-0.10029
-0.100365
-0.098751
-0.095469
-0.091531
-0.087653
-0.083824
-0.080031
-0.076267
-0.072522
-0.068787
-0.065055
-0.061319
-0.057573
-0.053811
-0.050028
-0.046218
-0.042379
-0.038505
-0.034594
0.030642
0.029434
0.031588
0.037573
0.043256
0.048652
0.053776
0.058641
0.06326
0.067646
0.07181
0.075764
0.079518
0.083082
0.086467
0.08968
0.09273
0.095627
0.098378
0.100989
0.103469
0.105823
0.108059
0.110182
0.112198
0.114113
0.11593
0.117657
0.119296
0.120852
0.122331
0.123526
0.124422
0.125112
0.125766
0.126388
0.126979
0.127455
0.127429
0.126433
0.124197
0.121508
0.117926
0.114273
0.110647
0.107032
0.103517
0.100176
0.096922
0.093428
0.089945
0.086634
0.083487
0.080496
0.077575
0.074716
0.071913
0.069249
0.066718
0.064312
0.062026
0.061711
0.062387
0.064495
0.067711
0.071873
0.075825
0.079576
0.083138
0.08652
0.089731
0.09278
0.095674
0.098423
0.101032
0.10351
0.107947
0.115615
0.124418
0.133651
0.142464
0.150871
0.158887
0.166524
0.173796
-0.180716
-0.187296
-0.193549
-0.199486
-0.205117
-0.210454
-0.215506
-0.220282
-0.224792
-0.229045
-0.233048
-0.236808
-0.240333
-0.24363
-0.246703
-0.24956
-0.252205
-0.254643
-0.256879
-0.258916
-0.26076
-0.262412
-0.263877
-0.265157
-0.266255
-0.267173
-0.267913
-0.268477
-0.268867
-0.269085
-0.269131
-0.269006
-0.268712
-0.26825
-0.26762
-0.266822
-0.265858
-0.264728
-0.263197
-0.260989
-0.258309
-0.255742
-0.253285
-0.250934
-0.248686
-0.246538
-0.244485
-0.242524
-0.240652
-0.238865
-0.23716
-0.235842
-0.23625
-0.237755
-0.239434
-0.240991
-0.242424
-0.243735
-0.244922
-0.245985
-0.246925
-0.247741
-0.248434
-0.249004
-0.24945
-0.249773
-0.249974
-0.250053
-0.250009
-0.249843
-0.249554
-0.249144
-0.248611
-0.247956
-0.247179
-0.24628
-0.245258
-0.244113
-0.242846
-0.241455
-0.23994
-0.238302
-0.236539
-0.234651
-0.232638
-0.2305
-0.228236
-0.225846
-0.223328
-0.220684
-0.217912
-0.215012
-0.211985
-0.208828
-0.205544
-0.2035
-0.203591
-0.204408
-0.205167
-0.205872
-0.206526
-0.207135
-0.207702
-0.208229
-0.20872
-0.209178
-0.209605
-0.210003
-0.210375
-0.210722
-0.211047
-0.211362
-0.211699
-0.212084
-0.212475
-0.212872
-0.213267
-0.213651
-0.214038
-0.214443
-0.214839
-0.214349
-0.213764
-0.213095
-0.212229
-0.211406
-0.210523
-0.209566
-0.208558
-0.207483
-0.206453
-0.205466
-0.204522
-0.203619
-0.202756
-0.201931
-0.201143
-0.200391
-0.199673
-0.200143
-0.200886
-0.20161
-0.202371
-0.203092
-0.203774
-0.204419
-0.205031
-0.205609
-0.206157
-0.206676
-0.207167
-0.207633
-0.208074
-0.208492
-0.208888
-0.209263
-0.209619
-0.209956
-0.210276
-0.210578
-0.210866
-0.211138
-0.211396
-0.211641
-0.211873
-0.212094
-0.212303
-0.212501
-0.212689
-0.212868
-0.213037
-0.213198
-0.21335
-0.213495
-0.213632
-0.213762
-0.213873
-0.21395
-0.214012
-0.214066
-0.214117
-0.214165
-0.214209
-0.214252
-0.214291
-0.214328
-0.214363
-0.214442
-0.21453
-0.214615
-0.214694
-0.21477
-0.214843
-0.214911
-0.214977
-0.215039
-0.215097
-0.215153
-0.215206
-0.215257
-0.215305
-0.21535
-0.215393
-0.215434
-0.215473
-0.21551
-0.215546
-0.215579
-0.215611
-0.215641
-0.21567
-0.215697
-0.215723
-0.21577
-0.215821
-0.215868
-0.215913
-0.215956
-0.215997
-0.216035
-0.216072
-0.216107
-0.21614
-0.216171
-0.216201
-0.216229
-0.216255
-0.216281
-0.216305
-0.216327
-0.216349
-0.21637
-0.216389
-0.216408
-0.216425
-0.216442
-0.216458
-0.216473
-0.216487
-0.216501
-0.216514
-0.216526
-0.216538
-0.216549
-0.216559
-0.216542
-0.216526
-0.216511
-0.216497
-0.216483
-0.21647
-0.216457
-0.216445
-0.216434
-0.216423
-0.216413
-0.216403
-0.216394
-0.216385
-0.216376
-0.216368
-0.216361
-0.216353
-0.216347
-0.21634
-0.216334
-0.216328
-0.216375
-0.216478
-0.216628
-0.216787
-0.216967
-0.217166
-0.217364
-0.216559
-0.215584
-0.214027
-0.212244
-0.210336
-0.208425
-0.206501
-0.204327
-0.201928
-0.199301
-0.196801
-0.19442
-0.191931
-0.18935
-0.186896
-0.184336
-0.181676
-0.178801
-0.175604
-0.172295
-0.168614
-0.164798
-0.160404
-0.155904
-0.151415
-0.147035
-0.142753
-0.138557
-0.134437
-0.130383
-0.126387
-0.12244
-0.118534
-0.114663
-0.110701
-0.106767
-0.102854
-0.098957
-0.09507
-0.091189
-0.087309
-0.083096
-0.078343
-0.072287
-0.066108
-0.059928
-0.053849
-0.047749
-0.041745
-0.035828
-0.029995
-0.024238
-0.018555
-0.013642
-0.010182
-0.007787
-0.005512
-0.004984
-0.006227
-0.011185
-0.018511
-0.027198
-0.036375
-0.045108
-0.053416
-0.061317
-0.068829
-0.076154
-0.083473
-0.089437
-0.094643
-0.099526
-0.103964
-0.108174
-0.112167
-0.116484
-0.121055
-0.125669
-0.130251
-0.134571
-0.138627
-0.142422
-0.145958
-0.149236
-0.15226
-0.155033
-0.157558
-0.159841
-0.161883
-0.163691
-0.165267
-0.166617
-0.167744
-0.168536
-0.168908
-0.169086
-0.168956
-0.168644
-0.168153
-0.167484
-0.166643
-0.16563
-0.16567
-0.166036
-0.1666
-0.167345
-0.167916
-0.16821
-0.169381
-0.171659
-0.173981
-0.176182
-0.178266
-0.180241
-0.182112
-0.183885
-0.185564
-0.187155
-0.188663
-0.190092
-0.191446
-0.192729
-0.193945
-0.195097
-0.19619
-0.197225
-0.198207
-0.199138
-0.20002
-0.200857
-0.20165
-0.202402
-0.203116
-0.203793
-0.204434
-0.205043
-0.205621
-0.206169
-0.206689
-0.207182
-0.207641
-0.208041
-0.20838
-0.208628
-0.208793
-0.208858
-0.208842
-0.20874
-0.208546
-0.208396
-0.208463
-0.208779
-0.209194
-0.209585
-0.209953
-0.210301
-0.210628
-0.210937
-0.211228
-0.211503
-0.211762
-0.212007
-0.212239
-0.212457
-0.212664
-0.212858
-0.212984
-0.212946
-0.21277
-0.2125
-0.212158
-0.211751
-0.211274
-0.21072
-0.210083
-0.20936
-0.208546
-0.207637
-0.20663
-0.205522
-0.204311
-0.202994
-0.201569
-0.200035
-0.19839
-0.196633
-0.194762
-0.194124
-0.195029
-0.196121
-0.197148
-0.198115
-0.199027
-0.199886
-0.200695
-0.201458
-0.202178
-0.202857
-0.203498
-0.204103
-0.204674
-0.205214
-0.205723
-0.206205
-0.20666
-0.20709
-0.207497
-0.207881
-0.208245
-0.20859
-0.208915
-0.209224
-0.209515
-0.209792
-0.210053
-0.210301
-0.210536
-0.210758
-0.210969
-0.211168
-0.211357
-0.211536
-0.211706
-0.211867
-0.21202
-0.212165
-0.212302
-0.212432
-0.212555
-0.212673
-0.212784
-0.212889
-0.212989
-0.213084
-0.213174
-0.213259
-0.21334
-0.213417
-0.21349
-0.213608
-0.214006
-0.214476
-0.214095
-0.213535
-0.212964
-0.21236
-0.211733
-0.21075
-0.209429
-0.207884
-0.206115
-0.204124
-0.202018
-0.199911
-0.197689
-0.195454
-0.1932
-0.19092
-0.188606
-0.186255
-0.183861
-0.181418
-0.178924
-0.176575
-0.174707
-0.174247
-0.174225
-0.17542
-0.177105
-0.179131
-0.181051
-0.182871
-0.184595
-0.186229
-0.187778
-0.189246
-0.190637
-0.191956
-0.193206
-0.194391
-0.195512
-0.196523
-0.197429
-0.198219
-0.19769
-0.197019
-0.196203
-0.195342
-0.194428
-0.193454
-0.192293
-0.190958
-0.189435
-0.187737
-0.185971
-0.184132
-0.182214
-0.180216
-0.178132
-0.17596
-0.173698
-0.171343
-0.168893
-0.166346
-0.16348
-0.160527
-0.157369
-0.154127
-0.150799
-0.147386
-0.143885
-0.140296
-0.136618
-0.132851
-0.128995
-0.124947
-0.120816
-0.116602
-0.112304
-0.107923
-0.10346
-0.098914
-0.094287
-0.08958
-0.084793
-0.080836
-0.078596
-0.078825
-0.080539
-0.082165
-0.083709
-0.085174
-0.087378
-0.089875
-0.092498
-0.095745
-0.099695
-0.10434
-0.108944
-0.113312
-0.117459
-0.121394
-0.126218
-0.131608
-0.138726
-0.146327
-0.153715
-0.160731
-0.167382
-0.173675
-0.17962
-0.185224
-0.190495
-0.195442
-0.199265
-0.202712
-0.205694
-0.20813
-0.210136
-0.211724
-0.2127
-0.213095
-0.213125
-0.2128
-0.212228
-0.211315
-0.210179
-0.208713
-0.207137
-0.205452
-0.203655
-0.201645
-0.199528
-0.197304
-0.194972
-0.192532
-0.189985
-0.187329
-0.184566
-0.181695
-0.178717
-0.175632
-0.17244
-0.169142
-0.165738
-0.162229
-0.158616
-0.154899
-0.151079
-0.147157
-0.143134
-0.13901
-0.134788
-0.131346
-0.128205
-0.125894
-0.124033
-0.122371
-0.120771
-0.119013
-0.117088
-0.114892
-0.112537
-0.109921
-0.10705
-0.105731
-0.107659
-0.110838
-0.114376
-0.118225
-0.121879
-0.125384
-0.129007
-0.132817
-0.136561
-0.140112
-0.14348
-0.146674
-0.149704
-0.152577
-0.155302
-0.157887
-0.159771
-0.16174
-0.163351
-0.16466
-0.165925
-0.167113
-0.168231
-0.169284
-0.169963
-0.171319
-0.172992
-0.174734
-0.176386
-0.17803
-0.179591
-0.179894
-0.17997
-0.18015
-0.180419
-0.180771
-0.181101
-0.181409
-0.181661
-0.181895
-0.182072
-0.182198
-0.18231
-0.182369
-0.182379
-0.182264
-0.181953
-0.181484
-0.18086
-0.178813
-0.176102
-0.172558
-0.168267
-0.163446
-0.158243
-0.152842
-0.147423
-0.14266
-0.138383
-0.134469
-0.130932
-0.127657
-0.1246
-0.121694
-0.118931
-0.116304
-0.113723
-0.11119
-0.108715
-0.106279
-0.104781
-0.104222
-0.104308
-0.104188
-0.103948
-0.103588
-0.103165
-0.104179
-0.106649
-0.110547
-0.11503
-0.119285
-0.123017
-0.125534
-0.126735
-0.126827
-0.126056
-0.124958
-0.123788
-0.122541
-0.121212
-0.119796
-0.118292
-0.116694
-0.115
-0.113209
-0.111317
-0.109323
-0.107226
-0.105024
-0.102717
-0.100302
-0.097781
-0.095151
-0.092414
-0.089568
-0.086614
-0.083552
-0.080382
-0.077105
-0.07372
-0.07023
-0.066633
-0.062933
-0.059128
-0.055221
-0.051213
-0.047104
-0.042897
-0.038592
-0.034192
-0.029698
-0.025112
-0.020435
-0.015671
-0.012619
-0.012693
-0.020734
-0.028868
-0.036824
-0.044614
-0.052008
-0.059104
-0.065838
-0.072231
-0.078381
-0.084219
-0.089759
-0.095014
-0.099922
-0.104654
-0.109226
-0.113555
-0.11782
-0.121949
-0.126014
-0.129798
-0.133538
-0.137171
-0.140618
-0.143889
-0.146994
-0.150027
-0.152837
-0.155198
-0.155961
-0.155752
-0.155589
-0.155511
-0.155436
-0.154228
-0.152605
-0.150744
-0.148653
-0.146181
-0.143508
-0.140547
-0.137388
-0.134282
-0.131957
-0.13226
-0.133324
-0.133103
-0.130448
-0.126566
-0.122002
-0.116955
-0.111758
-0.106816
-0.102116
-0.097563
-0.092996
-0.088088
-0.083184
-0.078277
-0.073457
-0.068876
-0.064521
-0.060381
-0.056447
-0.052707
-0.049153
-0.045776
-0.042567
-0.039517
-0.036619
-0.033865
-0.031249
-0.030125
-0.03001
-0.029745
-0.028838
0.027454
0.025663
0.023822
0.021925
0.019967
0.017941
0.015845
0.013673
0.011423
0.009092
0.009372
0.012522
0.018639
0.025093
0.031222
0.037042
0.042568
0.047816
0.052799
0.05753
0.062022
0.065905
0.067077
0.064951
0.061482
0.057456
0.053496
0.049589
0.045726
0.041896
0.038089
0.034298
0.030514
0.02673
0.022941
0.01914
0.015321
0.011482
0.007616
0.00372
-0.000208
-0.004172
-0.008174
-0.012217
-0.015109
-0.017333
-0.018891
-0.019555
-0.019208
-0.017985
-0.0164
-0.014342
-0.012188
-0.009939
-0.007844
-0.005777
-0.003723
-0.001693
0.000199
0.001959
0.003593
0.005107
0.006506
0.007797
0.008984
0.010073
0.011067
0.011971
0.012789
0.013526
0.013057
0.010531
0.005723
-0.000324
-0.007086
-0.01416
-0.021294
-0.028349
-0.03533
-0.042241
-0.045431
-0.042315
-0.035981
-0.029962
-0.024243
-0.018809
-0.013646
-0.008741
-0.004081
0.000347
0.004552
0.008548
0.012343
0.015949
0.019442
0.023382
0.028049
0.03343
0.039007
0.044623
0.049961
0.055034
0.058928
0.062317
0.065004
0.066676
0.067519
0.068362
0.069162
0.069922
0.070644
0.07133
0.071981
0.0726
0.072095
0.067165
0.060027
0.051787
0.043315
0.035023
0.027007
0.019247
0.011723
0.004417
-0.002687
-0.009605
-0.016352
-0.022941
-0.029384
-0.035695
-0.041882
-0.047956
-0.053926
-0.0598
-0.065586
-0.07129
-0.076919
-0.082479
-0.087975
-0.09341
-0.09879
-0.104118
-0.109397
-0.114629
-0.119816
-0.124961
-0.130065
-0.135129
-0.140153
-0.145139
-0.150086
-0.154993
-0.159862
-0.16469
-0.169478
-0.174223
-0.178924
-0.18358
-0.188189
-0.189378
-0.185966
-0.178869
-0.17017
-0.161893
-0.154019
-0.14653
-0.139407
-0.132633
-0.126191
-0.120067
-0.114245
-0.10871
-0.103448
-0.101283
-0.102821
-0.107159
-0.11285
-0.118367
-0.123722
-0.128925
-0.133987
-0.138918
-0.143727
-0.148422
-0.153011
-0.1575
-0.158819
-0.15622
-0.149452
-0.142627
-0.136136
-0.129964
-0.124096
-0.118517
-0.113213
-0.108171
-0.103379
-0.098824
-0.094494
-0.09038
-0.086469
-0.082753
-0.079222
-0.075866
-0.072677
-0.069647
-0.066767
-0.064031
-0.061432
-0.058962
-0.056615
-0.054385
-0.052267
-0.050254
-0.048341
-0.046524
-0.044798
-0.043158
-0.0416
-0.04012
-0.038713
-0.037377
-0.036108
-0.034902
-0.033756
-0.032667
-0.031633
-0.030651
-0.029717
-0.028831
-0.027988
-0.027188
-0.026428
-0.025705
-0.025019
-0.024367
-0.023748
-0.02316
-0.022601
-0.02207
-0.021565
-0.021086
-0.020631
-0.020199
-0.019788
-0.019397
-0.019027
-0.018674
-0.01834
-0.018022
-0.01772
-0.017433
-0.01716
-0.016901
-0.016655
-0.016422
-0.0162
-0.015244
-0.009745
-0.001895
0.008264
0.018248
0.027852
0.037097
0.046006
0.054597
0.062891
0.070904
0.078653
0.086155
0.093423
0.094725
0.092038
0.087303
0.082803
0.078526
0.074461
0.070599
0.066928
0.063441
0.060127
0.056978
0.053985
0.051142
0.048441
0.045875
0.043436
0.041119
0.038918
0.036826
0.034839
0.032952
0.031158
0.029454
0.027835
0.026297
0.024837
0.023448
0.02213
0.020877
0.019686
0.018556
0.017481
0.016461
0.015491
0.01457
0.013695
0.012864
0.012074
0.011324
0.010611
0.009934
0.009291
0.00868
0.008099
0.007547
0.007023
0.006526
0.006053
0.005603
0.005176
0.004771
0.004386
0.00402
0.003672
0.003342
0.003028
0.00273
0.002447
0.002178
0.001922
0.00168
0.001449
0.00123
0.001021
0.000824
0.000636
0.000457
0.000288
0.000127
-0.000026
-0.000172
-0.00031
-0.000441
-0.000566
-0.000684
-0.000796
-0.000903
-0.001005
-0.001101
-0.001193
-0.00128
-0.001363
-0.001442
-0.001516
-0.001587
-0.001654
-0.001718
-0.001779
-0.001837
-0.001892
-0.001944
-0.001994
-0.002041
-0.002085
-0.002128
-0.002168
-0.002207
-0.002243
-0.002278
-0.002311
-0.002342
-0.002371
-0.0024
-0.002427
-0.002452
-0.002476
-0.002499
-0.002521
-0.002542
-0.002561
-0.00258
-0.002598
-0.002615
-0.002631
-0.002646
-0.002661
-0.002675
-0.002688
-0.0027
-0.002712
-0.002723
-0.002734
-0.002744
-0.002753
-0.002762
-0.002771
-0.003067
-0.003348
-0.003615
-0.003869
-0.00411
-0.004338
-0.004556
-0.004869
-0.005166
-0.005449
-0.005717
-0.005972
-0.006215
-0.006445
-0.006663
-0.006871
-0.007068
-0.007256
-0.007434
-0.007603
-0.007764
-0.007917
-0.008062
-0.008199
-0.00833
-0.008455
-0.00869
-0.008914
-0.009126
-0.009328
-0.009519
-0.009701
-0.009874
-0.010039
-0.010195
-0.010343
-0.010484
-0.010618
-0.010745
-0.010866
-0.010981
-0.01109
-0.011193
-0.011292
-0.011385
-0.011474
-0.011558
-0.011638
-0.011715
-0.011787
-0.011856
-0.011921
-0.011983
-0.012042
-0.012322
-0.012917
-0.013707
-0.01468
-0.015712
-0.016915
-0.018176
-0.019703
-0.021825
-0.02428
-0.026943
-0.029589
-0.032434
-0.03536
-0.038364
-0.041325
-0.044139
-0.046813
-0.049354
-0.051769
-0.052954
-0.052517
-0.05077
-0.048375
-0.0461
-0.043939
-0.041886
-0.039936
-0.038084
-0.036325
-0.034654
-0.033066
-0.031558
-0.030126
-0.028765
-0.027067
-0.023777
-0.018843
-0.013471
-0.007772
-0.002223
0.003307
0.008823
0.01433
0.02018
0.025783
0.031154
0.032419
0.03094
0.029333
0.027807
0.026358
0.02498
0.023672
0.022429
0.021248
0.020127
0.019061
0.018049
0.017087
0.016174
0.015306
0.014482
0.013698
0.012955
0.012248
0.011576
0.010939
0.010332
0.010727
0.016598
0.024258
0.033559
0.042845
0.05178
0.059451
0.064233
0.063156
0.060057
0.057112
0.054314
0.051656
0.04913
0.04673
0.04445
0.042284
0.040225
0.03827
0.036412
0.034647
0.03297
0.031377
0.029863
0.028426
0.027059
0.025762
0.024529
0.023358
0.022245
0.021187
0.020183
0.019229
0.018323
0.017462
0.016643
0.015866
0.015128
0.014426
0.01376
0.013127
0.012526
0.011954
0.011411
0.010896
0.010406
0.009941
0.009499
0.009079
0.008679
0.0083
0.00794
0.007598
0.007273
0.006964
0.006671
0.006393
0.006128
0.005876
0.005637
0.00541
0.005195
0.00499
0.004795
0.00461
0.004435
0.004268
0.004109
0.003959
0.003816
0.003679
0.00355
0.003428
0.003311
0.003201
0.003095
0.002995
0.0029
0.00281
0.002725
0.002643
0.002566
0.002492
0.002422
0.002356
0.002293
0.002233
0.002177
0.002122
0.002071
0.002022
0.001976
0.001932
0.00189
0.00185
0.001813
0.001777
0.001743
0.001711
0.00168
0.00165
0.001623
0.001596
0.001571
0.001548
0.001525
0.001503
0.001483
0.001464
0.001445
0.001428
0.001411
0.001395
0.00138
0.001366
0.001352
0.001339
0.001327
0.001316
0.001304
0.001699
0.003868
0.008738
0.014862
0.022545
0.030607
0.038579
0.046239
0.053605
0.058799
0.062127
0.061173
0.058306
0.055581
0.052993
0.050533
0.048196
0.045976
0.043866
0.041862
0.039958
0.038149
0.03643
0.034797
0.033246
0.035981
0.040969
0.047567
0.054133
0.060444
0.066514
0.072358
0.077988
0.083418
0.088658
0.093722
0.098618
0.103358
0.10795
0.112402
0.116725
0.120924
0.125008
0.128983
0.132856
0.136633
0.140318
0.143918
0.147437
0.15088
0.15425
0.157553
0.16079
0.159735
0.155318
0.148728
0.142461
0.136502
0.130836
0.125449
0.120327
0.115459
0.110831
0.106432
0.102251
0.098277
0.094501
0.090912
0.087501
0.084259
0.081179
0.078252
0.075471
0.072828
0.070317
0.067931
0.065664
0.06351
0.061463
0.059803
0.058226
0.056728
0.055304
0.053952
0.052667
0.051446
0.050286
0.049184
0.048137
0.047142
0.046197
0.0453
0.043835
0.040448
0.035888
0.030383
0.023845
0.016826
0.0099
0.003297
-0.002981
-0.00895
-0.014624
-0.018331
-0.02027
-0.019134
-0.016758
-0.014501
-0.011392
-0.003649
0.006216
0.017815
0.029269
0.040252
0.050789
0.060903
0.070617
0.079952
0.08893
0.097568
0.105886
0.113899
0.121625
0.129078
0.136271
0.143218
0.149931
0.156421
0.162699
0.168774
0.174654
0.180349
0.184881
0.189283
0.19356
0.197717
0.201757
0.205685
0.209505
0.213218
0.216828
0.22021
0.222898
0.224926
0.226441
0.227354
0.22578
0.221242
0.214488
0.208061
0.201944
0.196125
0.190589
0.185323
0.180314
0.175551
0.171021
0.166714
0.162618
0.158724
0.155022
0.151503
0.148157
0.144977
0.141955
0.139082
0.136351
0.137303
0.141412
0.146387
0.151371
0.156159
0.160759
0.165182
0.169437
0.173532
0.177475
0.181275
0.184938
0.188472
0.191883
0.194323
0.19571
0.195565
0.192441
0.187474
0.182749
0.178256
0.173983
0.16992
0.166057
0.162384
0.158892
0.155571
0.152415
0.149415
0.146564
0.143853
0.141277
0.138828
0.136501
0.135459
0.137186
0.140566
0.145336
0.150421
0.155407
0.160193
0.164788
0.169202
0.173444
0.177523
0.181658
0.185847
0.190091
0.194175
0.195677
0.19409
0.189369
0.184879
0.180608
0.176546
0.172684
0.169012
0.165521
0.162201
0.159046
0.156046
0.153194
0.150483
0.147907
0.145458
0.14313
0.140918
0.138816
0.136818
0.134919
0.133114
0.131249
0.129174
0.127202
0.125328
0.123453
0.121568
0.124364
0.129436
0.136102
0.143808
0.151294
0.158471
0.165354
0.171955
0.178287
0.184361
0.190188
0.195778
0.200004
0.200656
0.195156
0.189922
0.184944
0.180208
0.175704
0.17142
0.167347
0.163473
0.15979
0.157116
0.154574
0.152158
0.149861
0.147679
0.145604
0.143633
0.141759
0.139979
0.139414
0.141888
0.146705
0.151609
0.156306
0.160807
0.165227
0.169464
0.173528
0.177428
0.181173
0.184768
0.188222
0.191542
0.194734
0.197805
0.20076
0.203605
0.206345
0.208985
0.211529
0.213982
0.216348
0.218631
0.220834
0.22296
0.225013
0.226996
0.228911
0.230761
0.232836
0.235121
0.238279
0.241575
0.24509
0.248516
0.251761
0.25483
0.257725
0.260451
0.263009
0.265403
0.267635
0.266525
0.261542
0.256079
0.250874
0.245915
0.241192
0.236695
0.232413
0.228336
0.224456
0.220763
0.217249
0.214349
0.21538
0.218682
0.22287
0.226876
0.230703
0.234359
0.237846
0.241172
0.24434
-0.247354
-0.250219
-0.252939
-0.255516
-0.257956
-0.26026
-0.262431
-0.264472
-0.266386
-0.268173
-0.269837
-0.271378
-0.272797
-0.274097
-0.275277
-0.276339
-0.277282
-0.278108
-0.278816
-0.279406
-0.279878
-0.280232
-0.280468
-0.280584
-0.28058
-0.280455
-0.280208
-0.279839
-0.279346
-0.278728
-0.277983
-0.277112
-0.276112
-0.274981
-0.27372
-0.272326
-0.270798
-0.269134
-0.267334
-0.265396
-0.263319
-0.261101
-0.258742
-0.25624
-0.253594
-0.250803
-0.247867
-0.244784
-0.241554
-0.238176
-0.23465
-0.230974
-0.22715
-0.223176
-0.219053
-0.214781
-0.210359
-0.206356
-0.203282
-0.202836
-0.203706
-0.204515
-0.205265
-0.205962
-0.206609
-0.207212
-0.207772
-0.208294
-0.20878
-0.209233
-0.209656
-0.210062
-0.210472
-0.210906
-0.211347
-0.211821
-0.21228
-0.211831
-0.211399
-0.210869
-0.210368
-0.209889
-0.209425
-0.208977
-0.208545
-0.208128
-0.207727
-0.207341
-0.206969
-0.206613
-0.206271
-0.205943
-0.205628
-0.205327
-0.205039
-0.204763
-0.204498
-0.204246
-0.204005
-0.203774
-0.203554
-0.203344
-0.203143
-0.202952
-0.202769
-0.202595
-0.202429
-0.20227
-0.202119
-0.201975
-0.201838
-0.201708
-0.201583
-0.201465
-0.201352
-0.201244
-0.201142
-0.201045
-0.200922
-0.200762
-0.201445
-0.202199
-0.202913
-0.203573
-0.204173
-0.204725
-0.205239
-0.205719
-0.206173
-0.206601
-0.207005
-0.207433
-0.207858
-0.208277
-0.208675
-0.209054
-0.209413
-0.209754
-0.210078
-0.210385
-0.210677
-0.210955
-0.211218
-0.211468
-0.211706
-0.211918
-0.21209
-0.212238
-0.212358
-0.21245
-0.212511
-0.211556
-0.210636
-0.209653
-0.208718
-0.207827
-0.20698
-0.206174
-0.205407
-0.204678
-0.203984
-0.203324
-0.202696
-0.202099
-0.201531
-0.201935
-0.202443
-0.202926
-0.203384
-0.203831
-0.204268
-0.20482
-0.205385
-0.205931
-0.20645
-0.206943
-0.20741
-0.207854
-0.208275
-0.208674
-0.209054
-0.209414
-0.209756
-0.21008
-0.210389
-0.210681
-0.210959
-0.211223
-0.211473
-0.211711
-0.211937
-0.212151
-0.212354
-0.212548
-0.212731
-0.212906
-0.213071
-0.213228
-0.213378
-0.213519
-0.213654
-0.213782
-0.213903
-0.214019
-0.214128
-0.214233
-0.214331
-0.214425
-0.214514
-0.214599
-0.21468
-0.214756
-0.214829
-0.214898
-0.214963
-0.215025
-0.215084
-0.215141
-0.215194
-0.215244
-0.215293
-0.215338
-0.215382
-0.215423
-0.215462
-0.215499
-0.215534
-0.215568
-0.2156
-0.21563
-0.215659
-0.215686
-0.215712
-0.215737
-0.21576
-0.215783
-0.215804
-0.215824
-0.215843
-0.215861
-0.215878
-0.215895
-0.21591
-0.215925
-0.215939
-0.215952
-0.215965
-0.215977
-0.215988
-0.215999
-0.216009
-0.216019
-0.216028
-0.216037
-0.216046
-0.216054
-0.216061
-0.216068
-0.216075
-0.216082
-0.216088
-0.216094
-0.216099
-0.216105
-0.21611
-0.216114
-0.216119
-0.216123
-0.216127
-0.216131
-0.216135
-0.216138
-0.216142
-0.216145
-0.216148
-0.216151
-0.216154
-0.216156
-0.216159
-0.216161
-0.216163
-0.216165
-0.216167
-0.216169
-0.216171
-0.216173
-0.216174
-0.216176
-0.216177
-0.216179
-0.21618
-0.216181
-0.216182
-0.216183
-0.216185
-0.216185
-0.216187
-0.216262
-0.216395
-0.216559
-0.216715
-0.216859
-0.216991
-0.217112
-0.217257
-0.217434
-0.21765
-0.21783
-0.217935
-0.217941
-0.217844
-0.21764
-0.217327
-0.2169
-0.216357
-0.215696
-0.214915
-0.214012
-0.212986
-0.211836
-0.210561
-0.20916
-0.207631
-0.205976
-0.204193
-0.202282
-0.200593
-0.199408
-0.199592
-0.200585
-0.201528
-0.202413
-0.203258
-0.20405
-0.204794
-0.205493
-0.206149
-0.206395
-0.206094
-0.205513
-0.204678
-0.203782
-0.202833
-0.201824
-0.20075
-0.199607
-0.19839
-0.197094
-0.195716
-0.194253
-0.192702
-0.19106
-0.189325
-0.187493
-0.185565
-0.183537
-0.181408
-0.179177
-0.176843
-0.174404
-0.171859
-0.169207
-0.166449
-0.163582
-0.160607
-0.157524
-0.154331
-0.151028
-0.146666
-0.141411
-0.135614
-0.129634
-0.12326
-0.116721
-0.110026
-0.10328
-0.096593
-0.08996
-0.083376
-0.076741
-0.070152
-0.063502
-0.056897
-0.050335
-0.043812
-0.038283
-0.0331
-0.028134
-0.02346
-0.018867
-0.014703
-0.010653
-0.006614
-0.002404
0.001888
0.006343
0.010955
-0.015715
-0.020615
-0.02565
-0.02904
-0.029738
-0.023828
-0.015561
-0.007706
-0.000244
0.006844
0.013577
0.019972
0.026045
0.031812
0.037289
0.04249
0.047428
0.052118
0.056571
0.061892
0.067544
0.072846
0.077935
0.082874
0.087601
0.092355
0.096882
0.101262
0.105421
0.109371
0.113121
0.116682
0.120154
0.123451
0.126581
0.129554
0.132377
0.135057
0.137603
0.140021
0.142317
0.143817
0.145161
0.146678
0.148006
0.148916
0.149756
0.150449
0.150995
0.15159
0.152323
0.153539
0.155727
0.158333
0.161663
0.165013
0.168293
0.171515
0.174764
0.177951
0.181168
0.184241
0.187178
0.189984
0.192668
0.195234
0.197689
0.200039
0.202288
0.204442
0.206506
0.208482
0.210377
0.212194
0.213936
0.215607
0.217211
0.21875
0.220228
0.221647
-0.22301
-0.224319
-0.225577
-0.226785
-0.227947
-0.229063
-0.230135
-0.231166
-0.232157
-0.233109
-0.234023
-0.234901
-0.235744
-0.236553
-0.237329
-0.238073
-0.238786
-0.239468
-0.240121
-0.240745
-0.241341
-0.241908
-0.241892
-0.241615
-0.240471
-0.238156
-0.23495
-0.231897
-0.22899
-0.226224
-0.22359
-0.221084
-0.218699
-0.215998
-0.212574
-0.208855
-0.205182
-0.201622
-0.198162
-0.194673
-0.190049
-0.185224
-0.180319
-0.175429
-0.170775
-0.166345
-0.16213
-0.158054
-0.154176
-0.150488
-0.146979
-0.143642
-0.140469
-0.137451
-0.134581
-0.131853
-0.129259
-0.126793
-0.124448
-0.12222
-0.120101
-0.118088
-0.116174
-0.114355
-0.112626
-0.110983
-0.109421
-0.107937
-0.106527
-0.106729
-0.107762
-0.109179
-0.110951
-0.113612
-0.11659
-0.119418
-0.122102
-0.12465
-0.12707
-0.129366
-0.131547
-0.133618
-0.135584
-0.13745
-0.139222
-0.140905
-0.142503
-0.14402
-0.145461
-0.146829
-0.148128
-0.149362
-0.150533
-0.151646
-0.152702
-0.153706
-0.154658
-0.155564
-0.156423
-0.157239
-0.158014
-0.158751
-0.15945
-0.160114
-0.160745
-0.161344
-0.161913
-0.162453
-0.162967
-0.163454
-0.163917
-0.164357
-0.164775
-0.165172
-0.165549
-0.165907
-0.166247
-0.16657
-0.166639
-0.166093
-0.165175
-0.164167
-0.163074
-0.161963
-0.160908
-0.159905
-0.158951
-0.157981
-0.157058
-0.156181
-0.155348
-0.154556
-0.153803
-0.153088
-0.152408
-0.151762
-0.151148
-0.150565
-0.150011
-0.149484
-0.148984
-0.148508
-0.148056
-0.147627
-0.147219
-0.146831
-0.146463
-0.145977
-0.145313
-0.144
-0.141135
-0.136812
-0.132226
-0.127727
-0.123363
-0.119213
-0.115267
-0.111515
-0.107949
-0.104558
-0.101336
-0.098272
-0.09536
-0.092593
-0.089963
-0.087464
-0.085847
-0.085472
-0.085726
-0.086651
-0.088214
-0.090176
-0.092499
-0.094856
-0.097095
-0.099221
-0.10124
-0.103223
-0.105107
-0.106896
-0.108594
-0.110208
-0.11174
-0.113195
-0.114577
-0.11589
-0.117137
-0.11832
-0.119445
-0.120513
-0.121528
-0.122491
-0.123407
-0.124348
-0.125242
-0.126091
-0.126897
-0.127664
-0.128391
-0.129082
-0.129739
-0.130362
-0.130954
-0.131517
-0.132052
-0.132011
-0.131835
-0.131531
-0.130465
-0.12922
-0.127972
-0.126468
-0.124679
-0.122683
-0.120156
-0.117299
-0.113585
-0.109821
-0.106243
-0.102842
-0.099544
-0.096408
-0.093429
-0.090596
-0.087905
-0.085347
-0.082916
-0.080606
-0.078411
-0.076239
-0.073941
-0.071532
-0.069244
-0.067069
-0.065003
-0.063039
-0.061174
-0.059401
-0.059086
-0.059911
-0.06167
-0.064327
-0.06793
-0.072059
-0.077037
-0.081868
-0.086455
-0.090809
-0.094943
-0.098867
-0.102593
-0.106129
-0.109486
-0.112673
-0.115699
-0.118572
-0.121299
-0.123888
-0.126346
-0.128679
-0.130895
-0.132999
-0.134996
-0.136892
-0.138693
-0.140403
-0.142026
-0.143567
-0.145031
-0.146421
-0.147741
-0.148994
-0.150185
-0.151315
-0.152388
-0.153408
-0.154376
-0.155295
-0.156168
-0.156998
-0.157785
-0.158533
-0.159244
-0.159918
-0.160559
-0.161168
-0.161746
-0.162295
-0.162817
-0.163312
-0.163783
