0.0
0.007713
0.01504
0.021999
0.028608
0.034884
0.040844
0.046503
0.051876
0.056978
0.061822
0.066422
0.070788
0.074934
0.07887
0.082607
0.086155
0.089523
0.092722
0.095758
0.098641
0.101378
0.103977
0.106445
0.108788
0.111013
0.113125
0.115131
0.117036
0.118845
0.120562
0.122193
0.123742
0.125213
0.12661
0.127936
0.129196
0.130392
0.131528
0.132607
0.133632
0.134605
0.13553
0.136407
0.137241
0.138033
0.138785
0.1395
0.140178
0.140823
0.141435
0.142016
0.142569
0.143093
0.143592
0.144065
0.144514
0.144941
0.145347
0.145732
0.146098
0.146446
0.146776
0.14709
0.147388
0.147671
0.14794
0.148195
0.148438
0.148668
0.148887
0.149095
0.149293
0.14948
0.149659
0.149828
0.149989
0.150142
0.150287
0.150425
0.150556
0.150681
0.150799
0.150911
0.151018
0.151119
0.151215
0.151307
0.151394
0.151476
0.151555
0.151629
0.1517
0.151767
0.151831
0.151892
0.151949
0.152004
0.152056
0.152106
0.152152
0.152197
0.152239
0.15228
0.152318
0.152354
0.152389
0.152422
0.152453
0.152482
0.15251
0.152537
0.152563
0.152587
0.152609
0.152631
0.152652
0.152672
0.15269
0.152708
0.152725
0.152741
0.152756
0.15277
0.152784
0.152797
0.152809
0.152821
0.152832
0.152843
0.152853
0.152863
0.152872
0.15288
0.152889
0.152896
0.152904
0.152911
0.152918
0.152924
0.15293
0.152936
0.152941
0.152946
0.152951
0.152956
0.15296
0.152964
0.152968
0.152972
0.152976
0.152979
0.152983
0.152986
0.152989
0.152991
0.152994
0.152996
0.152999
0.153001
0.153003
0.153005
0.153007
0.153009
0.153011
0.153013
0.153014
0.153016
0.153017
0.153018
0.15302
0.153021
0.153022
0.153023
0.153024
0.153025
0.153026
0.153027
0.153028
0.153029
0.15303
0.15303
0.153031
0.153031
0.153031
0.153031
0.153031
0.153031
0.153031
0.153031
0.153031
0.153031
0.153031
0.153031
0.153031
0.153031
0.153031
0.153031
0.153031
0.153031
0.153031
0.153031
0.153031
0.153031
0.153031
0.153031
0.153031
0.153031
0.152195
0.148865
0.143505
0.136807
0.129752
0.12292
0.116289
0.109841
0.103558
0.097422
0.091418
0.085532
0.07975
0.07406
0.06845
0.062911
0.057432
0.052005
0.046621
0.041273
0.035954
0.030658
0.02538
0.020113
0.014854
0.009599
0.004344
-0.000914
-0.006178
-0.011451
-0.016733
-0.022028
-0.027336
-0.032658
-0.037994
-0.043347
-0.048714
-0.054097
-0.059495
-0.064907
-0.068736
-0.068571
-0.064503
-0.056824
-0.049312
-0.042171
-0.035385
-0.028937
-0.022809
-0.016987
-0.011455
-0.0062
-0.001207
0.003537
0.008043
0.009834
0.007226
0.002818
-0.00243
-0.007761
-0.012968
-0.018063
-0.023058
-0.027965
-0.032793
-0.037551
-0.042248
-0.046892
-0.05149
-0.056047
-0.060571
-0.065067
-0.069539
-0.073992
-0.07843
-0.082856
-0.087273
-0.091683
-0.09609
-0.100494
-0.104897
-0.109301
-0.113705
-0.118112
-0.12252
-0.126931
-0.131343
-0.134331
-0.134364
-0.130265
-0.122147
-0.114316
-0.106869
-0.099789
-0.093057
-0.086658
-0.080575
-0.074794
-0.069298
-0.064076
-0.061191
-0.060875
-0.063493
-0.067954
-0.072877
-0.077909
-0.082825
-0.087634
-0.092347
-0.096971
-0.099819
-0.100821
-0.099914
-0.09643
-0.091921
-0.086799
-0.08145
-0.07601
-0.071814
-0.069643
-0.070166
-0.0733
-0.078855
-0.084902
-0.090945
-0.096855
-0.102642
-0.108313
-0.113876
-0.119338
-0.124704
-0.129981
-0.135173
-0.140285
-0.14532
-0.150282
-0.155175
-0.158757
-0.159719
-0.15649
-0.148995
-0.141867
-0.135089
-0.128643
-0.122514
-0.116687
-0.111148
-0.105882
-0.100876
-0.096118
-0.091596
-0.087299
-0.083214
-0.079332
-0.075644
-0.072138
-0.068808
-0.065642
-0.062635
-0.059777
-0.057062
-0.054482
-0.052031
-0.049702
-0.047489
-0.045386
-0.043389
-0.041491
-0.039688
-0.037975
-0.036347
-0.034801
-0.033332
-0.031936
-0.03061
-0.029351
-0.028154
-0.027017
-0.025937
-0.024911
-0.023936
-0.02301
-0.02213
-0.021294
-0.0205
-0.019745
-0.019029
-0.018348
-0.017701
-0.017086
-0.016502
-0.015948
-0.015421
-0.01492
-0.014445
-0.013993
-0.013564
-0.013156
-0.012768
-0.0124
-0.012051
-0.011719
-0.011403
-0.011104
-0.010819
-0.010548
-0.010291
-0.010047
-0.009815
-0.009595
-0.009385
-0.009187
-0.008997
-0.008818
-0.008648
-0.008486
-0.008332
-0.008186
-0.008047
-0.008021
-0.008114
-0.008202
-0.008286
-0.008366
-0.008441
-0.008513
-0.004191
0.002862
0.012911
0.023247
0.033398
0.043157
0.052547
0.061587
0.070297
0.078697
0.086803
0.094633
0.102201
0.109522
0.11661
0.123477
0.130136
0.136596
0.142869
0.148963
0.154888
0.157071
0.15513
0.14805
0.141317
0.135636
0.130235
0.125101
0.120219
0.115579
0.111168
0.106976
0.102992
0.099205
0.095606
0.092185
0.088935
0.085846
0.082911
0.080122
0.077471
0.074953
0.07256
0.070287
0.068126
0.066074
0.064124
0.062271
0.06051
0.058837
0.057248
0.055738
0.054304
0.052941
0.051646
0.052368
0.05658
0.062014
0.069389
0.077045
0.084872
0.092513
0.099768
0.106666
0.113154
0.119377
0.12538
0.131188
0.13682
0.142271
0.14755
0.152666
0.157627
0.162441
0.167117
0.171662
0.17608
0.18038
0.184566
0.188644
0.192617
0.196491
0.200268
0.203544
0.206435
0.208716
0.210882
0.20975
0.206433
0.198514
0.19098
0.183812
0.176995
0.170511
0.164344
0.158481
0.152906
0.147606
0.142567
0.137777
0.133224
0.128896
0.124782
0.120873
0.117158
0.113627
0.110271
0.107082
0.103118
0.097613
0.090183
0.081331
0.071078
0.060242
0.049155
0.038159
0.027455
0.017144
0.007203
-0.002391
-0.01166
-0.020624
-0.029301
-0.03771
-0.045867
-0.053787
-0.061485
-0.067939
-0.072924
-0.076494
-0.078419
-0.076414
-0.071558
-0.066613
-0.061913
-0.057447
-0.053203
-0.04917
-0.045338
-0.041697
-0.038238
-0.034952
-0.031829
-0.029591
-0.027571
-0.027539
-0.029297
-0.033461
-0.03952
-0.046272
-0.05338
-0.060487
-0.067369
-0.074041
-0.080516
-0.086809
-0.092931
-0.098895
-0.104711
-0.110389
-0.115937
-0.121366
-0.126682
-0.131892
-0.137004
-0.142022
-0.146952
-0.1518
-0.156568
-0.159537
-0.159695
-0.153839
-0.147176
-0.14084
-0.134816
-0.129088
-0.123642
-0.118465
-0.113543
-0.108865
-0.104418
-0.100192
-0.096175
-0.092358
-0.08873
-0.085283
-0.082006
-0.079341
-0.078475
-0.078563
-0.079449
-0.08066
-0.081947
-0.083199
-0.084417
-0.085605
-0.086253
-0.086942
-0.087664
-0.088426
-0.08915
-0.090166
-0.0918
-0.094348
-0.097764
-0.101781
-0.10628
-0.111226
-0.116266
-0.121177
-0.125852
-0.1303
-0.134531
-0.138553
-0.142379
-0.146014
-0.149468
-0.152749
-0.155867
-0.158829
-0.161643
-0.16432
-0.166862
-0.169277
-0.171572
-0.173752
-0.175822
-0.177789
-0.179658
-0.181433
-0.183119
-0.184721
-0.186243
-0.187688
-0.189061
-0.190365
-0.191604
-0.192759
-0.193852
-0.194885
-0.195857
-0.196771
-0.197633
-0.19845
-0.199224
-0.199951
-0.199415
-0.19847
-0.197235
-0.196063
-0.194945
-0.193228
-0.188505
-0.181142
-0.172198
-0.163692
-0.155604
-0.147915
-0.140606
-0.133659
-0.127056
-0.12078
-0.114817
-0.10915
-0.103765
-0.098649
-0.093788
-0.089169
-0.084781
-0.080613
-0.076652
-0.07289
-0.069316
-0.06592
-0.062695
-0.059631
-0.05672
-0.053955
-0.051328
-0.048833
-0.046463
-0.044212
-0.042073
-0.040041
-0.038111
-0.036278
-0.034537
-0.032883
-0.031311
-0.029818
-0.0284
-0.027053
-0.025774
-0.024558
-0.023404
-0.022307
-0.021265
-0.020275
-0.019335
-0.018442
-0.017594
-0.016788
-0.016022
-0.015295
-0.014604
-0.013947
-0.013324
-0.012732
-0.012169
-0.011634
-0.011127
-0.010644
-0.010186
-0.009751
-0.009337
-0.008944
-0.008571
-0.008217
-0.00788
-0.00756
-0.007256
-0.006967
-0.006693
-0.007498
-0.008933
-0.01085
-0.012672
-0.014402
-0.016046
-0.017607
-0.019091
-0.0205
-0.021838
-0.02311
-0.024318
-0.025465
-0.026555
-0.027591
-0.029128
-0.030929
-0.033417
-0.036781
-0.040646
-0.044647
-0.049225
-0.054018
-0.059578
-0.066087
-0.072945
-0.079914
-0.086656
-0.093069
-0.099168
-0.104967
-0.11048
-0.115718
-0.120697
-0.125427
-0.129922
-0.134192
-0.13825
-0.142104
-0.145738
-0.149181
-0.152448
-0.15555
-0.158493
-0.161288
-0.163938
-0.166455
-0.168844
-0.171113
-0.173268
-0.175314
-0.177256
-0.179101
-0.180853
-0.1814
-0.181135
-0.180104
-0.178234
-0.176008
-0.173123
-0.167956
-0.161831
-0.154899
-0.147251
-0.139981
-0.13307
-0.126501
-0.120257
-0.114324
-0.108685
-0.103327
-0.098235
-0.093398
-0.088801
-0.084434
-0.080284
-0.076342
-0.072597
-0.069039
-0.065658
-0.062447
-0.059396
-0.056498
-0.053745
-0.051129
-0.048645
-0.046284
-0.044042
-0.041912
-0.039889
-0.037967
-0.036141
-0.034407
-0.032759
-0.031194
-0.029707
-0.028294
-0.026953
-0.025678
-0.024467
-0.023317
-0.022224
-0.021187
-0.020201
-0.019264
-0.018374
-0.017529
-0.016726
-0.015963
-0.015238
-0.01455
-0.013896
-0.013275
-0.012685
-0.012124
-0.011592
-0.011086
-0.010605
-0.010148
-0.009715
-0.009303
-0.008911
-0.008539
-0.008186
-0.007851
-0.007532
-0.007229
-0.006941
-0.006668
-0.006408
-0.006162
-0.005927
-0.005705
-0.005493
-0.005292
-0.005101
-0.00492
-0.004748
-0.004584
-0.004429
-0.004281
-0.004141
-0.004007
-0.003881
-0.00376
-0.003646
-0.003538
-0.003434
-0.003336
-0.003243
-0.003155
-0.003071
-0.002991
-0.002915
-0.002843
-0.002775
-0.00271
-0.002648
-0.002589
-0.002533
-0.00248
-0.00243
-0.002382
-0.002337
-0.002294
-0.002253
-0.002214
-0.002177
-0.002142
-0.002108
-0.002076
-0.002046
-0.002018
-0.00199
-0.001965
-0.00194
-0.001917
-0.001894
-0.001873
-0.001853
-0.001834
-0.001816
-0.001799
-0.001783
-0.001767
-0.001753
-0.001739
-0.001725
-0.001713
-0.001701
-0.001689
-0.001678
-0.001668
-0.001658
-0.001649
-0.00164
-0.001632
-0.001624
-0.001616
-0.001609
-0.001602
-0.001596
-0.001589
-0.001583
-0.001578
-0.001573
-0.001567
-0.001563
-0.001558
-0.001554
-0.00155
-0.001546
-0.001542
-0.001538
-0.001535
-0.001532
-0.001529
-0.001526
-0.001523
-0.00152
-0.001518
-0.001516
-0.001513
-0.001511
-0.001509
-0.001507
-0.001505
-0.001504
-0.001502
-0.0015
-0.001499
-0.001497
-0.001496
-0.001495
-0.001494
-0.001492
-0.001491
-0.00149
-0.001489
-0.001489
-0.001489
-0.001489
-0.001489
-0.001296
0.000327
0.003329
0.009016
0.016162
0.023688
0.031261
0.038643
0.045736
0.051382
0.055747
0.058276
0.059053
0.057549
0.054743
0.052076
0.049543
0.047136
0.044849
0.042675
0.040611
0.03865
0.036786
0.035016
0.033334
0.031736
0.030218
0.028775
0.027405
0.026103
0.024867
0.023692
0.022575
0.021515
0.020507
0.01955
0.018641
0.017777
0.016957
0.016177
0.018865
0.024016
0.031675
0.040288
0.049268
0.058023
0.066457
0.074591
0.08244
0.090022
0.097352
0.104446
0.110209
0.113458
0.112792
0.108699
0.104744
0.100984
0.097411
0.094016
0.090789
0.087723
0.084809
0.08204
0.079409
0.076909
0.074534
0.072277
0.070132
0.068094
0.066158
0.064319
0.062571
0.06091
0.059332
0.057834
0.056409
0.055056
0.053771
0.05255
0.051389
0.04932
0.047354
0.045486
0.043712
0.042025
0.040423
0.038902
0.037456
0.036082
0.034777
0.033537
0.03236
0.03124
0.030177
0.029167
0.028208
0.027296
0.02643
0.025608
0.024826
0.024084
0.023378
0.022708
0.022071
0.021466
0.020892
0.020346
0.019828
0.021637
0.028653
0.037758
0.047305
0.056485
0.065317
0.073823
0.082021
0.089927
0.09756
0.104934
0.112064
0.118963
0.125646
0.132122
0.138404
0.144502
0.150426
0.156183
0.161783
0.167233
0.172539
0.177708
0.182745
0.187656
0.192445
0.197116
0.201672
0.206118
0.208163
0.207655
0.203815
0.196303
0.189154
0.182353
0.175882
0.169727
0.163873
0.158306
0.153012
0.147978
0.143192
0.138641
0.134316
0.132207
0.135187
0.140363
0.14645
0.152323
0.157992
0.163469
0.168765
0.173889
0.17885
0.183658
0.18832
0.192843
0.197234
0.2015
0.205646
0.209677
0.213598
0.217414
0.221128
0.224744
0.228264
0.231691
0.235028
0.238277
0.241438
0.244513
0.247504
0.25041
0.253232
0.25597
0.258624
0.261193
0.263678
0.266076
0.268388
0.270611
0.272744
0.274787
0.276736
0.278591
0.28035
0.282009
0.283567
0.285022
0.286371
0.287612
0.288742
0.289759
0.29066
0.291442
0.292103
0.292639
0.293049
0.293328
0.293475
0.293486
0.29336
0.293092
0.292681
0.292124
0.291418
0.29056
0.289549
0.288382
0.287056
0.285569
0.283919
0.282105
0.280124
0.277974
0.275654
0.273163
0.270377
0.26747
0.264492
0.261637
0.258902
0.256283
0.253777
0.25138
0.249089
0.246898
0.244806
0.242808
0.242025
0.242655
0.243794
0.245155
0.246405
0.247542
0.248566
0.249478
0.250276
0.250961
0.251533
0.251991
0.252336
0.252567
0.252685
0.252688
0.252578
0.252355
0.252016
0.251564
0.250997
0.250316
0.249519
0.248606
0.247578
0.246433
0.245171
0.243791
0.242294
0.240678
0.238943
0.237088
0.235244
0.233393
0.231672
0.230151
0.229085
0.228587
0.228133
0.227832
0.227727
0.22772
0.227818
0.227957
0.228105
0.228237
0.227042
0.225671
0.224248
0.222878
0.221557
0.220281
0.219049
0.218835
0.218826
0.219013
0.219374
0.219604
0.219698
0.219719
0.219699
0.219678
0.219645
0.219605
0.219563
0.219517
0.21947
0.219421
0.21937
0.219319
0.219268
0.219216
0.219165
0.219113
0.219063
0.219012
0.218963
0.218914
0.218866
0.218819
0.218772
0.218727
0.218682
0.218638
0.218595
0.218553
0.218512
0.218471
0.21843
0.218391
0.218352
0.218313
0.218275
0.218237
0.2182
0.218163
0.218126
0.218089
0.218053
0.218016
0.21798
0.217943
0.217906
0.217866
0.217822
0.217771
0.217711
0.217651
0.217591
0.217534
0.217478
0.217423
0.217371
0.21732
0.217271
0.217224
0.217178
0.217134
0.217092
0.217051
0.217012
0.216975
0.216939
0.216905
0.216871
0.21684
0.21681
0.216781
0.216753
0.216726
0.216701
0.216677
0.216653
0.216632
0.21661
0.21659
0.216571
0.216553
0.216535
0.216518
0.216503
0.216488
0.216473
0.216459
0.216446
0.216434
0.216422
0.216411
0.2164
0.21639
0.21638
0.216371
0.216362
0.216353
0.216345
0.216338
0.21633
0.216324
0.216317
0.216311
0.216305
0.216299
0.216294
0.216288
0.216284
0.216279
0.216275
0.21627
0.216266
0.216263
0.216259
0.216256
0.216252
0.216249
0.216246
0.216244
0.216241
0.216238
0.216236
0.216234
0.216232
0.21623
0.216228
0.216226
0.216224
0.216222
0.216221
0.216219
0.216218
0.216216
0.216215
0.216214
0.216212
0.216211
0.21621
0.216209
0.216208
0.216207
0.216206
0.216209
0.216217
0.216225
0.216223
0.216222
0.21622
0.216219
0.216217
0.216216
0.216215
0.216214
0.216212
0.216363
0.216666
0.217056
0.217429
0.217723
0.217931
0.218047
0.218067
0.217985
0.217798
0.217501
0.217092
0.216568
0.215926
0.215166
0.214284
0.21328
0.212152
0.2109
0.209522
0.208018
0.206387
0.204629
0.202744
0.200731
0.198591
0.196323
0.193927
0.191404
0.188753
0.185975
0.18307
0.180038
0.17688
0.173596
0.170188
0.166654
0.162996
0.159215
0.155312
0.151287
0.147141
0.142875
0.13849
0.133988
0.129369
0.124636
0.119788
0.114829
0.109759
0.10458
0.099294
0.093903
0.088409
0.082815
0.077121
0.071332
0.06545
0.061362
0.061154
0.066215
0.071831
0.075178
0.076349
0.076453
0.075486
0.073228
0.070552
0.067584
0.064529
0.061375
0.05822
0.055058
0.051886
0.04979
0.047881
0.045969
0.044125
0.042166
0.040094
0.037908
0.035609
0.033198
0.031858
0.031105
0.030947
0.030985
0.031526
0.032668
0.034485
0.036299
0.03801
0.039706
0.041678
0.043937
0.046393
0.049265
0.054238
0.05955
0.064593
0.069381
0.073926
0.078241
0.082337
0.086226
0.089917
0.093422
0.096749
0.099907
0.102906
0.105167
0.104218
0.101489
0.097235
0.092674
0.088205
0.083814
0.079488
0.075217
0.070991
0.066798
0.061897
0.056739
0.051325
-0.045747
-0.039942
-0.034075
-0.02815
-0.022085
-0.015972
-0.009742
-0.003476
0.002822
0.009147
-0.001763
-0.012648
-0.023244
-0.033524
-0.043726
-0.053558
-0.062893
-0.071755
-0.080167
-0.088152
-0.096447
-0.104971
-0.113557
-0.121046
-0.128133
-0.134661
-0.139923
-0.143187
-0.143958
-0.143675
-0.143406
-0.143151
-0.142909
-0.14268
-0.142461
-0.142254
-0.142057
-0.141871
-0.141693
-0.141525
-0.141365
-0.142632
-0.144948
-0.147581
-0.15008
-0.152452
-0.152392
-0.15169
-0.151023
-0.150389
-0.149787
-0.149215
-0.148671
-0.148155
-0.147664
-0.147198
-0.148775
-0.15189
-0.155811
-0.160453
-0.165259
-0.170004
-0.174507
-0.178869
-0.183008
-0.186935
-0.189984
-0.192716
-0.19505
-0.196634
-0.197938
-0.199155
-0.20031
-0.201407
-0.202448
-0.203437
-0.204376
-0.205268
-0.205785
-0.204928
-0.202354
-0.199182
-0.196166
-0.193298
-0.19057
-0.187977
-0.185512
-0.183168
-0.18094
-0.178822
-0.176808
-0.174894
-0.173075
-0.171346
-0.169702
-0.16814
-0.166428
-0.16463
-0.162921
-0.161297
-0.159753
-0.158286
-0.156891
-0.155566
-0.154707
-0.15389
-0.153114
-0.152377
-0.151676
-0.15101
-0.150378
-0.149777
-0.149206
-0.148664
-0.148148
-0.147658
-0.147193
-0.146751
-0.146331
-0.145932
-0.145553
-0.145193
-0.14485
-0.144525
-0.144216
-0.143923
-0.143644
-0.143379
-0.143127
-0.142888
-0.142661
-0.142445
-0.14224
-0.142045
-0.14186
-0.141684
-0.141518
-0.141359
-0.141208
-0.141065
-0.140929
-0.140799
-0.140677
-0.14056
-0.140449
-0.140344
-0.140244
-0.140149
-0.140058
-0.139972
-0.139891
-0.139814
-0.13974
-0.13967
-0.139604
-0.139541
-0.139481
-0.139424
-0.13937
-0.139318
-0.139269
-0.139223
-0.139179
-0.139137
-0.139097
-0.13906
-0.139024
-0.13899
-0.139088
-0.13996
-0.141639
-0.14383
-0.146769
-0.150327
-0.153956
-0.157182
-0.16026
-0.163463
-0.166918
-0.17099
-0.174988
-0.178878
-0.182652
-0.186233
-0.189633
-0.192859
-0.19601
-0.199001
-0.20142
-0.202821
-0.20341
-0.20336
-0.202205
-0.200351
-0.197744
-0.194797
-0.191995
-0.189331
-0.186798
-0.18439
-0.182101
-0.179925
-0.177856
-0.17589
-0.174021
-0.172244
-0.170556
-0.168951
-0.167426
-0.165977
-0.164599
-0.16329
-0.162046
-0.160864
-0.159741
-0.158673
-0.157659
-0.156695
-0.155779
-0.154908
-0.154081
-0.153296
-0.152549
-0.15184
-0.151166
-0.150525
-0.149917
-0.149338
-0.148789
-0.148267
-0.147771
-0.1473
-0.146853
-0.146427
-0.146023
-0.145639
-0.145275
-0.144928
-0.144599
-0.144286
-0.143989
-0.143707
-0.143438
-0.141932
-0.139894
-0.137187
-0.133491
-0.127861
-0.12096
-0.113322
-0.105937
-0.098782
-0.091837
-0.085083
-0.078503
-0.072079
-0.065797
-0.059642
-0.053602
-0.047664
-0.041816
-0.036049
-0.030354
-0.02472
-0.01914
-0.013608
-0.008115
-0.002657
0.002773
0.008179
0.013566
0.018937
0.024297
0.029648
0.034993
0.040333
0.045671
0.051009
0.056348
0.059629
0.061303
0.061432
0.059017
0.054909
0.049491
0.043733
0.037963
0.03248
0.027269
0.022318
0.016803
0.011292
0.006056
0.001082
-0.003643
-0.008191
-0.015449
-0.024606
-0.035301
-0.047602
-0.059904
-0.071675
-0.082939
-0.093717
-0.104029
-0.113896
-0.123337
-0.132369
-0.141012
-0.149281
-0.157193
-0.164762
-0.172004
-0.178931
-0.185556
-0.191892
-0.197949
-0.203738
-0.209269
-0.214551
-0.219592
-0.224401
-0.228984
-0.233349
-0.237501
-0.241446
-0.24519
-0.248737
-0.252091
-0.255257
-0.258238
-0.261036
-0.263655
-0.266097
-0.268365
-0.27046
-0.272383
0.274136
0.275719
0.276466
0.275529
0.272339
0.266944
0.2618
0.256896
0.252222
0.247769
0.243527
0.239487
0.23564
0.231976
0.228489
0.225169
0.22201
0.219004
0.216143
0.213421
0.210832
0.208369
0.206027
0.203798
0.201679
0.199664
0.197748
0.195926
0.194194
0.192806
0.192297
0.193367
0.195724
0.198943
0.202916
0.207602
0.21237
0.216991
0.221387
0.225566
0.229534
0.233297
0.236861
0.24023
0.243409
0.246405
0.249221
0.251862
0.254331
0.256632
0.25877
0.260745
0.262563
0.264225
0.265734
0.267091
0.2683
0.269361
0.270276
0.271045
0.271671
0.272155
0.272496
0.272695
0.272753
0.27267
0.272447
0.272082
0.271577
0.27093
0.270142
0.269213
0.268141
0.266926
0.265569
0.264068
0.262422
0.260632
0.258696
0.256614
0.254386
0.25201
0.249487
0.246815
0.243995
0.241026
0.237907
0.234639
0.23122
0.227652
0.223934
0.220066
0.216048
0.211881
0.208524
0.207412
0.207942
0.20855
0.20911
0.209626
0.210101
0.210539
0.210943
0.211316
0.211661
0.21198
0.212274
0.212547
0.212799
0.213033
0.213192
0.213268
0.213276
0.213135
0.212925
0.212632
0.212287
0.211903
0.211477
0.211114
0.21081
0.210518
0.210255
0.210052
0.209862
0.20966
0.209448
0.208918
0.20818
0.207163
0.205984
0.204685
0.203284
0.201778
0.200166
0.198445
0.196615
0.194675
0.192622
0.190457
0.188178
0.185785
0.183277
0.180654
0.177915
0.17506
0.172089
0.169001
0.165797
0.162477
0.15904
0.155488
0.15182
0.148036
0.144138
0.140125
0.135999
0.131759
0.127408
0.122945
0.118372
0.11369
0.1089
0.104004
0.099002
0.093897
0.08869
0.083382
0.079021
0.076323
0.076976
0.079176
0.081265
0.083249
0.085133
0.086921
0.088619
0.090231
0.092321
0.094364
0.096617
0.099497
0.102787
0.106871
0.110746
0.114422
0.117909
0.121217
0.124356
0.127333
0.130159
0.132839
0.135383
0.139612
0.146237
0.15361
0.161078
0.16819
0.174952
0.181374
0.187463
0.193228
0.198676
0.203817
0.208657
0.213206
0.21747
0.221458
0.225176
0.228632
0.231833
0.234784
0.237492
0.239964
0.242203
0.244217
0.24601
0.247586
0.24895
0.250106
0.251059
0.251811
0.252131
0.252026
0.251133
0.249194
0.246983
0.244871
0.242855
0.24093
0.239092
0.23734
0.235668
0.234074
0.232554
0.231105
0.229725
0.228693
0.22879
0.229659
0.231402
0.233474
0.235443
0.237273
0.238962
0.240511
0.241921
0.243191
0.244322
0.245314
0.246169
0.246887
0.247468
0.247913
0.248223
0.248399
0.248441
0.248349
0.248124
0.247767
0.247277
0.246655
0.245902
0.245017
0.244001
0.242854
0.241576
0.240166
0.238625
0.236954
0.235151
0.233216
0.23115
0.228953
0.226623
0.224162
0.221569
0.218844
0.215986
0.212996
0.209874
0.206619
0.203232
0.199713
0.196062
0.192279
0.189231
0.190631
0.192035
0.193353
0.195126
0.196017
0.196595
0.196459
0.195941
0.19499
0.19359
0.19199
0.189981
0.188038
0.186064
0.184168
0.182328
0.18053
0.17876
0.177006
0.175257
0.17328
0.171181
0.16897
0.16675
0.164512
0.162249
0.159838
0.157396
0.154917
0.152397
0.15106
0.150645
0.152179
0.15472
0.157644
0.160631
0.163466
0.166156
0.168709
0.171131
0.17343
0.175611
0.17768
0.179644
0.181508
0.183276
0.184954
0.186546
0.188057
0.189491
0.190851
0.192143
0.193368
0.194532
0.195635
0.196683
0.197678
0.198622
0.199518
0.200368
0.201176
0.201942
0.20267
0.203361
0.204016
0.204639
0.20523
0.205791
0.206324
0.20683
0.207311
0.207767
0.2082
0.208611
0.209002
0.209373
0.209725
0.210059
0.210377
0.210679
0.210965
0.211237
0.211496
0.211741
0.211974
0.212195
0.212406
0.212605
0.212795
0.212975
0.213147
0.213309
0.213463
0.21361
0.213749
0.213882
0.214007
0.214127
0.21424
0.214348
0.21445
0.214547
0.21464
0.214727
0.214811
0.21489
0.214965
0.215036
0.215104
0.215168
0.21523
0.215288
0.215343
0.215395
0.215445
0.215493
0.215537
0.21558
0.215621
0.215659
0.215696
0.215731
0.215764
0.215795
0.215825
0.215853
0.21588
0.215906
0.21593
0.215953
0.215975
0.215996
0.216016
0.216034
0.216052
0.216069
0.216085
0.216101
0.216115
0.216129
0.216142
0.216155
0.216167
0.216178
0.216188
0.216198
0.216208
0.216217
0.216226
0.216234
0.216242
0.216249
0.216257
0.216263
0.21627
0.216276
0.216281
0.216287
0.216292
0.216297
0.216302
0.216306
0.216311
0.216315
0.216318
0.216322
0.216325
0.216329
0.216332
0.216335
0.216338
0.21634
0.216343
0.216345
0.216348
0.21635
0.216352
0.216354
0.216356
0.216358
0.216359
0.216361
0.216362
0.216364
0.216365
0.216367
0.216368
0.216369
0.21637
0.216371
0.216372
0.216373
0.216374
0.216364
0.2163
0.216148
0.215936
0.215643
0.215287
0.214871
0.214388
0.21383
0.213191
0.212467
0.211651
0.210741
0.209732
0.208622
0.207406
0.206084
0.204652
0.203108
0.201451
0.19968
0.197794
0.19579
0.193669
0.191429
0.189071
0.186593
0.183995
0.181278
0.17844
0.175482
0.172403
0.169205
0.165887
0.162449
0.158892
0.155217
0.151423
0.150143
0.15199
0.154826
0.157509
0.160048
0.16245
0.164725
0.166878
0.168916
0.170846
0.172674
0.174405
0.176045
0.177598
0.178686
0.177969
0.176051
0.173945
0.171835
0.169712
0.167568
0.165394
0.163185
0.160933
0.158634
0.15628
0.153869
0.151395
0.148854
0.146243
0.14356
0.1408
0.137961
0.135041
0.132038
0.12895
0.125775
0.122512
0.119159
0.115717
0.112183
0.108557
0.104839
0.101028
0.097124
0.093127
0.089037
0.084854
0.080579
0.076212
0.071754
0.067205
0.062566
0.057839
0.053024
0.048124
0.043138
0.038069
0.032919
0.027689
0.022381
0.016998
0.011542
-0.006014
-0.000418
0.005244
0.010969
0.013028
0.008316
0.000821
-0.0063
-0.013064
-0.019489
-0.025591
-0.031387
-0.036891
-0.042118
-0.047082
-0.051796
-0.056272
-0.060522
-0.064559
-0.068391
-0.072031
-0.075487
-0.078768
-0.081885
-0.084844
-0.087653
-0.090322
-0.092855
-0.095262
-0.097547
-0.099716
-0.101777
-0.103734
-0.105592
-0.107357
-0.108723
-0.108303
-0.105571
-0.101373
-0.095099
-0.088842
-0.08276
-0.076836
-0.071053
-0.065398
-0.059854
-0.05441
-0.049054
-0.043774
-0.038561
-0.033405
-0.028297
-0.023229
-0.018195
-0.013188
-0.008201
-0.003229
0.001732
0.006687
0.01164
0.016595
0.021554
0.026519
0.031495
0.036481
0.04148
0.046493
0.051521
0.056564
0.061623
0.066697
0.071787
0.076892
0.082012
0.087145
0.09229
0.097446
0.102612
0.106006
0.105423
0.09875
0.090278
0.082222
0.074563
0.067282
0.060361
0.053784
0.047532
0.041592
0.035946
0.030582
0.025485
0.020642
0.016041
0.011669
0.007516
0.00357
0.000316
-0.001085
0.001754
0.007097
0.013255
0.019557
0.02568
0.031639
0.037449
0.043121
0.048668
0.054101
0.059429
0.064663
0.069812
0.074882
0.079882
0.084818
0.089696
0.094522
0.0993
0.104277
0.109368
0.114434
0.119528
0.124582
0.129589
0.134546
0.139446
0.144241
0.148933
0.153526
0.158023
0.162425
0.166735
0.170956
0.175088
0.179134
0.183093
0.186974
0.190767
0.194435
0.198017
0.201578
0.205138
0.205927
0.202668
0.193564
0.184668
0.176207
0.16816
0.160509
0.153234
0.146318
0.139744
0.133495
0.127556
0.121911
0.114492
0.104663
0.094054
0.082842
0.071478
0.058958
0.046356
0.03403
0.022182
0.010885
0.000126
-0.010128
-0.019894
-0.029186
-0.03802
-0.046416
-0.054396
-0.061979
-0.069184
-0.076031
-0.082535
-0.088734
-0.094643
-0.100285
-0.105665
-0.110807
-0.11575
-0.120476
-0.125006
-0.12931
-0.133399
-0.137285
-0.140976
-0.144357
-0.147435
-0.148333
-0.146704
-0.140076
-0.133859
-0.127955
-0.121212
-0.114405
-0.107939
-0.101797
-0.095962
-0.09042
-0.085157
-0.080158
-0.075411
-0.070902
-0.066621
-0.062555
-0.058693
-0.055027
-0.051544
-0.048238
-0.045097
-0.042115
-0.039284
-0.036594
-0.03404
-0.031615
-0.029312
-0.027125
-0.025048
-0.023075
-0.021201
-0.019422
-0.017732
-0.016128
-0.014603
-0.013156
-0.011781
-0.010475
-0.009235
-0.008057
-0.006939
-0.005876
-0.004867
-0.003908
-0.002998
-0.002133
-0.001311
-0.000531
0.00021
0.000914
0.001582
0.002218
0.002821
0.003394
0.003938
0.004455
0.004946
0.005413
0.005856
0.006277
0.006677
0.007057
0.007418
0.007761
0.008086
0.008396
0.00869
0.008969
0.009234
0.009486
0.009725
0.009952
0.010168
0.010374
0.010568
0.010754
0.010929
0.011097
0.011255
0.011406
0.011549
0.011685
0.011815
0.011937
0.012054
0.012165
0.01227
0.01237
0.012465
0.012556
0.012641
0.012723
0.0128
0.012874
0.012944
0.01301
0.013073
0.013133
0.01319
0.013244
0.013295
0.012728
0.01052
0.006201
0.000982
-0.004723
-0.010821
-0.017204
-0.023729
-0.030969
-0.038573
-0.046512
-0.054214
-0.061565
-0.068583
-0.075283
-0.081681
-0.087794
-0.093634
-0.097449
-0.099175
-0.099687
-0.1002
-0.100732
-0.101284
-0.101854
-0.102572
-0.103662
-0.105126
-0.106941
-0.107748
-0.106856
-0.096189
-0.0852
-0.074531
-0.064165
-0.054313
-0.044951
-0.036056
-0.027497
-0.019366
-0.011642
-0.004305
0.002665
0.009284
0.015571
0.021542
0.027212
0.032597
0.037712
0.042569
0.047182
0.051564
0.055724
0.059676
0.063429
0.066992
0.070377
0.073591
0.076644
0.078439
0.079251
0.078357
0.076392
0.073091
0.069764
0.066602
0.063598
0.060743
0.058031
0.055455
0.053007
0.050681
0.048471
0.046372
0.044377
0.042482
0.040288
0.035756
0.030663
0.02527
0.02004
0.014847
0.009914
0.005227
0.000658
-0.003686
-0.007816
-0.011747
-0.015487
-0.019046
-0.022433
-0.025656
-0.028725
-0.031647
-0.03443
-0.03708
-0.039582
-0.041935
-0.044161
-0.046275
-0.048284
-0.050192
-0.052004
-0.053726
-0.053798
-0.053208
-0.050978
-0.048126
-0.045416
-0.042842
-0.040395
-0.038071
-0.035863
-0.033765
-0.033061
-0.033291
-0.033622
-0.034726
-0.036692
-0.039487
-0.043072
-0.046634
-0.050054
-0.053343
-0.056506
-0.059664
-0.062707
-0.065641
-0.068474
-0.071212
-0.069928
-0.066278
-0.062809
-0.059513
-0.056381
-0.053406
-0.050578
-0.047892
-0.04534
-0.042914
-0.04061
-0.038421
-0.036342
-0.034759
-0.035606
-0.039342
-0.044963
-0.052653
-0.060753
-0.068684
-0.076337
-0.083728
-0.090874
-0.09779
-0.10449
-0.110987
-0.117293
-0.123419
-0.129377
-0.135175
-0.140824
-0.146331
-0.151704
-0.156951
-0.162077
-0.167088
-0.17199
-0.176788
-0.181485
-0.186085
-0.190593
-0.19501
-0.199339
-0.203582
-0.207741
-0.211816
-0.21581
-0.219723
-0.223554
-0.227305
-0.230975
-0.234563
-0.238069
-0.241492
-0.244831
-0.248084
-0.250005
-0.249196
-0.24271
-0.234519
-0.226719
-0.219293
-0.212224
-0.205496
-0.20058
-0.201884
-0.205357
-0.208936
-0.21241
-0.215783
-0.219063
-0.222252
-0.225357
-0.22838
-0.231327
-0.2342
-0.237002
-0.239736
-0.242405
-0.24501
-0.247553
-0.250036
-0.252459
-0.254824
-0.257132
-0.259381
-0.261573
-0.263707
-0.265783
-0.267801
-0.269759
-0.271656
-0.273492
-0.275265
-0.276974
-0.278616
-0.28019
-0.281695
-0.283127
-0.284484
-0.285766
-0.286968
-0.288089
-0.289126
-0.290075
-0.290936
-0.291703
-0.292376
-0.292951
-0.293425
0.293794
0.294057
0.29421
0.29425
0.294174
0.293979
0.293661
0.293219
0.29265
0.291949
0.291115
0.290145
0.289036
0.287786
0.286391
0.28485
0.282553
0.279207
0.275129
0.271228
0.267499
0.263935
0.26053
0.257278
0.254174
0.251212
0.248387
0.246816
0.247172
0.248924
0.250712
0.252383
0.253937
0.255375
0.256699
0.257907
0.259002
0.259983
0.260852
0.261608
0.262253
0.262786
0.263207
0.263518
0.263719
0.263808
0.263787
0.263655
0.263411
0.263057
0.262591
0.262013
0.261322
0.260518
0.2596
0.257543
0.255207
0.252496
0.24952
0.246383
0.242886
0.239348
0.235767
0.232138
0.228459
0.224725
0.220934
0.217676
0.215056
0.213958
0.213876
0.214221
0.214402
0.214558
0.214694
0.214811
0.214911
0.214996
0.215067
0.215127
0.215177
0.215217
0.215248
0.215273
0.215291
0.215303
0.215311
0.215314
0.215314
0.215311
0.215312
0.215778
0.215192
0.21376
0.21192
0.209747
0.207131
0.20442
0.201724
0.199056
0.196517
0.194104
0.191809
0.189628
0.187554
0.185583
0.18371
0.18193
0.180239
0.178632
0.177105
0.175653
0.175253
0.175794
0.177707
0.179743
0.181563
0.183287
0.18492
0.186467
0.187932
0.189319
0.190634
0.191879
0.193057
0.194174
0.195232
0.196234
0.197184
0.198083
0.198935
0.199743
0.200508
0.201233
0.20192
0.202572
0.203189
0.203775
0.20433
0.204856
0.205354
0.205828
0.206276
0.206702
0.207105
0.207488
0.207851
0.208196
0.208522
0.209018
0.208988
0.208349
0.206454
0.204158
0.201639
0.19912
0.196718
0.19443
0.192249
0.190173
0.188197
0.187424
0.187937
0.189467
0.191196
0.192857
0.19434
0.195711
0.196978
0.198155
0.199273
0.200334
0.201341
0.202297
0.203192
0.204043
0.204836
0.205516
0.206097
0.206584
0.207012
0.207416
0.207799
0.20816
0.208501
0.208824
0.209129
0.209417
0.20969
0.209948
0.210192
0.210424
0.210642
0.211032
0.211523
0.212082
0.21272
0.213391
0.214106
0.214809
0.215474
0.216117
0.216764
0.216413
0.215893
0.215409
0.214947
0.214507
0.21402
0.213395
0.212608
0.211544
0.210555
0.209612
0.208619
0.207605
0.206464
0.205285
0.204174
0.203011
0.201903
0.20085
0.199847
0.198893
0.197986
0.197123
0.196302
0.196665
0.19741
0.198453
0.199668
0.200859
0.201877
0.202683
0.203356
0.20399
0.204585
0.205146
0.205673
0.20617
0.206637
0.207077
0.207491
0.207882
0.20825
0.208597
0.208924
0.209232
0.209523
0.209797
0.210056
0.210301
0.210532
0.210749
0.210955
0.21115
0.211334
0.211508
0.211672
0.211828
0.211975
0.212114
0.212245
0.21237
0.212488
0.212599
0.212705
0.212805
0.2129
0.212989
0.213074
0.213155
0.213231
0.213303
0.213372
0.213437
0.213499
0.213557
0.213612
0.213665
0.213751
0.213945
0.214227
0.214591
0.214992
0.2154
0.215882
0.216419
0.217021
0.216768
0.216447
0.216138
0.21584
0.215555
0.21528
0.215017
0.214547
0.214833
0.215069
0.215112
0.215106
0.215099
0.21509
0.215081
0.21507
0.215059
0.215048
0.215036
0.215025
0.215013
0.215
0.214988
0.214976
0.214964
0.214952
0.214941
0.214929
0.214918
0.214907
0.214897
0.214886
0.214876
0.214866
0.214857
0.214848
0.214839
0.21483
0.214822
0.214814
0.214807
0.2148
0.214792
0.214785
0.214779
0.214773
0.214767
0.214761
0.214756
0.214857
0.215136
0.215708
0.216414
0.216
0.215276
0.214048
0.212741
0.2115
0.210325
0.209211
0.208144
0.207123
0.206146
0.205213
0.204321
0.203482
0.202681
0.201916
0.201186
0.20049
0.199826
0.199193
0.19859
0.198015
0.197467
0.196946
0.197217
0.197535
0.198023
0.19864
0.199506
0.20039
0.201476
0.202606
0.203524
0.204409
0.20518
0.205839
0.206404
0.206882
0.207329
0.20775
0.208144
0.208514
0.208862
0.209188
0.209495
0.209783
0.210054
0.210309
0.210549
0.210774
0.210987
0.211187
0.211375
0.211553
0.21172
0.211878
0.212026
0.212167
0.212143
0.212037
0.211934
0.211832
0.211885
0.212025
0.212159
0.212285
0.212405
0.212519
0.212627
0.21273
0.212827
0.212919
0.213006
0.213089
0.213167
0.213242
0.213313
0.21338
0.213443
0.213504
0.213561
0.213616
0.213667
0.213716
0.213763
0.213807
0.213849
0.213888
0.213926
0.213962
0.213996
0.214028
0.214059
0.214088
0.214116
0.214142
0.214167
0.214191
0.214214
0.214235
0.214255
0.214274
0.214293
0.21431
0.214327
0.214342
0.214357
0.214372
0.214385
0.214398
0.21441
0.214421
0.214432
0.214442
0.214452
0.214462
0.21447
0.214479
0.214738
0.215153
0.215643
0.216149
0.216639
0.217102
0.217539
0.217966
0.218369
0.218763
0.219135
0.219486
0.219819
0.219002
0.21805
0.217013
0.215941
0.214856
0.213783
0.212718
0.211657
0.210953
0.211768
0.212572
0.213329
0.214043
0.214715
0.215349
0.215947
0.216511
0.217044
0.217546
0.21802
0.218469
0.218892
0.219292
0.21967
0.220027
0.220365
0.220684
0.220987
0.221272
0.221543
0.2218
0.220671
0.219217
0.217579
0.215923
0.214266
0.212594
0.210898
0.209168
0.207395
0.205572
0.203692
0.201747
0.199732
0.197643
0.195475
0.193223
0.190884
0.188454
0.185931
0.183313
0.180597
0.177781
0.174864
0.171844
0.16872
0.165491
0.162157
0.158717
0.15517
0.151515
0.147754
0.143886
0.139911
0.13583
0.131642
0.127348
0.12295
0.118447
0.113841
0.109133
0.104323
0.099414
0.094405
0.0893
0.084099
0.078804
0.073417
0.067204
0.060956
0.054672
0.048354
0.042002
0.035616
0.029879
0.024056
0.021008
0.024407
0.031153
0.037559
0.043641
0.049416
0.0549
0.060105
0.065047
0.06974
0.074194
0.078423
0.082438
0.086249
0.089867
0.093302
0.093861
0.091929
0.087779
0.083557
0.079409
0.075324
0.071289
0.067294
0.06333
0.059388
0.05546
0.051538
-0.047616
-0.047101
-0.051171
-0.056248
-0.061068
-0.065644
-0.06999
-0.074116
-0.078032
-0.081752
-0.085282
-0.088635
-0.091818
-0.09484
-0.097709
-0.100433
-0.10302
-0.105476
-0.107809
-0.110023
-0.112126
-0.114123
-0.116019
-0.117819
-0.119529
-0.121152
-0.122694
-0.124158
-0.125549
-0.126869
-0.128123
-0.129314
-0.130445
-0.131519
-0.13254
-0.133508
-0.134429
-0.135303
-0.136133
-0.136921
-0.13767
-0.138381
-0.139057
-0.139698
-0.140308
-0.140887
-0.141437
-0.141959
-0.142455
-0.142926
-0.143374
-0.143799
-0.144203
-0.144586
-0.144951
-0.145297
-0.145626
-0.145938
-0.144749
-0.140076
-0.133947
-0.126963
-0.120202
-0.113643
-0.107267
-0.101056
-0.094992
-0.089061
-0.083247
-0.077538
-0.071921
-0.066384
-0.060918
-0.055511
-0.050156
-0.044843
-0.039566
-0.034318
-0.029092
-0.023882
-0.018685
-0.013494
-0.008307
-0.003119
0.002073
0.007272
0.01248
0.015288
0.010025
0.003446
-0.002804
-0.008741
-0.013015
-0.013989
-0.012822
-0.009576
-0.005162
0.000789
0.008606
0.016855
0.025446
0.033751
0.041737
0.049417
0.056802
0.063905
0.070737
0.077308
0.083631
0.089716
0.095572
0.10121
0.106638
0.111865
0.116901
0.121752
0.126427
0.130932
0.135274
0.13946
0.143494
0.147384
0.151133
0.154747
0.15823
0.161586
0.164819
0.167778
0.170513
0.173124
0.175628
0.178029
0.180317
0.182454
0.184376
0.185988
0.187049
0.187974
0.188116
0.186474
0.183314
0.179136
0.173563
0.165516
0.155113
0.143997
0.133384
0.123288
0.113686
0.104556
0.095878
0.08763
0.079792
0.072346
0.065272
0.059158
0.056584
0.057291
0.06041
0.06345
0.066424
0.06946
0.072554
0.075953
0.079649
0.083409
0.087131
0.09082
0.094485
0.098133
0.101769
0.105399
0.109027
0.112656
0.116291
0.119934
0.123587
0.127253
0.130932
0.134626
0.138335
0.138463
0.135502
0.126818
0.118561
0.110713
0.103252
0.096162
0.089423
0.083019
0.076934
0.071152
0.065658
0.060438
0.055479
0.050767
0.046292
0.042039
0.038
0.034162
0.030517
0.027054
0.023764
0.02064
0.018849
0.018584
0.019442
0.02139
0.024155
0.028178
0.03297
0.038625
0.044545
0.050979
0.057801
0.064421
0.070854
0.077114
0.083211
0.089159
0.094967
0.100645
0.106203
0.111649
0.11699
0.122234
0.127386
0.132453
0.137439
0.141032
0.141265
0.137604
0.130105
0.122974
0.116194
0.109748
0.103619
0.097794
0.092256
0.086993
0.081991
0.077237
0.072719
0.068425
0.064345
0.060468
0.056785
0.053284
0.049958
0.046798
0.043796
0.040943
0.038232
0.035657
0.033211
0.030886
0.028678
0.025964
0.021939
0.016447
0.010899
0.005512
0.000393
-0.004469
-0.009088
-0.013476
-0.017645
-0.021604
-0.025365
-0.029044
-0.032762
-0.03674
-0.040964
-0.045082
-0.049111
-0.052938
-0.056678
-0.060231
-0.063605
-0.06681
-0.06997
-0.073036
-0.076283
-0.079585
-0.082723
-0.085704
-0.088536
-0.091227
-0.093784
-0.096213
-0.098521
-0.10082
-0.103003
-0.105078
-0.107049
-0.108921
-0.1107
-0.112385
-0.113986
-0.115506
-0.116951
-0.118324
-0.119628
-0.120867
-0.122044
-0.123162
-0.124224
-0.125233
-0.126192
-0.127102
-0.127968
-0.12879
-0.12957
-0.130312
-0.131017
-0.131686
-0.132322
-0.132926
-0.1335
-0.133051
-0.131773
-0.128683
-0.124531
-0.119367
-0.114068
-0.109033
-0.104248
-0.099702
-0.095382
-0.091278
-0.087378
-0.083673
-0.080663
-0.081152
-0.084889
-0.092126
-0.099101
-0.10583
-0.112328
-0.118611
-0.124691
-0.130582
-0.136295
-0.141842
-0.147232
-0.152475
-0.15758
-0.162554
-0.167405
-0.17214
-0.176765
-0.181286
-0.185707
-0.190033
-0.194267
-0.198415
-0.202477
-0.206458
-0.210359
-0.214183
-0.217931
-0.221603
-0.225201
-0.228725
-0.232176
-0.235554
-0.238857
-0.242086
-0.24524
-0.248317
-0.251317
-0.254238
-0.257078
-0.259836
-0.26251
-0.265097
-0.267595
-0.270002
-0.272316
-0.274534
-0.276652
-0.278669
-0.280582
-0.282387
-0.284081
-0.285662
-0.287126
-0.28847
-0.288588
-0.283865
-0.276634
-0.269686
-0.263063
-0.256751
-0.250738
-0.245009
-0.239554
-0.234359
-0.229413
-0.224705
-0.222069
-0.221621
-0.223702
-0.227261
-0.230941
-0.234471
-0.237856
-0.2411
-0.244209
-0.247186
-0.250036
-0.252762
-0.255367
-0.257082
-0.255335
-0.249727
-0.244384
-0.239296
-0.234451
-0.229839
-0.225448
-0.221269
-0.217293
-0.213967
-0.213875
-0.215631
-0.219163
-0.223311
-0.227283
-0.231084
-0.234719
-0.238195
-0.241517
-0.244688
-0.247713
-0.250597
-0.253343
-0.255955
-0.258436
-0.260789
-0.263017
-0.265122
-0.267106
0.268971
0.268743
0.266103
0.260735
0.255618
0.250743
0.246098
0.241674
0.23746
0.233448
0.229629
0.225993
0.222533
0.21924
0.216107
0.213125
0.210289
0.207591
0.205025
0.202584
0.200263
0.198056
0.195957
0.193961
0.192063
0.190259
0.188544
0.186913
0.185362
0.183889
0.182488
0.181354
0.180504
0.17985
0.179229
0.178638
0.178077
0.177624
0.177649
0.178597
0.180722
0.183273
0.185288
0.187435
0.18947
0.191398
0.193302
0.195108
0.196896
0.198823
0.200657
0.202397
0.204049
0.205618
0.207179
0.208578
0.209987
0.211323
0.212593
0.213798
0.214942
0.215671
0.215926
0.214958
0.213059
0.210227
0.207533
0.20497
0.202533
0.200215
0.19801
0.195914
0.19392
0.192025
0.190223
0.188509
0.184917
0.178239
0.170429
0.162126
0.154115
0.146373
0.138875
0.131601
0.124528
-0.117639
-0.110916
-0.104341
-0.097901
-0.09158
-0.085366
-0.079246
-0.073209
-0.067246
-0.061347
-0.055502
-0.049705
-0.043948
-0.038224
-0.032528
-0.026854
-0.021198
-0.015554
-0.00992
-0.004292
0.001334
0.006958
0.012584
0.018214
0.023849
0.029489
0.035136
0.04079
0.046451
0.05212
0.057795
0.063476
0.069162
0.074853
0.080547
0.086241
0.091935
0.097627
0.10088
0.097483
0.088944
0.080824
0.073105
0.065767
0.058792
0.052163
0.045862
0.039875
0.034186
0.02878
0.023643
0.019678
0.020884
0.025519
0.030896
0.036136
0.041251
0.046255
0.051157
0.055969
0.060699
0.065357
0.069951
0.074487
0.078974
0.083416
0.08782
0.092191
0.096532
0.100849
0.105145
0.109423
0.113686
0.117935
0.122174
0.126403
0.130625
0.134839
0.139046
0.143248
0.147443
0.151632
0.155814
0.159989
0.164155
0.168312
0.172457
0.17659
0.180709
0.184811
0.188894
0.192956
0.196995
0.201008
0.204992
0.204637
0.197527
0.18826
0.17944
0.171046
0.16306
0.155463
0.148237
0.141365
0.13483
0.128615
0.122707
0.11709
0.111749
0.106673
0.101848
0.097092
0.091905
0.085862
0.079566
0.073031
0.066373
0.059706
0.052817
0.045377
0.037871
0.030139
0.02256
0.015244
0.008174
0.00123
-0.005717
-0.012549
-0.019495
-0.026316
-0.032798
-0.038958
-0.044811
-0.050373
-0.055658
-0.060678
-0.065449
-0.06998
-0.074286
-0.075848
-0.075756
-0.072542
-0.068417
-0.064498
-0.060775
-0.057239
-0.05388
-0.050689
-0.047658
-0.044779
-0.042044
-0.039446
-0.036978
-0.034634
-0.032408
-0.030293
-0.028284
-0.026376
-0.024563
-0.022841
-0.021206
-0.019652
-0.018176
-0.016775
-0.015443
-0.014178
-0.012976
-0.011835
-0.010751
-0.009721
-0.008743
-0.007813
-0.00693
-0.006092
-0.005295
-0.004538
-0.003521
-0.001885
-0.000106
0.00169
0.003395
0.005016
0.006555
0.008018
0.009407
0.010726
0.01198
0.01217
0.012053
0.011942
0.011837
0.011736
0.011641
0.01155
0.011464
0.011383
0.011305
0.011231
0.011161
0.011095
0.011031
0.010972
0.010914
0.01086
0.010809
0.01076
0.010714
0.010669
0.010627
0.010588
0.01055
0.010514
0.01048
0.009937
0.009314
0.008723
0.008161
0.007628
0.007121
0.006639
0.006182
0.005747
0.005334
0.004942
0.00457
0.004216
0.003879
0.00356
0.003257
0.002968
0.002694
0.002434
0.002187
0.001952
0.001729
0.001517
0.001316
0.001125
0.000943
0.000771
0.000607
0.000451
0.000303
0.000162
0.000029
0.000519
0.000985
0.001427
0.001848
0.002247
0.002626
0.002987
0.003329
0.003654
0.003963
0.004257
0.004536
0.004801
0.005052
0.005292
0.005519
0.005735
0.005939
0.006134
0.006319
0.006495
0.006662
0.00564
0.003339
-0.000071
-0.003757
-0.008035
-0.012876
-0.017815
-0.022889
-0.02817
-0.034225
-0.041224
-0.048443
-0.055875
-0.063168
-0.070227
-0.077074
-0.083604
-0.089809
-0.095706
-0.101325
-0.106679
-0.111767
-0.11662
-0.121252
-0.125686
-0.129966
-0.134106
-0.138171
-0.142141
-0.146039
-0.149827
-0.153499
-0.157051
-0.160486
-0.163807
-0.167017
-0.170119
-0.173116
-0.17601
-0.178805
-0.181503
-0.184106
-0.186613
-0.189028
-0.191352
-0.193587
-0.195733
-0.197793
-0.199745
-0.201566
-0.203171
-0.204631
-0.205955
-0.207153
-0.208211
-0.209145
-0.209957
-0.210646
-0.211215
-0.211665
-0.211953
-0.212096
-0.212176
-0.21225
-0.212687
-0.212576
-0.2116
-0.207134
-0.20018
-0.19267
-0.185524
-0.178729
-0.172267
-0.166124
-0.159556
-0.151898
-0.143488
-0.134577
-0.125409
-0.116529
-0.108088
-0.100064
-0.090337
-0.079175
-0.067394
-0.055234
-0.043591
-0.032433
-0.021731
-0.011456
-0.001583
0.007914
0.017058
0.02587
0.034372
0.042581
0.050516
0.058193
0.065628
0.072835
0.079846
0.086686
0.093326
0.099795
0.106081
0.112194
0.118142
0.123932
0.129572
0.134962
0.140204
0.145327
0.150353
0.155313
0.160215
0.159405
0.152416
0.144885
0.137728
0.130926
0.124462
0.11832
0.112484
0.106939
0.101671
0.096666
0.091912
0.087395
0.083105
0.079029
0.075158
0.07148
0.067986
0.064668
0.061516
0.058522
0.055679
0.052977
0.050412
0.047975
0.04566
0.043461
0.041372
0.039389
0.037504
0.035714
0.034014
0.033028
0.034329
0.037834
0.044251
0.0519
0.060406
0.068597
0.076492
0.084109
0.089442
0.090763
0.088231
0.08409
0.080156
0.076418
0.072866
0.069491
0.066284
0.063237
0.060342
0.057592
0.054979
0.052496
0.050137
0.047896
0.045767
0.045492
0.049613
0.056624
0.064626
0.072672
0.080428
0.08791
0.095136
0.102119
0.108876
0.115419
0.121762
0.127916
0.133892
0.139701
0.145351
0.150853
0.156212
0.161439
0.166537
0.171516
0.171292
0.165054
0.15816
0.151604
0.145369
0.13944
0.133803
0.128444
0.123348
0.118505
0.113901
0.109524
0.105365
0.101411
0.097654
0.094083
0.09069
0.087465
0.084401
0.081489
0.078722
0.076093
0.073594
0.071221
0.068965
0.066822
0.064786
0.062851
0.061013
0.059267
0.057607
0.056031
0.054533
0.05311
0.051758
0.050474
0.049254
0.048094
0.046993
0.045947
0.044953
0.044008
0.043111
0.042258
0.041449
0.040679
0.039948
0.039254
0.038594
0.037967
0.037372
0.036806
0.035878
0.032671
0.028852
0.024672
0.020442
0.01481
0.007007
-0.002219
-0.012067
-0.021582
-0.030768
-0.03964
-0.048213
-0.056488
-0.064464
-0.072168
-0.0796
-0.086774
-0.093702
-0.100395
-0.106865
-0.113123
-0.119177
-0.125037
-0.128406
-0.130829
-0.132639
-0.132215
-0.130077
-0.12479
-0.118232
-0.112
-0.10608
-0.100456
-0.095113
-0.090038
-0.085217
-0.080637
-0.076287
-0.072155
-0.06823
-0.06431
-0.057008
-0.046665
-0.033477
-0.02055
-0.008163
0.00371
0.0151
0.026031
0.036526
0.046604
0.056285
0.065588
0.074531
0.083137
0.091423
0.099404
0.107095
0.11451
0.121662
0.128564
0.135225
0.141658
0.147872
0.153847
0.159619
0.165178
0.170546
0.17573
0.180736
0.18557
0.190237
0.194741
0.199087
0.203277
0.207291
0.211154
0.21487
0.218441
0.221868
0.225154
0.2283
0.231307
0.234175
0.236906
0.238377
0.237658
0.234079
0.230184
0.226479
0.222955
0.219604
0.216779
0.21331
0.209754
0.205619
0.200739
0.195325
0.190265
0.185454
0.180881
0.176533
0.170247
0.162665
0.151496
0.139173
0.127036
0.115379
0.104169
0.093378
0.082976
0.072937
0.063235
0.053848
0.04439
0.03518
0.026159
0.017276
0.008565
0.000019
-0.008453
-0.016847
-0.025079
-0.033153
-0.041036
-0.04877
-0.056318
-0.063725
-0.070918
-0.077907
-0.084702
-0.091342
-0.097799
-0.104081
-0.110194
-0.116145
-0.121939
-0.127582
-0.133078
-0.138432
-0.143646
-0.148725
-0.153672
-0.158489
-0.163178
-0.167742
-0.172182
-0.1765
-0.180696
-0.184771
-0.188726
-0.192561
-0.196276
-0.199903
-0.203463
-0.207018
-0.210582
-0.214161
-0.217754
-0.22134
-0.224914
-0.228456
-0.231977
-0.235452
-0.238874
-0.239681
-0.235743
-0.23023
-0.224688
-0.219182
-0.213947
-0.20887
-0.203206
-0.196771
-0.190283
-0.184112
-0.178246
-0.172668
-0.167365
-0.162325
-0.157534
-0.15298
-0.146893
-0.138478
-0.129471
-0.120477
-0.111816
-0.103574
-0.095733
-0.088274
-0.082137
-0.077349
-0.073753
-0.07097
-0.068676
-0.066644
-0.064714
-0.066532
-0.069256
-0.071887
-0.074424
-0.076873
-0.079207
-0.081431
-0.083655
-0.085776
-0.087914
-0.090059
-0.092108
-0.09418
-0.096265
-0.098595
-0.101372
-0.104472
-0.107886
-0.111186
-0.114745
-0.118733
-0.123289
-0.128445
-0.134106
-0.140071
-0.146121
-0.150671
-0.154359
-0.15768
-0.160656
-0.16347
-0.166096
-0.168591
-0.170961
-0.173212
-0.175405
-0.177534
-0.179592
-0.181587
-0.183881
-0.184582
-0.18509
-0.188303
-0.192337
-0.196387
-0.20034
-0.201406
-0.19973
-0.195425
-0.189952
-0.184748
-0.18047
-0.178638
-0.179451
-0.182402
-0.18689
-0.191732
-0.19639
-0.200876
-0.205197
-0.209363
-0.213383
-0.217264
-0.221012
-0.224634
-0.228136
-0.231522
-0.234799
-0.237969
-0.241036
-0.244005
-0.246877
-0.249656
-0.252343
-0.25494
-0.257449
-0.259871
-0.262206
-0.264456
-0.26662
-0.268697
-0.27069
-0.272595
-0.274413
-0.276144
-0.277785
-0.279336
-0.280795
-0.282161
-0.283431
-0.284605
-0.28568
-0.286654
-0.287525
-0.287209
-0.28499
-0.276154
-0.266574
-0.256591
-0.246525
-0.236749
-0.227342
-0.218364
-0.209798
-0.201548
-0.193683
-0.186187
-0.178583
-0.17095
-0.163288
-0.155592
-0.147953
-0.140202
-0.132269
-0.124078
-0.115407
-0.106831
-0.098585
-0.090738
-0.083273
-0.076172
-0.071107
-0.067336
-0.065367
-0.066478
-0.06978
-0.073851
-0.077792
-0.081534
-0.08626
-0.091234
-0.096285
-0.101409
-0.106769
-0.112184
-0.117748
-0.123369
-0.128796
-0.133302
-0.13505
-0.13593
-0.138003
-0.140847
-0.143951
-0.147133
-0.150389
-0.153721
-0.156883
-0.159884
-0.16265
-0.165359
-0.168006
-0.170601
-0.17314
-0.175551
-0.177839
-0.18001
-0.182072
-0.184029
-0.185886
-0.18765
-0.189324
-0.190913
-0.192422
-0.193855
-0.195215
-0.196507
-0.197811
-0.198738
-0.201413
-0.205124
0.209498
0.214121
0.218511
0.222678
0.226633
0.230385
0.233941
0.23731
0.240498
0.243512
0.244383
0.243027
0.239405
0.235473
0.231728
0.228163
0.22477
0.22154
0.218466
0.21554
0.212757
0.210448
0.210473
0.213319
0.217224
0.221473
0.225519
0.22937
0.233031
0.236509
0.239809
0.242937
0.245897
0.248694
0.251334
0.253819
0.256154
0.258341
0.260385
0.262289
0.264054
0.265682
0.267177
0.26854
0.269172
0.269378
0.269195
0.268549
0.267419
0.265897
0.264236
0.262393
0.260544
0.25869
0.256944
0.255246
0.253589
0.251976
0.250458
0.24903
0.247687
0.246425
0.245238
0.244124
0.243078
0.242096
0.241175
0.240311
0.239502
0.238743
0.238519
0.239159
0.240677
0.242554
0.244521
0.246392
0.248063
0.249488
0.250672
0.251619
0.251484
0.249817
0.2474
0.245093
0.242891
0.240791
0.238787
0.236877
0.235056
0.23332
0.231666
0.23009
0.228588
0.227158
0.225768
0.224193
0.222317
0.218821
0.214584
0.210175
0.205973
0.201968
0.19854
0.197096
0.196188
0.19582
0.195898
0.196071
0.196234
0.19639
0.196538
0.196678
0.196811
0.196937
0.197517
0.199931
0.20323
0.206925
0.210638
0.214188
0.217528
0.220661
0.223589
0.226317
0.228844
0.231176
0.233315
0.235264
0.237025
0.238602
0.239997
0.241213
0.242253
0.243118
0.243812
0.244336
0.244693
0.244884
0.244912
0.244777
0.244483
0.244029
0.243419
0.242652
0.24173
0.240654
0.239426
0.238046
0.236515
0.234833
0.233002
0.231023
0.228895
0.226619
0.224196
0.221627
0.218912
0.216052
0.213047
0.2108
0.209782
0.209806
0.210302
0.210756
0.211174
0.211558
0.211911
0.212236
0.212534
0.21281
0.213063
0.213297
0.213513
0.213606
0.21354
0.213319
0.21297
0.212556
0.21207
0.211509
0.210868
0.210143
0.209332
0.20843
0.207435
0.206345
0.205657
0.20557
0.206173
0.20677
0.207327
0.207847
0.208334
0.20879
0.209216
0.209614
0.209988
0.210339
0.210667
0.210975
0.211265
0.211536
0.211792
0.212031
0.212257
0.212469
0.212669
0.212857
0.213034
0.2132
0.213357
0.213505
0.213645
0.213777
0.213901
0.214018
0.214129
0.214234
0.214333
0.214426
0.214514
0.214598
0.214676
0.214751
0.214822
0.214888
0.214951
0.215011
0.215068
0.215121
0.215172
0.21522
0.215266
0.215309
0.215349
0.215388
0.215425
0.21546
0.215493
0.215524
0.215554
0.215582
0.215608
0.215634
0.215658
0.21568
0.215702
0.215722
0.215742
0.21576
0.215778
0.215794
0.21581
0.215825
0.215839
0.215852
0.215865
0.215919
0.216225
0.216643
0.217145
0.21758
0.21793
0.218189
0.21835
0.218408
0.21836
0.218202
0.21793
0.217542
0.217035
0.216751
0.216674
0.216711
0.21674
0.216763
0.216782
0.216796
0.216807
0.216814
0.216818
0.216819
0.216819
0.216816
0.216812
0.216806
0.2168
0.216793
0.216784
0.216775
0.216766
0.216756
0.216746
0.216736
0.216726
0.216715
0.216705
0.216695
0.216685
0.216675
0.216665
0.216655
0.216646
0.216637
0.216628
0.216619
0.216611
0.216602
0.216595
0.216587
0.216579
0.216572
0.216565
0.216559
0.216552
0.216546
0.21654
0.216535
0.216529
0.216524
0.216519
0.216514
0.21651
0.216506
0.216501
0.216497
0.216494
0.21649
0.216486
0.216483
0.21648
0.216477
0.216474
0.216471
0.216469
0.216466
0.216464
0.216462
0.216459
0.216457
0.216455
0.216453
0.216452
0.21645
0.216449
0.216447
0.216446
0.216444
0.216443
0.216442
0.21644
0.216439
0.216438
0.216437
0.216436
0.216435
0.216434
0.216433
0.216433
0.216432
0.216431
0.21643
0.21643
0.216429
0.216429
0.216428
0.216427
0.216427
0.216426
0.216426
0.216426
0.216425
0.216425
0.216424
0.216424
0.216424
0.216423
0.216423
0.216423
0.216422
0.216422
0.216422
0.216422
0.216421
0.216421
0.216421
0.216421
0.216421
0.21642
0.21642
0.21642
0.21642
0.21642
0.21642
0.21642
0.216419
0.216419
0.216415
0.216411
0.216408
0.216404
0.216401
0.216398
0.216395
0.21639
0.216386
0.216382
0.216378
0.216375
0.216371
0.216368
0.216365
0.216362
0.216359
0.216356
0.216354
0.216351
0.216349
0.216347
0.216345
0.216343
0.216341
0.216339
0.216335
0.216332
0.216329
0.216326
0.216323
0.21632
0.216317
0.216315
0.216313
0.21631
0.216308
0.216306
0.216304
0.216302
0.216301
0.216299
0.216297
0.216296
0.216294
0.216293
0.216292
0.216291
0.216289
0.216288
0.216287
0.216286
0.216285
0.216284
0.21628
0.21627
0.216258
0.216242
0.216225
0.216205
0.216184
0.216157
0.21612
0.215192
0.214302
0.213336
0.212303
0.211092
0.209935
0.208725
0.207573
0.206478
0.205436
0.204445
0.203529
0.203806
0.204325
0.204941
0.205526
0.20608
0.206606
0.207104
0.207577
0.208026
0.208451
0.208855
0.209238
0.209601
0.209946
0.210281
0.21063
0.210991
0.211341
0.211674
0.211983
0.212266
0.212524
0.212754
0.212954
0.213119
0.213249
0.213389
0.213546
0.213696
0.213837
0.213972
0.214099
0.214219
0.214333
0.214441
0.214544
0.214641
0.214733
0.21482
0.214902
0.21498
0.215054
0.215125
0.215191
0.215254
0.215314
0.215371
0.215425
0.215479
0.215538
0.215575
0.215563
0.215488
0.215344
0.215153
0.214993
0.215017
0.215108
0.215193
0.215272
0.215345
0.215414
0.215477
0.215536
0.215591
0.215642
0.21569
0.215735
0.215776
0.215815
0.215852
0.215886
0.215918
0.215948
0.215976
0.216002
0.216026
0.21605
0.216071
0.216091
0.216111
0.216128
0.216145
0.216161
0.216176
0.21619
0.216204
0.216216
0.216228
0.216239
0.216249
0.216259
0.216269
0.216277
0.216286
0.216294
0.216301
0.216308
0.216315
0.216321
0.216327
0.216332
0.216338
0.216343
0.216347
0.216352
0.216356
0.21636
0.216364
0.216368
0.216371
0.216374
0.216377
0.21638
0.216383
0.216386
0.216388
0.21639
0.216393
0.216395
0.216397
0.216399
0.2164
0.216402
0.216404
0.216405
0.216407
0.216408
0.216409
0.216411
0.216412
0.216413
0.216414
0.216415
0.216416
0.216417
0.216418
0.216419
0.21642
0.216421
0.216421
0.216422
0.216423
0.216423
0.216423
0.216424
0.216425
0.216425
0.216426
0.216426
0.216426
0.216427
0.216427
0.216428
0.216428
0.216428
0.216429
0.216429
0.216429
0.216429
0.21643
0.21643
0.21643
0.21643
0.21643
0.21643
0.216431
0.216431
0.216429
0.216417
0.216386
0.216334
0.216244
0.216115
0.215941
0.215723
0.215455
0.215219
0.215032
0.215031
0.215117
0.215198
0.215272
0.215342
0.215407
0.215468
0.215524
0.215577
0.215626
0.215672
0.215715
0.215755
0.215793
0.215724
0.215587
0.215381
0.215143
0.214875
0.214573
0.214236
0.213859
0.213441
0.21298
0.212473
0.211919
0.211316
0.210663
0.209959
0.209203
0.208394
0.207531
0.206613
0.20564
0.204612
0.203527
0.202386
0.201188
0.199933
0.198621
0.19725
0.195822
0.195454
0.195968
0.197028
0.198026
0.198967
0.199853
0.200688
0.201476
0.202219
0.202921
0.203582
0.204207
0.204797
0.205355
0.205881
0.206379
0.206849
0.207293
0.207714
0.208111
0.208487
0.208843
0.20918
0.209499
0.209801
0.210086
0.210317
0.210536
0.210743
0.21094
0.211126
0.211303
0.21147
0.211629
0.21178
0.211922
0.212058
0.212186
0.212308
0.212506
0.212963
0.212564
0.211776
0.210515
0.209187
0.207732
0.206226
0.204787
0.203414
0.202103
0.201658
0.202051
0.202739
0.203342
0.203913
0.204336
0.204144
0.203636
0.202839
0.201974
0.201072
0.200122
0.199117
0.198048
0.196908
0.195689
0.194387
0.192996
0.191512
0.189931
0.188249
0.186464
0.184573
0.182573
0.180463
0.178241
0.175906
0.173457
0.170892
0.168617
0.166252
0.163796
0.161249
0.158611
0.155882
0.153063
0.150154
0.147155
0.144141
0.141406
0.138973
0.136787
0.134937
0.134701
0.136454
0.139689
0.142756
0.145662
0.148416
0.151026
0.1535
0.155846
0.158069
0.160177
0.162176
0.164071
0.165868
0.167573
0.169189
0.170723
0.172177
0.173556
0.174865
0.176106
0.175727
0.173941
0.171737
0.169486
0.167278
0.165105
0.162959
0.160837
0.15873
0.156634
0.154543
0.152454
0.150363
0.148265
0.146635
0.145548
0.145306
0.14676
0.149266
0.151642
0.153895
0.156032
0.158058
0.15998
0.161803
0.163532
0.165172
0.166728
0.168204
0.169605
0.170933
0.172194
0.173391
0.174526
0.175038
0.174203
0.172553
0.170197
0.167649
0.165106
0.162615
0.16017
0.157762
0.155386
0.153036
0.150586
0.14803
0.14536
0.142693
0.141506
0.142174
0.144742
0.147178
0.149488
0.151679
0.153758
0.15573
0.1576
0.159375
0.161058
0.162656
0.164171
0.16561
0.166974
0.16827
0.169499
0.170666
0.171772
0.172824
0.173821
0.174768
0.175746
0.176831
0.177862
0.17884
0.179818
0.1808
0.179342
0.176683
0.173152
0.16901
0.16491
0.160889
0.156935
0.153033
0.149173
0.145342
0.141531
0.13773
0.134687
0.133937
0.137207
0.140307
0.143248
0.146037
0.148682
0.15119
0.15357
0.155827
0.157969
0.159521
0.160994
0.162391
0.163718
0.164977
0.166172
0.167307
0.168383
0.169406
0.169729
0.168304
0.16551
0.162636
0.159849
0.15714
0.154437
0.151797
0.149215
0.146682
0.144193
0.141742
0.139324
0.136933
0.134565
0.132216
0.129882
0.127559
0.125243
0.122932
0.120622
0.118311
0.115996
0.113674
0.111344
0.109004
0.106651
0.104284
0.101901
0.0995
0.096815
0.093838
0.089903
0.085658
0.080988
0.076185
0.071341
0.066454
0.061521
0.056541
0.051512
0.046435
0.041307
0.040688
0.04555
0.05115
0.056467
0.061516
0.066309
0.070859
0.075179
0.079281
0.083174
0.08687
0.09038
0.093269
0.092221
0.088847
0.084487
0.080212
0.07601
0.071868
0.067775
0.063722
0.059698
-0.055696
-0.051707
-0.047725
-0.043742
-0.039753
-0.035752
-0.031734
-0.027695
-0.02363
-0.019536
-0.015411
-0.011251
-0.007053
-0.002815
0.001463
0.005785
0.01015
0.01456
0.019016
0.023518
0.028065
0.032659
0.037299
0.041984
0.046713
0.051486
0.056301
0.061157
0.066054
0.070988
0.075958
0.080963
0.085999
0.091065
0.096158
0.101275
0.106414
0.111572
0.116745
0.12193
0.127125
0.132324
0.137526
0.142725
0.147919
0.153103
0.158272
0.163424
0.168553
0.173654
0.178725
0.183759
0.188752
0.193699
0.198596
0.203437
0.208218
0.211379
0.211888
0.205544
0.195895
0.186711
0.177969
0.169651
0.161737
0.154209
0.147048
0.140239
0.133763
0.127605
0.12175
0.116015
0.110119
0.103731
0.097108
0.089816
0.082555
0.075509
0.068703
0.062111
0.05562
0.049342
0.043374
0.037702
0.03231
0.027185
0.022314
0.017685
0.013286
0.009106
0.005134
0.001359
-0.002228
-0.005636
-0.008874
-0.011951
-0.014874
-0.017651
-0.02029
-0.022797
-0.025179
-0.027442
-0.029591
-0.031634
-0.033574
-0.035418
-0.037169
-0.038833
-0.040414
-0.041915
-0.043342
-0.044697
-0.045985
-0.047208
-0.04837
-0.049474
-0.050523
-0.051519
-0.05157
-0.050284
-0.047273
-0.044407
-0.041684
-0.038575
-0.034949
-0.031064
-0.027147
-0.023304
-0.01965
-0.016175
-0.01287
-0.010862
-0.009406
-0.008433
-0.007509
-0.006632
-0.005798
-0.005006
-0.004254
-0.00354
-0.002861
-0.002217
-0.001604
-0.001023
-0.00047
0.000353
0.001805
0.003515
0.005587
0.008002
0.01085
0.013733
0.016696
0.019508
0.022179
0.024718
0.02713
0.029423
0.031601
0.03367
0.035637
0.037506
0.039281
0.040968
0.042571
0.043233
0.043537
0.043824
0.044098
0.044133
0.043944
0.043214
0.041743
0.040155
0.038646
0.037212
0.035851
0.034557
0.033329
0.032162
0.031054
0.030001
0.029
0.02805
0.027148
0.02629
0.025476
0.024703
0.023968
0.02327
0.022606
0.021976
0.021378
0.02081
0.02027
0.019757
0.01927
0.018807
0.018367
0.017949
0.017553
0.017176
0.016818
0.016478
0.016155
0.015848
0.015556
0.015279
0.015016
0.014766
0.014528
0.014303
0.014089
0.013885
0.013691
0.013508
0.013333
0.013168
0.01301
0.012861
0.012718
0.012583
0.012455
0.012333
0.012218
0.012108
0.012003
0.011904
0.01181
0.01172
0.011635
0.011555
0.011478
0.011405
0.011336
0.01127
0.011207
0.011148
0.011091
0.011038
0.010987
0.010939
0.010893
0.010849
0.010808
0.010768
0.010731
0.010695
0.010662
0.01063
0.010599
0.01057
0.010543
0.010517
0.010492
0.010468
0.010446
0.010425
0.010404
0.010385
0.010367
0.01035
0.010333
0.010318
0.010303
0.010289
0.010276
0.010263
0.010251
0.010239
0.010229
0.010218
0.010208
0.010199
0.01019
0.010182
0.010174
0.010166
0.010159
0.010152
0.010146
0.010139
0.010134
0.010128
0.010123
0.010118
0.010113
0.010109
0.010104
0.0101
0.010096
0.010093
0.010089
0.010086
0.010083
0.01008
0.010077
0.008455
0.005563
0.001904
-0.001695
-0.00513
-0.008411
-0.011545
-0.01557
-0.020922
-0.02861
-0.037293
-0.046256
-0.054897
-0.063236
-0.071291
-0.079078
-0.086614
-0.093912
-0.100988
-0.107854
-0.114521
-0.121001
-0.127305
-0.133441
-0.139419
-0.145247
-0.150932
-0.156481
-0.161899
-0.165736
-0.167141
-0.162931
-0.155132
-0.147609
-0.140454
-0.133533
-0.126953
-0.120696
-0.114746
-0.109091
-0.106945
-0.109361
-0.11384
-0.119873
-0.125826
-0.131587
-0.137168
-0.14258
-0.147834
-0.152939
-0.157905
-0.162739
-0.16745
-0.172044
-0.176529
-0.18091
-0.185192
-0.189381
-0.193481
-0.197496
-0.20143
-0.205285
-0.209064
-0.21277
-0.216405
-0.21997
-0.223466
-0.226894
-0.230256
-0.23355
-0.236778
-0.239685
-0.24228
-0.244631
-0.246825
-0.248787
-0.250577
-0.252189
-0.253654
-0.255011
-0.25626
-0.257402
-0.258393
-0.259274
-0.259994
-0.260603
-0.2611
-0.261484
-0.262306
-0.263245
-0.264248
-0.265381
-0.266526
-0.267936
-0.269421
-0.270917
-0.272289
-0.273597
-0.274772
-0.27581
0.276706
0.277457
0.278059
0.277759
0.276252
0.272008
0.266815
0.261862
0.25714
0.252638
0.248348
0.244259
0.240365
0.236656
0.233123
0.229759
0.226557
0.223509
0.220608
0.216951
0.212977
0.20795
0.20255
0.197027
0.191291
0.185467
0.179757
0.17425
0.169006
0.164015
0.159263
0.154741
0.150362
0.146194
0.142229
0.138456
0.134868
0.131454
0.128206
0.125118
0.12218
0.119975
0.117948
0.117003
0.116501
0.11647
0.116758
0.117421
0.118446
0.119508
0.120509
0.121003
0.120561
0.119669
0.118193
0.116603
0.114982
0.11332
0.111538
0.109721
0.107781
0.10588
0.104016
0.102183
0.100379
0.098601
0.096845
0.095109
0.09339
0.091685
0.089993
0.088311
0.086637
0.084969
0.083306
0.081646
0.079988
0.07833
0.076671
0.075009
-0.073344
-0.071675
-0.07
-0.068319
-0.06663
-0.064934
-0.06323
-0.061516
-0.059792
-0.058058
-0.056314
-0.054557
-0.05279
-0.05101
-0.049218
-0.047413
-0.045594
-0.043763
-0.041919
-0.04006
-0.038188
-0.036301
-0.035354
-0.034838
-0.035827
-0.038872
-0.043475
-0.047846
-0.051998
-0.05594
-0.059684
-0.06324
-0.066616
-0.070415
-0.075189
-0.080347
-0.085424
-0.09033
-0.095081
-0.099856
-0.104088
-0.108495
-0.112722
-0.116851
-0.120771
-0.124494
-0.128029
-0.13147
-0.134738
-0.137841
-0.140787
-0.143585
-0.146241
-0.148764
-0.151159
-0.153434
-0.155594
-0.157645
-0.159593
-0.161443
-0.1632
-0.164868
-0.166452
-0.167957
-0.169385
-0.170742
-0.172031
-0.173255
-0.174418
-0.174984
-0.175173
-0.174983
-0.174428
-0.172818
-0.170707
-0.168701
-0.166794
-0.164982
-0.16326
-0.161624
-0.160069
-0.158592
-0.157188
-0.155854
-0.154586
-0.153381
-0.152237
-0.15115
-0.150116
-0.149135
-0.148202
-0.147316
-0.146474
-0.145674
-0.144914
-0.144191
-0.143505
-0.142853
-0.142234
-0.141646
-0.141087
-0.140556
-0.140051
-0.139571
-0.139116
-0.138683
-0.138272
-0.137882
-0.137511
-0.137158
-0.136823
-0.136505
-0.136203
-0.135915
-0.135643
-0.135383
-0.135137
-0.134903
-0.134995
-0.135889
-0.137264
-0.138749
-0.140336
-0.141937
-0.143457
-0.144901
-0.146272
-0.147659
-0.148976
-0.150226
-0.151414
-0.152542
-0.153613
-0.154631
-0.155597
-0.156515
-0.157387
-0.158214
-0.159001
-0.159748
-0.160457
-0.161131
-0.161771
-0.162379
-0.162956
-0.163504
-0.164025
-0.164697
-0.165596
-0.167334
-0.168902
-0.170997
-0.173061
-0.175198
-0.177166
-0.179034
-0.180809
-0.182495
-0.184097
-0.185618
-0.187063
-0.188436
-0.18974
-0.190979
-0.192155
-0.193273
-0.193371
-0.193608
-0.193592
-0.193243
-0.192592
-0.191899
-0.191021
-0.190165
-0.189352
-0.188579
-0.187846
-0.187065
-0.186323
-0.185618
-0.184948
-0.184312
-0.183708
-0.183133
-0.182588
-0.18207
-0.181578
-0.18111
-0.180666
-0.180244
-0.179843
-0.179462
-0.1791
-0.178664
-0.178249
-0.177856
-0.177482
-0.177126
-0.176789
-0.176468
-0.176164
-0.175874
-0.175599
-0.175338
-0.17509
-0.17556
-0.176183
-0.176951
-0.177243
-0.177627
-0.178075
-0.178546
-0.179283
-0.180189
-0.18113
-0.182244
-0.183681
-0.185154
-0.186553
-0.187881
-0.189228
-0.190506
-0.191721
-0.192875
-0.193972
-0.195013
-0.196002
-0.196942
-0.197834
-0.19862
-0.199473
-0.200396
-0.201274
-0.202108
-0.202899
-0.203651
-0.204366
-0.205045
-0.205573
-0.205375
-0.204658
-0.203452
-0.201852
-0.199607
-0.196305
-0.193032
-0.18992
-0.186961
-0.184149
-0.181476
-0.178935
-0.17652
-0.174225
-0.172043
-0.16997
-0.167999
-0.166127
-0.164348
-0.162657
-0.16105
-0.159523
-0.158072
-0.156694
-0.155384
-0.154139
-0.152956
-0.151833
-0.150765
-0.14975
-0.148787
-0.147871
-0.147001
-0.146174
-0.145388
-0.144642
-0.143933
-0.14326
-0.14262
-0.142012
-0.141434
-0.140885
-0.140364
-0.139868
-0.139398
-0.13895
-0.138526
-0.138122
-0.137739
-0.137374
-0.137028
-0.136699
