0.707107
0.707065
0.706947
0.706765
0.706528
0.706246
0.705926
0.705576
0.705201
0.704807
0.704399
0.70398
0.703555
0.703125
0.702694
0.702265
0.701839
0.701417
0.701001
0.700593
0.700193
0.699802
0.69942
0.699049
0.698688
0.698338
0.697999
0.697671
0.697354
0.697048
0.696753
0.696469
0.696195
0.695932
0.695679
0.695437
0.695204
0.694981
0.694766
0.694561
0.694365
0.694177
0.693997
0.693825
0.69366
0.693503
0.693353
0.69321
0.693073
0.692942
0.692818
0.692699
0.692585
0.692477
0.692374
0.692275
0.692182
0.692092
0.692007
0.691926
0.691849
0.691776
0.691706
0.691639
0.691576
0.691515
0.691458
0.691403
0.691351
0.691301
0.691254
0.69121
0.691167
0.691126
0.691088
0.691051
0.691016
0.690983
0.690951
0.690921
0.690893
0.690866
0.69084
0.690815
0.690792
0.69077
0.690749
0.690729
0.69071
0.690692
0.690674
0.690658
0.690643
0.690628
0.690614
0.6906
0.690588
0.690576
0.690564
0.690553
0.690543
0.690533
0.690524
0.690515
0.690506
0.690498
0.690491
0.690484
0.690477
0.69047
0.690464
0.690458
0.690452
0.690447
0.690442
0.690437
0.690433
0.690428
0.690424
0.69042
0.690417
0.690413
0.69041
0.690407
0.690404
0.690401
0.690398
0.690395
0.690393
0.69039
0.690388
0.690386
0.690384
0.690382
0.69038
0.690379
0.690377
0.690375
0.690374
0.690373
0.690371
0.69037
0.690369
0.690368
0.690367
0.690365
0.690365
0.690364
0.690363
0.690362
0.690361
0.69036
0.69036
0.690359
0.690358
0.690358
0.690357
0.690356
0.690356
0.690355
0.690355
0.690354
0.690354
0.690354
0.690353
0.690353
0.690352
0.690352
0.690352
0.690352
0.690351
0.690351
0.690351
0.690351
0.69035
0.69035
0.69035
0.69035
0.690349
0.690349
0.690349
0.690349
0.690349
0.690349
0.690349
0.690349
0.690349
0.690349
0.690349
0.690349
0.690349
0.690349
0.690349
0.690349
0.690349
0.690349
0.690349
0.690349
0.690349
0.690349
0.690349
0.690349
0.690349
0.690349
0.690349
0.690349
0.690349
0.690349
0.690538
0.691342
0.692771
0.69477
0.697125
0.699665
0.702394
0.705314
0.708427
0.711733
0.71523
0.718917
0.722791
0.726848
0.731085
0.735495
0.740074
0.744815
0.749711
0.754756
0.759941
0.765258
0.770699
0.776255
0.781916
0.787672
0.793513
0.79943
0.80541
0.811443
0.817518
0.823624
0.829747
0.835877
0.842
0.848105
0.854178
0.860206
0.866177
0.872077
0.877284
0.880922
0.883028
0.88365
0.884101
0.88447
0.884768
0.885002
0.885181
0.885311
0.8854
0.885452
0.885473
0.885467
0.885437
0.885432
0.885585
0.885924
0.886452
0.887145
0.887987
0.888977
0.890109
0.89138
0.892785
0.894318
0.895972
0.897742
0.899619
0.901597
0.903667
0.90582
0.908049
0.910342
0.912693
0.915089
0.917521
0.919979
0.922453
0.92493
0.9274
0.929852
0.932273
0.934653
0.936979
0.939239
0.941422
0.943429
0.945201
0.946698
0.947872
0.948848
0.949716
0.950486
0.951168
0.951773
0.952307
0.952779
0.953194
0.953559
0.953755
0.953809
0.953743
0.953644
0.953587
0.953589
0.953657
0.953788
0.953977
0.954221
0.954571
0.955016
0.955541
0.956143
0.956746
0.957322
0.957856
0.958341
0.958769
0.959161
0.959541
0.959929
0.960326
0.960726
0.961123
0.961511
0.961883
0.962233
0.962552
0.962832
0.963065
0.963241
0.963351
0.963385
0.963334
0.963187
0.962934
0.962734
0.96281
0.963441
0.964628
0.965702
0.966674
0.967553
0.968348
0.969067
0.969718
0.970307
0.970841
0.971323
0.97176
0.972156
0.972514
0.972838
0.973132
0.973398
0.973639
0.973857
0.974056
0.974235
0.974398
0.974546
0.97468
0.974801
0.974911
0.975012
0.975102
0.975185
0.97526
0.975328
0.97539
0.975447
0.975498
0.975545
0.975587
0.975626
0.975661
0.975693
0.975723
0.975749
0.975774
0.975796
0.975816
0.975835
0.975852
0.975868
0.975882
0.975895
0.975907
0.975917
0.975928
0.975937
0.975945
0.975953
0.97596
0.975967
0.975973
0.975978
0.975984
0.975988
0.975993
0.975997
0.976
0.976004
0.976007
0.97601
0.976013
0.976015
0.976018
0.97602
0.976022
0.976024
0.976026
0.976027
0.976029
0.97603
0.976032
0.976033
0.976034
0.976034
0.976033
0.976032
0.976032
0.976031
0.97603
0.97603
0.976057
0.976055
0.975956
0.975734
0.975394
0.974951
0.974411
0.973781
0.973064
0.972264
0.971382
0.970419
0.969373
0.968243
0.967026
0.965718
0.964316
0.962815
0.961208
0.95949
0.957654
0.956603
0.956536
0.957657
0.958673
0.959494
0.960242
0.960924
0.961547
0.962116
0.962635
0.96311
0.963544
0.963941
0.964305
0.964638
0.964943
0.965223
0.965479
0.965715
0.965931
0.966129
0.966312
0.96648
0.966635
0.966777
0.966908
0.967029
0.967141
0.967244
0.96734
0.967428
0.967509
0.967585
0.967655
0.967616
0.967379
0.967045
0.966544
0.965964
0.965308
0.964605
0.963881
0.963135
0.962579
0.961965
0.96129
0.960529
0.959676
0.958743
0.95773
0.956635
0.955456
0.95419
0.952835
0.951385
0.949837
0.948184
0.946423
0.944546
0.942547
0.94042
0.938158
0.936364
0.93496
0.934319
0.933704
0.933836
0.934458
0.936061
0.937522
0.938853
0.940067
0.941174
0.942184
0.943106
0.943947
0.944717
0.94542
0.946062
0.94665
0.947189
0.947682
0.948133
0.948547
0.948927
0.949276
0.949596
0.949993
0.950543
0.951275
0.952124
0.953081
0.95406
0.955031
0.955965
0.956852
0.95769
0.958487
0.959249
0.95998
0.960683
0.961359
0.962007
0.962628
0.963218
0.963774
0.964275
0.964732
0.965162
0.965577
0.965986
0.966371
0.966711
0.967012
0.967276
0.967508
0.967711
0.967888
0.968043
0.968177
0.968293
0.968392
0.968456
0.968508
0.968506
0.968465
0.968373
0.968243
0.968098
0.967946
0.967794
0.967651
0.967515
0.967386
0.96726
0.967135
0.967007
0.96687
0.966719
0.966549
0.966352
0.966123
0.965852
0.965534
0.965159
0.964719
0.964204
0.963606
0.963196
0.963184
0.964133
0.965171
0.966114
0.966972
0.967751
0.968461
0.969106
0.969694
0.970229
0.970716
0.971161
0.971566
0.971935
0.972272
0.972579
0.97286
0.973081
0.97315
0.973142
0.973068
0.972967
0.972857
0.972749
0.97264
0.972531
0.97247
0.972406
0.97234
0.97227
0.972204
0.972109
0.971956
0.971712
0.971374
0.97096
0.970701
0.97043
0.970254
0.970115
0.970052
0.970011
0.969994
0.969975
0.969959
0.969923
0.969871
0.969804
0.969726
0.969638
0.969542
0.96946
0.969372
0.969278
0.969181
0.969081
0.968979
0.968876
0.968773
0.968669
0.968567
0.968465
0.968365
0.968266
0.968169
0.968075
0.967982
0.967746
0.967502
0.967233
0.966922
0.966568
0.966193
0.965835
0.965474
0.965092
0.964941
0.964866
0.964861
0.964852
0.96482
0.964898
0.965534
0.966615
0.967916
0.969072
0.970097
0.971007
0.971813
0.972526
0.973155
0.97371
0.974198
0.974626
0.975002
0.97533
0.975615
0.975864
0.976078
0.976264
0.976422
0.976558
0.976672
0.976768
0.976849
0.976915
0.976968
0.97701
0.977043
0.977067
0.977084
0.977095
0.9771
0.9771
0.977097
0.977089
0.977079
0.977066
0.977052
0.977035
0.977017
0.976998
0.976979
0.976958
0.976938
0.976917
0.976895
0.976874
0.976853
0.976832
0.976811
0.976791
0.976771
0.976752
0.976733
0.976714
0.976696
0.976678
0.976661
0.976645
0.976629
0.976613
0.976598
0.976584
0.97657
0.976557
0.976544
0.976532
0.97652
0.976509
0.976498
0.976488
0.976478
0.976461
0.976438
0.976408
0.976377
0.976343
0.976309
0.976274
0.976238
0.976202
0.976166
0.97613
0.976094
0.976059
0.976024
0.97599
0.97594
0.975879
0.975793
0.975667
0.975509
0.97533
0.975106
0.974849
0.974792
0.974721
0.974635
0.974587
0.974527
0.974515
0.974526
0.974516
0.974488
0.974424
0.974331
0.974212
0.974072
0.973915
0.973744
0.973561
0.973108
0.972605
0.972094
0.971599
0.9711
0.970618
0.970131
0.969661
0.969209
0.968775
0.968357
0.967955
0.967569
0.9672
0.966845
0.966653
0.966513
0.966459
0.966528
0.966628
0.966854
0.967484
0.968258
0.969133
0.970079
0.97092
0.971667
0.97233
0.972918
0.973438
0.973898
0.974304
0.974661
0.974976
0.975252
0.975493
0.975704
0.975888
0.976047
0.976184
0.976303
0.976404
0.97649
0.976563
0.976624
0.976675
0.976717
0.97675
0.976776
0.976796
0.976811
0.976821
0.976827
0.976829
0.976828
0.976825
0.97682
0.976812
0.976803
0.976793
0.976781
0.976769
0.976757
0.976743
0.976729
0.976715
0.976701
0.976687
0.976673
0.976658
0.976644
0.976631
0.976617
0.976604
0.976591
0.976578
0.976566
0.976554
0.976542
0.976531
0.97652
0.976509
0.976499
0.976489
0.976479
0.97647
0.976461
0.976453
0.976445
0.976437
0.97643
0.976422
0.976415
0.976409
0.976403
0.976397
0.976391
0.976385
0.97638
0.976375
0.97637
0.976366
0.976361
0.976357
0.976353
0.976349
0.976346
0.976342
0.976339
0.976336
0.976333
0.97633
0.976327
0.976324
0.976322
0.97632
0.976317
0.976315
0.976313
0.976311
0.976309
0.976308
0.976306
0.976304
0.976303
0.976301
0.9763
0.976299
0.976298
0.976296
0.976295
0.976294
0.976293
0.976292
0.976291
0.976291
0.97629
0.976289
0.976288
0.976287
0.976287
0.976286
0.976286
0.976285
0.976284
0.976284
0.976283
0.976283
0.976282
0.976282
0.976282
0.976281
0.976281
0.976281
0.97628
0.97628
0.97628
0.976279
0.976279
0.976279
0.976279
0.976278
0.976278
0.976278
0.976278
0.976278
0.976277
0.976277
0.976277
0.976277
0.976277
0.976277
0.976276
0.976276
0.976276
0.976276
0.976276
0.976276
0.976276
0.976276
0.976276
0.976276
0.976276
0.976275
0.976275
0.976275
0.976275
0.976275
0.976275
0.976275
0.976275
0.976275
0.976275
0.976275
0.976275
0.976275
0.976275
0.976275
0.976275
0.976275
0.976275
0.976275
0.976275
0.976275
0.976275
0.976276
0.97627
0.976236
0.976147
0.975998
0.97579
0.97553
0.975225
0.974943
0.974698
0.974545
0.974493
0.974581
0.974743
0.974889
0.975021
0.97514
0.975248
0.975345
0.975433
0.975513
0.975585
0.97565
0.975709
0.975762
0.975811
0.975854
0.975894
0.975929
0.975962
0.975991
0.976017
0.976041
0.976063
0.976082
0.9761
0.976116
0.976131
0.976144
0.976096
0.975981
0.975758
0.975432
0.975005
0.9745
0.973928
0.973291
0.972591
0.971831
0.971009
0.970124
0.969321
0.968794
0.968781
0.969235
0.96967
0.970069
0.970434
0.970769
0.971076
0.971358
0.971617
0.971854
0.972073
0.972274
0.972459
0.972629
0.972786
0.972931
0.973065
0.973188
0.973302
0.973407
0.973505
0.973595
0.973678
0.973756
0.973827
0.973894
0.973956
0.974063
0.974161
0.97425
0.974331
0.974405
0.974473
0.974535
0.974591
0.974643
0.974691
0.974734
0.974774
0.97481
0.974844
0.974874
0.974903
0.974929
0.974953
0.974974
0.974995
0.975013
0.97503
0.975046
0.975061
0.975074
0.975087
0.975098
0.975109
0.97507
0.974875
0.974528
0.974051
0.973476
0.972813
0.972065
0.971236
0.970329
0.969345
0.968283
0.967143
0.965922
0.964617
0.963226
0.961744
0.960165
0.958484
0.956695
0.954792
0.952767
0.950613
0.948323
0.945888
0.943301
0.940552
0.937632
0.934534
0.931247
0.928779
0.927325
0.927323
0.928943
0.930425
0.931781
0.933024
0.934164
0.935208
0.936167
0.937047
0.937855
0.938597
0.93928
0.939909
0.940203
0.939715
0.938784
0.937553
0.936206
0.934746
0.933171
0.931481
0.929674
0.927749
0.925702
0.923529
0.921227
0.918792
0.916218
0.9135
0.910633
0.90761
0.904425
0.901072
0.897543
0.893832
0.889931
0.885834
0.881531
0.877017
0.872282
0.86732
0.862122
0.85668
0.850987
0.845035
0.838816
0.832322
0.825546
0.81848
0.811117
0.803449
0.795469
0.787171
0.778547
0.769592
0.760298
0.750661
0.740674
0.730332
0.71963
0.708563
0.697126
0.685316
0.673129
0.660561
0.64761
0.634274
0.62055
0.606437
0.591933
0.577039
0.561754
0.546078
0.530014
0.513561
0.496723
0.479502
0.461901
0.443923
0.425574
0.406857
0.387779
0.368346
0.348565
0.328442
0.307986
0.294493
0.290064
0.292782
0.295336
0.297737
0.299994
0.302117
0.304114
0.305994
0.307764
0.309431
0.311002
0.311561
0.310707
0.30899
0.306544
0.303718
0.300513
0.296933
0.292983
0.288663
0.283977
0.278928
0.273517
0.267748
0.261622
0.255141
0.248309
0.241126
0.233595
0.225717
0.217496
0.208933
0.20003
0.190791
0.181216
0.171309
0.161074
0.150511
0.139625
0.128419
0.116896
0.10506
0.092915
0.082045
0.071579
0.062682
0.05557
0.052408
0.054537
0.056409
0.057612
0.058026
0.058054
0.057666
0.057115
0.056499
0.055872
0.055412
0.054924
0.054388
0.053782
0.053106
0.05236
0.051545
0.050455
0.049257
0.047953
0.046546
0.045955
0.046209
0.046774
0.047409
0.047991
0.048576
0.049143
0.049639
0.050065
0.050425
0.050721
0.050956
0.051132
0.051252
0.051317
0.051331
0.051295
0.051211
0.051082
0.050908
0.050691
0.050434
0.050138
0.049804
0.049434
0.049029
0.048591
0.04812
0.047619
0.047087
0.046527
0.045939
0.045324
0.044684
0.044018
0.043329
0.042617
0.041882
0.041126
0.040349
0.039552
0.038736
0.0379
0.037047
0.036176
0.035362
0.034686
0.03423
0.034292
0.034783
0.035374
0.035935
0.036468
0.036975
0.037457
0.037914
0.038348
0.03876
0.039152
0.039525
0.039878
0.040214
0.040533
0.040836
0.041124
0.041398
0.041658
0.041905
0.042139
0.042362
0.042574
0.042775
0.042966
0.043147
0.043319
0.043483
0.043639
0.043787
0.043927
0.04406
0.044187
0.044307
0.044422
0.04453
0.044634
0.044732
0.044825
0.044914
0.044998
0.045078
0.045154
0.045226
0.045294
0.04536
0.045422
0.04548
0.045537
0.04559
0.04564
0.045688
0.045734
0.045777
0.045818
0.045857
0.045894
0.04593
0.045963
0.045995
0.046025
0.046054
0.046082
0.046108
0.046132
0.046156
0.046178
0.0462
0.04622
0.046239
0.046257
0.046275
0.046291
0.046307
0.046322
0.046336
0.04635
0.046362
0.046374
0.046386
0.046397
0.046408
0.046418
0.046427
0.046436
0.046445
0.046453
0.046461
0.046468
0.046476
0.046482
0.046489
0.046495
0.046501
0.04649
0.046453
0.046418
0.046428
0.046437
0.046446
0.046454
0.046462
0.046469
0.046477
0.046483
0.04649
0.045746
0.044009
0.041229
0.037745
0.033907
0.029716
0.025177
0.02029
0.015057
0.009483
0.00357
-0.002681
-0.009264
-0.016178
-0.02342
-0.030984
-0.03887
-0.047072
-0.055588
-0.064413
-0.073543
-0.082973
-0.092701
-0.10272
-0.113027
-0.123616
-0.134481
-0.145618
-0.157021
-0.168683
-0.180599
-0.192761
-0.205163
-0.217798
-0.230657
-0.243735
-0.257022
-0.27051
-0.28419
-0.298054
-0.312092
-0.326294
-0.340649
-0.355149
-0.369781
-0.384535
-0.399399
-0.414362
-0.429411
-0.444534
-0.459718
-0.474951
-0.490217
-0.505504
-0.520798
-0.536085
-0.551349
-0.566575
-0.579251
-0.586731
-0.587174
-0.586514
-0.586094
-0.585942
-0.585941
-0.58625
-0.58691
-0.588007
-0.589439
-0.591207
-0.593304
-0.595728
-0.598472
-0.601532
-0.604941
-0.60866
-0.612673
-0.616975
-0.621549
-0.626387
-0.63148
-0.636818
-0.642392
-0.647395
-0.652086
-0.656426
-0.660652
-0.664537
-0.667985
-0.670564
-0.672819
-0.675018
-0.676951
-0.677865
-0.677729
-0.677571
-0.677374
-0.677
-0.676559
-0.676101
-0.675631
-0.675153
-0.674671
-0.674188
-0.673705
-0.673226
-0.672752
-0.672285
-0.671826
-0.671376
-0.671031
-0.671276
-0.672015
-0.673344
-0.675041
-0.677004
-0.67923
-0.681715
-0.684456
-0.687448
-0.690685
-0.694219
-0.698002
-0.702026
0.706276
0.710748
0.715423
0.720294
0.725358
0.7306
0.736018
0.741598
0.747331
0.753209
0.757572
0.760625
0.762795
0.764327
0.764399
0.76388
0.763268
0.762579
0.761828
0.761028
0.760057
0.758922
0.75765
0.756444
0.755228
0.754036
0.753007
0.752294
0.752047
0.752
0.751954
0.751909
0.751866
0.751823
0.751781
0.751741
0.751702
0.751664
0.751627
0.751592
0.751558
0.751257
0.750755
0.750186
0.749636
0.749106
0.749069
0.749165
0.749255
0.74934
0.74942
0.749496
0.749567
0.749634
0.749697
0.749757
0.749415
0.748761
0.748
0.747088
0.746129
0.745151
0.744193
0.743236
0.742302
0.741394
0.740685
0.739984
0.739345
0.738883
0.738484
0.738103
0.737739
0.737391
0.737059
0.736742
0.73644
0.736151
0.735967
0.736169
0.736846
0.737676
0.738452
0.739178
0.739857
0.740492
0.741087
0.741645
0.742168
0.742659
0.74312
0.743552
0.743958
0.74434
0.744699
0.745036
0.745404
0.745789
0.746149
0.746489
0.746808
0.747108
0.74739
0.747656
0.747824
0.747983
0.748132
0.748274
0.748407
0.748534
0.748654
0.748767
0.748874
0.748975
0.749071
0.749162
0.749247
0.749329
0.749406
0.749479
0.749548
0.749613
0.749675
0.749734
0.74979
0.749843
0.749893
0.74994
0.749986
0.750028
0.750069
0.750107
0.750144
0.750178
0.750211
0.750243
0.750272
0.7503
0.750327
0.750352
0.750376
0.750399
0.750421
0.750441
0.75046
0.750479
0.750496
0.750513
0.750529
0.750544
0.750558
0.750572
0.750585
0.750597
0.750609
0.75062
0.75063
0.75064
0.75065
0.750659
0.750667
0.750675
0.750683
0.75069
0.750698
0.750704
0.750711
0.750717
0.750698
0.750536
0.750221
0.749803
0.749233
0.748527
0.747789
0.747164
0.746561
0.745925
0.745245
0.744413
0.743587
0.742764
0.741943
0.741144
0.740368
0.739616
0.738864
0.738137
0.73749
0.737093
0.736891
0.736862
0.737133
0.737595
0.738256
0.738999
0.739693
0.740343
0.740951
0.741521
0.742055
0.742555
0.743025
0.743466
0.74388
0.744268
0.744634
0.744977
0.7453
0.745604
0.74589
0.74616
0.746414
0.746653
0.746878
0.74709
0.747291
0.74748
0.747659
0.747828
0.747987
0.748137
0.748279
0.748414
0.748541
0.748661
0.748775
0.748882
0.748984
0.74908
0.749171
0.749257
0.749339
0.749416
0.74949
0.749559
0.749625
0.749687
0.749746
0.749802
0.749855
0.749905
0.749953
0.750236
0.750615
0.751112
0.751803
0.75299
0.754612
0.756623
0.758792
0.761123
0.763619
0.766283
0.769114
0.772113
0.775277
0.778603
0.782089
0.78573
0.789521
0.793457
0.797531
0.801737
0.806067
0.810514
0.815069
0.819723
0.824467
0.829293
0.834189
0.839146
0.844154
0.849201
0.854276
0.859367
0.864464
0.869554
0.874624
0.878946
0.882552
0.883844
0.884007
0.88427
0.884589
0.884891
0.885156
0.885373
0.885548
0.885686
0.885807
0.885893
0.885943
0.885963
0.885955
0.885924
0.885807
0.885511
0.884921
0.883882
0.882453
0.880703
0.878651
0.876311
0.873696
0.870818
0.867686
0.864307
0.860687
0.85683
0.852741
0.848419
0.843868
0.839086
0.834073
0.828827
0.823347
0.81763
0.811672
0.80547
0.79902
0.792318
0.785358
0.778137
0.770649
0.76289
0.754853
0.746535
0.737929
0.72903
0.719833
0.710334
0.700526
0.690406
0.679969
0.669209
0.658124
-0.646708
-0.634959
-0.624297
-0.616849
-0.614282
-0.616645
-0.618847
-0.620899
-0.622812
-0.624597
-0.626263
-0.627819
-0.629273
-0.630633
-0.631905
-0.633095
-0.63421
-0.635254
-0.636233
-0.637152
-0.638013
-0.638822
-0.639581
-0.640294
-0.640965
-0.641596
-0.642189
-0.642747
-0.643273
-0.643689
-0.643832
-0.64344
-0.642514
-0.641097
-0.639117
-0.636465
-0.633365
-0.629921
-0.626178
-0.62214
-0.617807
-0.613182
-0.608264
-0.603054
-0.597553
-0.591759
-0.585672
-0.579291
-0.572615
-0.565642
-0.558371
-0.5508
-0.542928
-0.534754
-0.526273
-0.517486
-0.508391
-0.498985
-0.489267
-0.479235
-0.468888
-0.458225
-0.447243
-0.435943
-0.424323
-0.412383
-0.400123
-0.387542
-0.374641
-0.361419
-0.347879
-0.334021
-0.319845
-0.305356
-0.290554
-0.275441
-0.260021
-0.244297
-0.228274
-0.211954
-0.195343
-0.178446
-0.161268
-0.143814
-0.126092
-0.108109
-0.089872
-0.071389
-0.052667
-0.033716
-0.014545
0.004836
0.024417
0.044188
0.059881
0.065659
0.064144
0.062138
0.060228
0.058408
0.056675
0.055025
0.053454
0.051959
0.050537
0.049184
0.047896
0.046672
0.045507
0.044399
0.043633
0.043287
0.043319
0.044217
0.045579
0.047479
0.049719
0.052217
0.054972
0.057407
0.05956
0.061682
0.063687
0.065424
0.067125
0.068916
0.070795
0.074289
0.078798
0.084591
0.091034
0.097901
0.105099
0.112625
0.120474
0.128641
0.137122
0.145911
0.155004
0.164394
0.174077
0.184046
0.194296
0.20482
0.215612
0.226664
0.237971
0.249524
0.261317
0.273341
0.285589
0.298052
0.31072
0.323586
0.336639
0.349871
0.363271
0.376829
0.390534
0.404376
0.418342
0.432423
0.446605
0.460877
0.475226
0.489639
0.504103
0.518604
0.531647
0.542279
0.546661
0.546347
0.54604
0.545742
0.545451
0.545169
0.544896
0.544631
0.544281
0.543931
0.543536
0.543016
0.542403
0.541613
0.540835
0.540069
0.539319
0.538585
0.537869
0.537172
0.536495
0.535838
0.535201
0.534077
0.532005
0.529235
0.525895
0.522178
0.518094
0.513653
0.508864
0.503733
0.498269
0.492475
0.486357
0.47992
0.473165
0.466098
0.458719
0.45103
0.443034
0.434732
0.426124
0.417211
0.407994
0.398472
0.388648
0.378519
0.368087
0.357352
0.346315
0.334974
0.324487
0.315236
0.30966
0.30969
0.311456
0.313119
0.314686
0.316163
0.317554
0.318867
0.320104
0.321272
0.322374
0.323414
0.324397
0.325122
0.324974
0.324075
0.32209
0.319304
0.316111
0.312552
0.308631
0.304351
0.299715
0.294725
0.289383
0.283692
0.277654
0.271271
0.264544
0.257476
0.250068
0.242323
0.234241
0.225824
0.217076
0.207996
0.198588
0.188854
0.178795
0.168415
0.157715
0.146699
0.13537
0.12373
0.111783
0.099532
0.086982
0.074136
0.060999
0.047575
0.03387
0.019887
0.005635
-0.008883
-0.02366
-0.038688
-0.053961
-0.069472
-0.085213
-0.101175
-0.117351
-0.133731
-0.147361
-0.145752
-0.143896
-0.142121
-0.139677
-0.136726
-0.133395
-0.129948
-0.12652
-0.123216
-0.120113
-0.117222
-0.114531
-0.112011
-0.10935
-0.106287
-0.102908
-0.099215
-0.095201
-0.090863
-0.086197
-0.081214
-0.07591
-0.070281
-0.06432
-0.058024
-0.051393
-0.044441
-0.037154
-0.029533
-0.021581
-0.013144
-0.005575
-0.001742
-0.001055
-0.001294
-0.001892
-0.002494
-0.003096
-0.003695
-0.00429
-0.004876
-0.005453
-0.00602
-0.006574
-0.007115
-0.007643
-0.008156
-0.008654
-0.009137
-0.009605
-0.010057
-0.010493
-0.010915
-0.01132
-0.011711
-0.012087
-0.012449
-0.012796
-0.013129
-0.013449
-0.013755
-0.014049
-0.01433
-0.0146
-0.014858
-0.015104
-0.01534
-0.015565
-0.01578
-0.015986
-0.016182
-0.016369
-0.016548
-0.016719
-0.016882
-0.017037
-0.017185
-0.017326
-0.01746
-0.017588
-0.01771
-0.017827
-0.017937
-0.018042
-0.018143
-0.018238
-0.018329
-0.018416
-0.018498
-0.018576
-0.018651
-0.018722
-0.01879
-0.018854
-0.018915
-0.018973
-0.019028
-0.019081
-0.01913
-0.019178
-0.019223
-0.019266
-0.019307
-0.019346
-0.019382
-0.019417
-0.01945
-0.019482
-0.019512
-0.019541
-0.019568
-0.019594
-0.019618
-0.019641
-0.019664
-0.019684
-0.019704
-0.019723
-0.019742
-0.019758
-0.019775
-0.01979
-0.019804
-0.019818
-0.019832
-0.019844
-0.019856
-0.019867
-0.019878
-0.019888
-0.019898
-0.019907
-0.019915
-0.019924
-0.019931
-0.019939
-0.019946
-0.019952
-0.019959
-0.019965
-0.01997
-0.019976
-0.019981
-0.019986
-0.01999
-0.019995
-0.019999
-0.020003
-0.020007
-0.02001
-0.020013
-0.020016
-0.020019
-0.020022
-0.020025
-0.020028
-0.02003
-0.020032
-0.020034
-0.020037
-0.020038
-0.02004
-0.020042
-0.020043
-0.020045
-0.020046
-0.020048
-0.020049
-0.02005
-0.020051
-0.020052
-0.020053
-0.020054
-0.020055
-0.020055
-0.020056
-0.020057
-0.020057
-0.020058
-0.020058
-0.020059
-0.020059
-0.02006
-0.02006
-0.02006
-0.020061
-0.020061
-0.020061
-0.020061
-0.020062
-0.020062
-0.020062
-0.020063
-0.02018
-0.020902
-0.022685
-0.025173
-0.028509
-0.032309
-0.036456
-0.040948
-0.045782
-0.050957
-0.056469
-0.062317
-0.068497
-0.075006
-0.081841
-0.088998
-0.096475
-0.104266
-0.112369
-0.120779
-0.129491
-0.138501
-0.147806
-0.157398
-0.167275
-0.177429
-0.187856
-0.198549
-0.209502
-0.22071
-0.232166
-0.243861
-0.255791
-0.267946
-0.280319
-0.292903
-0.305688
-0.318666
-0.326269
-0.327247
-0.325915
-0.324627
-0.323383
-0.322182
-0.321025
-0.319911
-0.31884
-0.317809
-0.31682
-0.31587
-0.314959
-0.314086
-0.313473
-0.314062
-0.315781
-0.318016
-0.320616
-0.323578
-0.326899
-0.330574
-0.334599
-0.338968
-0.343676
-0.348719
-0.354091
-0.359785
-0.365795
-0.372116
-0.37874
-0.385661
-0.392872
-0.400366
-0.408135
-0.416171
-0.424466
-0.433013
-0.441803
-0.450827
-0.460077
-0.469542
-0.479214
-0.489083
-0.499138
-0.509371
-0.51977
-0.530325
-0.541024
-0.551857
-0.562811
-0.573876
-0.585038
-0.596286
-0.607607
-0.618987
-0.630415
-0.641877
-0.653358
-0.664846
-0.676327
-0.687785
-0.699206
0.710576
0.72188
0.733104
0.74423
0.752269
0.754807
0.754852
0.754827
0.75474
0.754601
0.754419
0.754201
0.753951
0.753678
0.753384
0.753075
0.752753
0.752424
0.752088
0.75175
0.75141
0.75107
0.750733
0.7504
0.750072
0.749748
0.749432
0.749122
0.74882
0.748526
0.74824
0.747962
0.747693
0.747433
0.747182
0.746985
0.747067
0.747584
0.748483
0.750015
0.751785
0.753755
0.755926
0.758297
0.760866
0.76363
0.766586
0.769731
0.773057
0.776561
0.780237
0.784077
0.788074
0.792222
0.796511
0.800934
0.805481
0.810143
0.814912
0.819776
0.824725
0.829749
0.834838
0.83998
0.845163
0.850376
0.855608
0.860845
0.866076
0.871288
0.876468
0.881604
0.886682
0.891689
0.896612
0.901438
0.906151
0.91074
0.914761
0.91774
0.919214
0.920085
0.92084
0.921491
0.922052
0.922531
0.922938
0.923281
0.923568
0.923805
0.923998
0.924153
0.924274
0.924365
0.924431
0.924474
0.924498
0.924505
0.924513
0.924595
0.924797
0.925116
0.925545
0.926073
0.926697
0.927417
0.928229
0.929129
0.930113
0.931174
0.932308
0.933508
0.934766
0.936077
0.93743
0.93882
0.940235
0.941669
0.943263
0.944964
0.946681
0.948441
0.950192
0.951922
0.95362
0.955275
0.956839
0.958301
0.959651
0.960879
0.961974
0.962925
0.963721
0.964351
0.964803
0.965065
0.965146
0.965014
0.964476
0.96346
0.962098
0.960439
0.959298
0.959216
0.960784
0.962254
0.963573
0.964755
0.965814
0.966763
0.967612
0.968372
0.969051
0.969658
0.970201
0.970929
0.971871
0.972978
0.974088
0.975188
0.976348
0.977399
0.978276
0.978987
0.979614
0.980126
0.98056
0.980908
0.98116
0.981313
0.981377
0.981367
0.981292
0.981163
0.980987
0.980772
0.98056
0.980354
0.980173
0.979998
0.97985
0.979773
0.979714
0.979687
0.97963
0.979547
0.979443
0.97932
0.979012
0.978523
0.978167
0.977989
0.97844
0.978756
0.979005
0.979331
0.979631
0.979861
0.98003
0.980146
0.980217
0.980248
0.980244
0.980212
0.980154
0.980076
0.97998
0.979869
0.979746
0.979613
0.979473
0.979327
0.979176
0.979023
0.978868
0.978712
0.978556
0.978401
0.978247
0.978096
0.977947
0.9778
0.977657
0.977518
0.977382
0.977249
0.977121
0.976996
0.976876
0.976759
0.976647
0.976538
0.976434
0.976333
0.976236
0.976143
0.976054
0.975968
0.975886
0.975807
0.975731
0.975659
0.975589
0.975523
0.975459
0.975399
0.97534
0.975285
0.975232
0.975181
0.975133
0.975087
0.975043
0.975001
0.974961
0.974923
0.974887
0.974852
0.974819
0.974787
0.974758
0.974729
0.974702
0.974676
0.974651
0.974628
0.974605
0.974584
0.974564
0.974545
0.974526
0.974509
0.974492
0.974476
0.974461
0.974447
0.974433
0.974421
0.974408
0.974397
0.974385
0.974375
0.974365
0.974355
0.974346
0.974337
0.974329
0.974321
0.974314
0.974307
0.9743
0.974294
0.974296
0.974317
0.974349
0.974364
0.974592
0.974817
0.975056
0.975256
0.975445
0.975626
0.975737
0.975802
0.975811
0.975772
0.975692
0.975577
0.975433
0.975264
0.975013
0.974855
0.974694
0.974502
0.97432
0.974148
0.973983
0.973815
0.97362
0.973395
0.973141
0.972985
0.972995
0.973973
0.974858
0.975601
0.976212
0.976691
0.977054
0.977314
0.97749
0.977587
0.977617
0.977588
0.97751
0.977389
0.977233
0.977047
0.976836
0.976606
0.976359
0.9761
0.975831
0.975555
0.975275
0.974993
0.974709
0.974427
0.974146
0.973869
0.973595
0.973416
0.973316
0.973356
0.973481
0.973705
0.973921
0.974116
0.974291
0.974449
0.974592
0.97472
0.974835
0.974939
0.975033
0.975118
0.975194
0.975262
0.97534
0.975502
0.975662
0.975803
0.975912
0.975993
0.976045
0.97607
0.976074
0.976058
0.976025
0.975979
0.975921
0.975853
0.975778
0.975695
0.975608
0.975517
0.975422
0.975326
0.975226
0.975124
0.975021
0.974918
0.974816
0.974715
0.974616
0.974519
0.974512
0.97454
0.974656
0.974798
0.974925
0.975039
0.975141
0.975232
0.975313
0.975386
0.975408
0.975399
0.975387
0.975349
0.975281
0.975179
0.97504
0.974893
0.974742
0.974589
0.974434
0.974272
0.974107
0.973941
0.973773
0.973604
0.973706
0.97396
0.974189
0.974395
0.974581
0.974748
0.974898
0.975033
0.975154
0.975263
0.975361
0.975449
0.975529
0.975586
0.975555
0.975414
0.975178
0.974806
0.974353
0.973846
0.973294
0.9727
0.972064
0.971385
0.970662
0.969893
0.969074
0.968201
0.96727
0.966275
0.965211
0.964072
0.96285
0.961539
0.96013
0.958616
0.956988
0.955238
0.953358
0.951337
0.949167
0.946838
0.944341
0.941666
0.938803
0.935743
0.932475
0.928989
0.925275
0.921324
0.917126
0.91267
0.907947
0.902947
0.897661
0.892078
0.887093
0.883876
0.884775
0.886982
0.889007
0.890868
0.892579
0.894152
0.895263
0.894858
0.893768
0.892472
0.891024
0.889425
0.887672
0.885764
0.883699
0.881474
0.879085
0.876529
0.873802
0.870899
0.867816
0.864548
0.861088
0.857433
0.853576
0.849511
0.845233
0.840734
0.836009
0.831051
0.825853
0.82041
0.814714
0.808758
0.802537
0.796042
0.789268
0.782209
0.774857
0.767207
0.759251
0.750986
0.742403
0.733497
0.724264
0.714697
0.704792
0.694543
0.683946
0.672997
0.661692
0.650028
-0.638
-0.625606
-0.612843
-0.59971
-0.586204
-0.572324
-0.55807
-0.54344
-0.528435
-0.513055
-0.497302
-0.481176
-0.46468
-0.447815
-0.430586
-0.412995
-0.400197
-0.396297
-0.399139
-0.4018
-0.404292
-0.406628
-0.408817
-0.410871
-0.412798
-0.414607
-0.416306
-0.417213
-0.416749
-0.414929
-0.412625
-0.409956
-0.406924
-0.403533
-0.399785
-0.395682
-0.391227
-0.38642
-0.381264
-0.37576
-0.36991
-0.363714
-0.357174
-0.35029
-0.343066
-0.3355
-0.327594
-0.319349
-0.310766
-0.301847
-0.292592
-0.283002
-0.27308
-0.262826
-0.252242
-0.241607
-0.230686
-0.219505
-0.208034
-0.196248
-0.1842
-0.17181
-0.159081
-0.146019
-0.132628
-0.118915
-0.104884
-0.094686
-0.087741
-0.084813
-0.085521
-0.087077
-0.088898
-0.090638
-0.092301
-0.093889
-0.095404
-0.096851
-0.098231
-0.099547
-0.100803
-0.102
-0.10314
-0.104227
-0.105263
-0.106249
-0.107189
-0.108084
-0.108936
-0.109747
-0.110505
-0.110316
-0.109707
-0.108603
-0.107491
-0.106467
-0.105593
-0.104825
-0.104143
-0.10354
-0.102994
-0.102501
-0.102055
-0.101652
-0.101287
-0.100958
-0.100659
-0.10039
-0.100145
-0.099924
-0.099725
-0.099544
-0.099374
-0.099325
-0.099415
-0.100173
-0.101121
-0.102053
-0.102967
-0.10386
-0.104731
-0.105579
-0.106404
-0.107204
-0.107978
-0.108728
-0.109452
-0.110152
-0.110826
-0.111476
-0.112101
-0.112702
-0.11328
-0.113834
-0.114367
-0.114877
-0.115366
-0.115835
-0.116284
-0.116713
-0.117124
-0.117517
-0.117893
-0.118252
-0.118595
-0.118923
-0.119235
-0.119534
-0.119819
-0.119766
-0.118732
-0.117311
-0.115801
-0.114331
-0.113007
-0.111803
-0.1107
-0.109688
-0.10876
-0.107909
-0.107126
-0.106257
-0.10574
-0.10538
-0.105277
-0.105323
-0.105548
-0.105836
-0.106184
-0.106566
-0.106937
-0.107295
-0.107641
-0.107975
-0.108318
-0.108649
-0.108992
-0.109461
-0.110029
-0.110691
-0.111385
-0.112049
-0.112683
-0.11329
-0.113869
-0.114422
-0.11495
-0.115454
-0.115935
-0.116394
-0.116831
-0.117248
-0.117646
-0.117699
-0.117532
-0.117201
-0.116686
-0.116069
-0.115344
-0.114603
-0.113896
-0.113198
-0.112456
-0.111791
-0.111111
-0.110445
-0.109818
-0.109226
-0.108604
-0.10792
-0.107048
-0.106221
-0.105399
-0.104629
-0.103898
-0.103135
-0.102379
-0.101643
-0.100934
-0.100288
-0.099685
-0.099123
-0.098598
-0.098107
-0.097648
-0.097218
-0.096816
-0.096534
-0.096456
-0.096734
-0.097149
-0.097673
-0.098409
-0.099445
-0.100617
-0.101743
-0.102825
-0.103862
-0.104857
-0.105811
-0.106724
-0.107598
-0.108435
-0.109236
-0.110001
-0.110732
-0.111431
-0.112098
-0.112736
-0.113344
-0.113924
-0.114478
-0.115006
-0.11551
-0.11599
-0.116448
-0.116885
-0.1173
-0.117697
-0.118074
-0.118433
-0.118776
-0.119102
-0.119412
-0.119707
-0.119989
-0.120256
-0.120511
-0.120753
-0.120983
-0.121203
-0.121411
-0.12161
-0.121799
-0.121978
-0.122149
-0.122311
-0.122466
-0.122613
-0.122752
-0.122822
-0.122692
-0.122398
-0.121948
-0.121421
-0.120869
-0.120172
-0.11936
-0.118413
-0.117468
-0.116511
-0.115606
-0.114751
-0.113944
-0.11318
-0.112458
-0.112192
-0.112151
-0.112373
-0.112929
-0.113545
-0.114131
-0.114689
-0.11522
-0.115724
-0.116204
-0.116661
-0.117095
-0.117508
-0.1179
-0.118274
-0.118628
-0.118966
-0.119287
-0.119592
-0.119882
-0.120157
-0.120419
-0.120668
-0.120905
-0.12113
-0.121344
-0.121547
-0.12174
-0.121924
-0.122098
-0.122265
-0.122422
-0.122572
-0.122714
-0.12285
-0.122978
-0.1231
-0.123216
-0.123326
-0.123431
-0.123531
-0.123626
-0.123531
-0.123121
-0.122191
-0.121007
-0.1197
-0.118296
-0.116778
-0.115207
-0.113717
-0.112301
-0.110955
-0.109696
-0.108519
-0.107417
-0.106385
-0.105418
-0.104488
-0.103615
-0.102796
-0.102027
-0.101305
-0.100626
-0.099988
-0.099388
-0.098824
-0.098293
-0.097793
-0.09739
-0.097078
-0.096808
-0.096646
-0.096525
-0.096503
-0.096585
-0.096881
-0.097495
-0.098254
-0.099126
-0.100106
-0.101164
-0.102286
-0.103362
-0.104392
-0.105378
-0.106321
-0.107222
-0.108084
-0.108908
-0.109695
-0.110446
-0.111163
-0.111848
-0.112501
-0.113124
-0.113718
-0.114285
-0.114825
-0.115339
-0.11583
-0.116297
-0.116742
-0.117456
-0.1183
-0.119121
-0.119919
-0.120381
-0.120636
-0.120878
-0.121109
-0.121329
-0.121538
-0.121737
-0.121927
-0.122107
-0.122278
-0.122441
-0.122597
-0.122744
-0.122884
-0.123018
-0.123145
-0.123265
-0.12338
-0.123489
-0.123593
-0.123691
-0.123785
-0.123874
-0.123959
-0.124039
-0.124116
-0.124189
-0.124258
-0.124324
-0.124386
-0.124445
-0.124502
-0.124555
-0.124606
-0.124655
-0.124701
-0.124744
-0.124786
-0.124825
-0.124863
-0.124899
-0.124932
-0.124965
-0.124995
-0.125025
-0.125052
-0.125079
-0.125103
-0.125127
-0.125149
-0.125171
-0.125191
-0.12521
-0.125228
-0.125246
-0.125262
-0.124848
-0.124159
-0.123333
-0.12247
-0.121625
-0.120821
-0.120055
-0.119299
-0.118581
-0.117873
-0.117199
-0.116563
-0.116005
-0.117733
-0.11988
-0.12238
-0.125138
-0.128101
-0.131194
-0.134416
-0.137772
-0.140137
-0.139558
-0.138338
-0.137176
-0.136067
-0.13501
-0.134003
-0.133044
-0.13213
-0.13126
-0.130431
-0.129642
-0.128891
-0.128175
-0.127495
-0.126847
-0.126231
-0.125644
-0.125086
-0.124555
-0.12405
-0.123569
-0.123142
-0.125384
-0.128564
-0.132508
-0.136823
-0.141437
-0.14635
-0.151564
-0.157078
-0.162892
-0.169005
-0.175415
-0.182122
-0.189122
-0.196412
-0.203991
-0.211854
-0.219999
-0.22842
-0.237115
-0.246078
-0.255305
-0.26479
-0.274529
-0.284515
-0.294743
-0.305207
-0.315898
-0.326812
-0.33794
-0.349276
-0.360811
-0.372537
-0.384447
-0.39653
-0.408779
-0.421182
-0.433732
-0.446418
-0.459229
-0.472155
-0.485184
-0.498306
-0.511508
-0.52478
-0.538107
-0.551479
-0.564881
-0.57827
-0.591671
-0.60507
-0.618454
-0.631807
-0.645115
-0.658373
-0.671547
-0.68168
-0.685101
-0.684831
-0.684513
-0.684156
-0.683767
-0.683351
-0.682916
-0.682466
-0.682005
-0.681538
-0.681066
-0.680595
-0.680124
-0.679658
-0.679197
-0.679165
-0.679665
-0.680856
-0.682357
-0.684131
-0.686175
-0.688484
-0.691053
-0.693878
-0.696954
-0.700273
-0.703829
0.707616
0.709963
0.710164
0.70978
0.709381
0.708972
0.708556
0.708136
0.707715
0.707295
0.706878
0.706465
0.706058
0.705659
0.705267
0.704884
0.704511
0.704147
0.703794
0.703451
0.703119
0.702797
0.702487
0.702187
0.701898
0.701619
0.701351
0.701094
0.700846
0.700608
0.70038
0.700161
0.699951
0.69975
0.699557
0.699373
0.699197
0.699028
0.698867
0.698713
0.698565
0.698425
0.698291
0.698162
0.69804
0.697924
0.697812
0.697706
0.697605
0.697509
0.697417
0.697329
0.697246
0.697166
0.697091
0.697019
0.69695
0.696885
0.697145
0.698275
0.699942
0.702088
0.704423
0.706951
0.709674
0.712594
0.71571
0.719022
0.722528
0.726225
0.730108
0.734175
0.738419
0.742836
0.747418
0.75216
0.757054
0.762093
0.767267
0.772569
0.77799
0.78352
0.789149
0.794867
0.800665
0.806531
0.812453
0.817238
0.818108
0.818163
0.818165
0.818123
0.818066
0.81805
0.818156
0.81836
0.818663
0.819313
0.820472
0.821832
0.823363
0.824984
0.826702
0.82853
0.830475
0.832546
0.834748
0.837084
0.839557
0.842166
0.844911
0.84779
0.850801
0.853938
0.857199
0.860576
0.864065
0.867657
0.871345
0.875121
0.878977
0.882902
0.886889
0.890926
0.895003
0.899111
0.903237
0.906892
0.910205
0.91346
0.916698
0.919912
0.923048
0.925974
0.92846
0.930178
0.930303
0.930152
0.930099
0.930356
0.930846
0.931485
0.932312
0.933487
0.934901
0.936247
0.937355
0.938253
0.938968
0.939521
0.939933
0.940222
0.940403
0.940493
0.940502
0.940405
0.940094
0.939678
0.939277
0.938998
0.938838
0.938795
0.938866
0.939055
0.939363
0.939786
0.940316
0.940946
0.941667
0.942471
0.94335
0.944295
0.945295
0.946343
0.947427
0.948538
0.949665
0.950797
0.951925
0.953035
0.954119
0.955171
0.956201
0.957183
0.958041
0.958789
0.95944
0.960003
0.96049
0.960907
0.961263
0.961566
0.96182
0.962033
0.962208
0.96235
0.962463
0.962552
0.962618
0.962665
0.962695
0.962711
0.962714
0.962707
0.962669
0.962609
0.962544
0.96248
0.962426
0.962383
0.962358
0.962352
0.962372
0.962415
0.96248
0.962572
0.962687
0.962823
0.962977
0.963142
0.963314
0.963488
0.963656
0.963811
0.963947
0.964054
0.964126
0.964153
0.964125
0.964163
0.964485
0.965172
0.966192
0.967107
0.967928
0.968663
0.969322
0.969912
0.97044
0.970912
0.971335
0.971712
0.972049
0.97235
0.972618
0.972857
0.973069
0.973258
0.973426
0.973575
0.973707
0.973824
0.973927
0.974018
0.974098
0.974169
0.97423
0.974301
0.974395
0.974498
0.974572
0.974613
0.974624
0.97461
0.974574
0.974519
0.97445
0.974367
0.974273
0.974167
0.974046
0.973902
0.973731
0.973547
0.97335
0.973147
0.972934
0.972719
0.972502
0.972285
0.972061
0.972029
0.971988
0.971944
0.971891
0.97183
0.971763
0.971691
0.971614
0.971535
0.971454
0.97136
0.971266
0.971171
0.971077
0.970983
0.97089
0.970824
0.970758
0.970693
0.970628
0.970564
0.970502
0.97044
0.97038
0.970322
0.970265
0.97021
0.970157
0.970105
0.970054
0.970006
0.969959
0.969914
0.969871
0.969829
0.969789
0.96975
0.969713
0.969815
0.969823
0.970036
0.970386
0.970851
0.971313
0.971724
0.97209
0.972416
0.972704
0.97296
0.973187
0.973388
0.973523
0.973365
0.972918
0.972098
0.971226
0.970303
0.96933
0.968308
0.967235
0.966109
0.964928
0.963687
0.962384
0.961012
0.959567
0.958044
0.956435
0.954734
0.952935
0.951029
0.949009
0.946867
0.944594
0.942183
0.939624
0.936909
0.934028
0.930973
0.927733
0.924301
0.920665
0.916817
0.912748
0.908447
0.903906
0.899114
0.894063
0.888744
0.883147
0.877262
0.871082
0.864597
0.857799
0.85068
0.84323
0.835443
0.82731
0.818825
0.809979
0.800767
0.791182
0.781216
0.770866
0.760125
0.748989
0.737452
0.727442
0.725621
0.728338
0.730938
0.733346
0.735578
0.737648
0.739569
0.741353
0.74301
0.744551
0.745984
0.746757
0.746793
0.74584
0.744085
0.741967
0.739593
0.736964
0.734081
0.730943
0.72755
0.7239
0.719994
0.715829
0.712045
0.710911
0.7129
0.714749
0.716469
0.718068
0.719558
0.720945
0.722239
0.723445
0.724434
0.724394
0.723634
0.722007
0.719813
0.717351
0.714623
0.711629
0.708371
0.704848
0.70106
0.697006
0.692686
0.688099
0.683241
0.678111
0.672708
0.667028
0.66107
0.654829
-0.648304
-0.644047
-0.642765
-0.644961
-0.647006
-0.648911
-0.650687
-0.652343
-0.653888
-0.655331
-0.656679
-0.657939
-0.659118
-0.66022
-0.661252
-0.662219
-0.663125
-0.663975
-0.664772
-0.66552
-0.666222
-0.666882
-0.667501
-0.668084
-0.668632
-0.669148
-0.669633
-0.67009
-0.670521
-0.670926
-0.671309
-0.671616
-0.671845
-0.67202
-0.672186
-0.672343
-0.672492
-0.672612
-0.672605
-0.672354
-0.671786
-0.671095
-0.67053
-0.669922
-0.669338
-0.668777
-0.668218
-0.667682
-0.667146
-0.666564
-0.666002
-0.665465
-0.664949
-0.664456
-0.663962
-0.663514
-0.66306
-0.662626
-0.662212
-0.661815
-0.661437
-0.661203
-0.661127
-0.66145
-0.662072
-0.662985
-0.663841
-0.664644
-0.665398
-0.666106
-0.666771
-0.667396
-0.667984
-0.668537
-0.669057
-0.669547
-0.670576
-0.672615
-0.675189
-0.678165
-0.681275
-0.684527
-0.687931
-0.69149
-0.695209
0.699092
0.703139
0.707351
0.711727
0.716264
0.720961
0.725813
0.730816
0.735965
0.741255
0.746678
0.752228
0.757898
0.763679
0.769564
0.775543
0.781607
0.787747
0.793952
0.800212
0.806516
0.812854
0.819214
0.825585
0.831954
0.838309
0.844639
0.850931
0.857171
0.863347
0.869446
0.875453
0.881357
0.887142
0.892796
0.898304
0.903653
0.908828
0.913143
0.915538
0.9164
0.917146
0.917789
0.918338
0.918806
0.919202
0.919533
0.919808
0.920033
0.920214
0.920357
0.920448
0.920478
0.920582
0.920808
0.921154
0.92162
0.922201
0.922893
0.923693
0.924596
0.925595
0.926685
0.927859
0.92911
0.93043
0.931812
0.933247
0.934726
0.936241
0.937781
0.939338
0.940901
0.942459
0.944003
0.945522
0.947004
0.948439
0.949815
0.95112
0.952343
0.953473
0.954497
0.955402
0.956178
0.956811
0.95729
0.957602
0.957735
0.957676
0.957413
0.956934
0.956226
0.955276
0.954074
0.953763
0.955137
0.957006
0.958699
0.960232
0.961619
0.962877
0.964015
0.965046
0.965981
0.966828
0.967595
0.968291
0.968921
0.969493
0.970011
0.970499
0.971004
0.971556
0.972092
0.972605
0.973081
0.973513
0.973911
0.974286
0.974606
0.975071
0.975486
0.97585
0.976193
0.97647
0.976708
0.976908
0.977067
0.977189
0.977259
0.977285
0.977271
0.977225
0.97715
0.977052
0.976934
0.976799
0.976651
0.976445
0.976302
0.97638
0.976498
0.976594
0.976669
0.976727
0.97677
0.976799
0.976817
0.976825
0.976824
0.976816
0.976801
0.976781
0.976757
0.976729
0.976698
0.976665
0.976629
0.976592
0.976554
0.976516
0.976476
0.976437
0.976398
0.976359
0.97632
0.976282
0.976244
0.976207
0.976171
0.976135
0.976101
0.976068
0.976035
0.976004
0.975974
0.975947
0.975918
0.975888
0.975856
0.975823
0.975789
0.975755
0.97572
0.975685
0.975651
0.975629
0.975612
0.975596
0.975581
0.975567
0.975553
0.97554
0.975527
0.975515
0.975504
0.975493
0.975483
0.975474
0.975464
0.975456
0.975447
0.97544
0.975432
0.975425
0.975418
0.975412
0.975406
0.9754
0.975394
0.975389
0.975384
0.975385
0.975386
0.975387
0.975387
0.975387
0.975387
0.975387
0.975386
0.975386
0.975385
0.975384
0.975383
0.975381
0.97538
0.975379
0.975378
0.975376
0.975375
0.975374
0.975372
0.975371
0.97537
0.975368
0.975367
0.975366
0.975365
0.975363
0.975362
0.975361
0.97536
0.975359
0.975358
0.975357
0.975355
0.975354
0.975352
0.975351
0.975349
0.975347
0.975345
0.975344
0.975342
0.97534
0.975338
0.975336
0.975335
0.975333
0.975331
0.975329
0.975328
0.975326
0.975325
0.975323
0.975322
0.975328
0.975338
0.975343
0.975336
0.97531
0.975258
0.97518
0.975294
0.975414
0.975607
0.975774
0.975903
0.975961
0.975966
0.975978
0.975993
0.976023
0.976004
0.975942
0.975886
0.975835
0.975753
0.975684
0.975629
0.975609
0.97564
0.975686
0.975786
0.975898
0.976087
0.976275
0.976441
0.976569
0.976659
0.97671
0.976719
0.976684
0.9766
0.976464
0.97627
0.976013
0.9757
0.975311
0.974836
0.974271
0.973605
0.972831
0.971941
0.970964
0.969916
0.968876
0.967692
0.966343
0.964807
0.963089
0.961166
0.95903
0.956672
0.954082
0.951252
0.948949
0.948031
0.948144
0.948247
0.948171
0.948132
0.948093
0.948708
0.949745
0.950773
0.951652
0.952398
0.953025
0.953549
0.954103
0.954787
0.95567
0.956634
0.957585
0.958449
0.959189
0.959823
0.960611
0.961515
0.962447
0.963389
0.96426
0.965076
0.965849
0.96659
0.967306
0.968004
0.968686
0.969357
0.970016
0.970663
0.971296
0.971913
0.97251
0.973081
0.973639
0.974189
0.974694
0.975164
0.975572
0.97591
0.976171
0.976344
0.97642
0.976205
0.97579
0.975182
0.974366
0.973387
0.972252
0.971952
0.972674
0.973448
0.974126
0.974716
0.975231
0.975676
0.976062
0.976393
0.976676
0.976916
0.977119
0.977289
0.97743
0.977545
0.977637
0.977709
0.977764
0.977804
0.977831
0.977846
0.977851
0.977848
0.977837
0.97782
0.977798
0.977772
0.977742
0.977709
0.977674
0.977637
0.977599
0.977538
0.977403
0.977187
0.976831
0.976368
0.975788
0.975151
0.97446
0.973717
0.973127
0.972909
0.973075
0.973389
0.973671
0.973925
0.974152
0.974356
0.974539
0.974703
0.97485
0.974982
0.9751
0.975205
0.975299
0.975384
0.975459
0.975446
0.975216
0.974795
0.974247
0.973615
0.972925
0.972181
0.971382
0.970531
0.969625
0.968663
0.967642
0.96656
0.965411
0.964193
0.962898
0.961521
0.960057
0.958497
0.956836
0.955065
0.954541
0.955554
0.956711
0.957764
0.958723
0.959597
0.960392
0.961118
0.961779
0.962382
0.962933
0.963436
0.963895
0.964314
0.964698
0.965048
0.965369
0.965663
0.965932
0.966179
0.966405
0.966613
0.966803
0.966978
0.967139
0.967287
0.967423
0.967549
0.967664
0.967771
0.967869
0.96796
0.968044
0.968121
0.968193
0.968259
0.968321
0.968378
0.968431
0.968479
0.968525
0.968567
0.968607
0.968643
0.968677
0.968709
0.968738
0.968766
0.968792
0.968816
0.968838
0.968859
0.968893
0.969006
0.969127
0.969433
0.969764
0.970155
0.970628
0.971122
0.971657
0.97219
0.972704
0.973201
0.973683
0.974131
0.974525
0.974886
0.975194
0.975451
0.975654
0.975803
0.975893
0.975922
0.975884
0.975774
0.975843
0.97588
0.975722
0.975783
0.975855
0.976238
0.97668
0.977055
0.977371
0.977635
0.977852
0.978029
0.97817
0.97828
0.978363
0.978422
0.97846
0.978493
0.978722
0.979048
0.97936
0.979729
0.979926
0.979967
0.979846
0.979575
0.979164
0.978647
0.978026
0.977308
0.976492
0.975559
0.974509
0.973342
0.972058
0.970652
0.969123
0.967467
0.965678
0.963751
0.961681
0.959507
0.957173
0.954698
0.952048
0.949215
0.946191
0.942968
0.939537
0.935889
0.932015
0.927906
0.923577
0.918994
0.914147
0.909029
0.903628
0.897938
0.891947
0.885648
0.879032
0.872091
0.865842
0.861328
0.859544
0.860631
0.861647
0.862598
0.863487
0.864116
0.864897
0.865676
0.866538
0.867514
0.868531
0.869416
0.870228
0.870972
0.871655
0.872716
0.87402
0.87607
0.878397
0.880731
0.883023
0.885292
0.88755
0.889812
0.892085
0.894379
0.896699
0.8992
0.90174
0.904338
0.907007
0.909726
0.91249
0.915329
0.918232
0.921159
0.924104
0.927043
0.929988
0.932913
0.935828
0.938694
0.941504
0.944252
0.946942
0.949552
0.952074
0.954496
0.956809
0.959003
0.961067
0.96299
0.96476
0.966366
0.967796
0.969037
0.970078
0.970907
0.97151
0.971875
0.97199
0.971842
0.971419
0.970708
0.969697
0.968373
0.966583
0.964384
0.961669
0.958478
0.954834
0.950747
0.946243
0.941315
0.935976
0.930193
0.92398
0.91733
0.912197
0.910537
0.91033
0.910741
0.911791
0.912755
0.913664
0.914685
0.915848
0.916985
0.918021
0.918965
0.919826
0.920612
0.921329
0.921984
0.922582
0.923604
0.925052
0.926592
0.928083
0.929429
0.930631
0.931703
0.932659
0.933426
0.933867
0.93408
0.934165
0.934195
0.934188
0.934176
0.933901
0.933532
0.933138
0.932723
0.932287
0.931853
0.931421
0.930977
0.930534
0.930077
0.929605
0.929133
0.928642
0.928132
0.927564
0.926896
0.926134
0.92527
0.92458
0.923845
0.923019
0.922011
0.920736
0.919152
0.917258
0.915077
0.913139
0.911541
0.910397
0.909732
0.909365
0.909133
0.908901
0.908671
0.908443
0.908046
0.9075
0.906844
0.906054
0.904844
0.903726
0.902168
0.8993
0.895875
0.892241
0.888445
0.88597
0.884881
0.885177
0.886114
0.88697
0.887616
0.887743
0.887269
0.886217
0.884625
0.882732
0.880677
0.878461
0.876082
0.873539
0.870829
0.86795
0.8649
0.861673
0.858266
0.854676
0.850896
0.846923
0.842751
0.838374
0.833787
0.828984
0.823959
0.818705
0.813216
0.807487
0.80151
0.795279
0.788788
0.78203
0.774999
0.767689
0.760093
0.752206
0.74402
0.735531
0.726732
0.717619
0.708184
0.698424
0.688334
0.677908
0.667142
0.658143
0.652665
0.655378
0.65934
0.663295
0.66711
0.670649
0.673904
0.676873
0.679583
0.682082
0.684362
0.686445
0.688468
0.69041
0.69227
0.694048
0.695724
0.697336
0.698892
0.700402
0.701894
0.703261
0.704474
0.705536
0.706465
0.707273
0.707804
0.708175
0.708358
0.708251
0.707927
0.707506
0.707076
0.706646
0.70607
0.705412
0.704682
0.703868
0.702921
0.701856
0.700631
0.699245
0.697762
0.696441
0.695989
0.695816
0.695405
0.694835
0.694199
0.693533
0.692837
0.692107
0.691399
0.690713
0.690069
0.689427
0.688789
0.688153
0.687521
0.686912
0.686325
0.685761
0.685218
0.684697
0.684197
0.683717
0.683257
0.682817
0.682394
0.68199
0.681603
0.681233
0.680847
0.680507
0.679394
0.677656
-0.675334
-0.672516
-0.669411
-0.666021
-0.662347
-0.658392
-0.654157
-0.649641
-0.644846
-0.639769
-0.636464
-0.635291
-0.636404
-0.637901
-0.6393
-0.64061
-0.641835
-0.642983
-0.644059
-0.645067
-0.646013
-0.646789
-0.64675
-0.64553
-0.643579
-0.641088
-0.638295
-0.635204
-0.631817
-0.628137
-0.624163
-0.619897
-0.615339
-0.610488
-0.605346
-0.599911
-0.594182
-0.588157
-0.581836
-0.575217
-0.568298
-0.561077
-0.553553
-0.545723
-0.53872
-0.532166
-0.526106
-0.520808
-0.516441
-0.512924
-0.509794
-0.507178
-0.504724
-0.502436
-0.500074
-0.497759
-0.495506
-0.493308
-0.49105
-0.488734
-0.486364
-0.483942
-0.48147
-0.478952
-0.476387
-0.47378
-0.471131
-0.468443
-0.465717
-0.462954
-0.459009
-0.452949
-0.444412
-0.434332
-0.423175
-0.411319
-0.399018
-0.38642
-0.373526
-0.360336
-0.351103
-0.349018
-0.350751
-0.352382
-0.353917
-0.355363
-0.356725
-0.358008
-0.359218
-0.360359
-0.361434
-0.36245
-0.363407
-0.364312
-0.365183
-0.36616
-0.367309
-0.368912
-0.370665
-0.372413
-0.374032
-0.375532
-0.376719
-0.377467
-0.378015
-0.378323
-0.378434
-0.378529
-0.37862
-0.378707
-0.378789
-0.378868
-0.378943
-0.379015
-0.378838
-0.377536
-0.375392
-0.37253
-0.369135
-0.365338
-0.361185
-0.356681
-0.351831
-0.346637
-0.341103
-0.335231
-0.329025
-0.322486
-0.315617
-0.308418
-0.300893
-0.293042
-0.284868
-0.276372
-0.267554
-0.258417
-0.248963
-0.239192
-0.229106
-0.218706
-0.207995
-0.196974
-0.185646
-0.174011
-0.162075
-0.149838
-0.137303
-0.124475
-0.111356
-0.09795
-0.084261
-0.070293
-0.056051
-0.04154
-0.026765
-0.011731
0.003554
0.019086
0.034857
0.046424
0.051994
0.052545
0.050649
0.048842
0.047123
0.045486
0.043928
0.042445
0.041034
0.039692
0.038416
0.037201
0.036046
0.035604
0.036179
0.037805
0.040273
0.043136
0.046388
0.050028
0.054049
0.058449
0.063222
0.068365
0.073873
0.079742
0.083839
0.085412
0.083966
0.082505
0.081113
0.079788
0.078525
0.077323
0.076179
0.07509
0.074053
0.073066
0.072127
0.071234
0.070385
0.069576
0.068807
0.068076
0.06738
0.066719
0.06609
0.065492
0.064923
0.064382
0.063868
0.06338
0.062915
0.062473
0.062053
0.061655
0.061275
0.060915
0.060573
0.060247
0.059938
0.059644
0.059364
0.059099
0.058846
0.058607
0.058379
0.058162
0.057957
0.057761
0.057575
0.057399
0.057231
0.057072
0.056921
0.056777
0.05664
0.056511
0.056387
0.05627
0.056159
0.056053
0.055953
0.055857
0.055766
0.05568
0.055599
0.055521
0.055447
0.055377
0.05531
0.055247
0.055187
0.05513
0.055076
0.055024
0.054975
0.054761
0.053414
0.051236
0.047973
0.044284
0.040243
0.035852
0.031114
0.02603
0.020604
0.014838
0.008736
0.002299
-0.00447
-0.007515
-0.0079
-0.006845
-0.005841
-0.004889
-0.003983
-0.003123
-0.002305
-0.001529
-0.000791
-0.00009
0.000576
0.001208
0.001809
0.00238
0.002923
0.003438
0.003927
0.004393
0.004834
0.005254
0.005653
0.006031
0.006391
0.006733
0.007057
0.007366
0.007659
0.007937
0.008202
0.008453
0.008692
0.008919
0.009134
0.009339
0.009533
0.009718
0.009893
0.01006
0.010218
0.010369
0.010512
0.010647
0.010777
0.010899
0.011016
0.011126
0.011231
0.011331
0.011427
0.011516
0.011602
0.011684
0.011761
0.011834
0.011904
0.011971
0.012034
0.012094
0.012151
0.012205
0.012256
0.012305
0.012351
0.012395
0.012437
0.012477
0.012515
0.012551
0.012585
0.012617
0.012648
0.012678
0.012705
0.012732
0.012757
0.012781
0.012804
0.012825
0.012846
0.012865
0.012884
0.012902
0.012919
0.012935
0.01295
0.012964
0.012978
0.012991
0.013003
0.013015
0.013026
0.013037
0.013047
0.013057
0.013066
0.013075
0.013083
0.013091
0.013098
0.013105
0.013112
0.013118
0.013125
0.01313
0.013136
0.013141
0.013146
0.013151
0.013156
0.01316
0.013164
0.013168
0.013172
0.013176
0.013179
0.013183
0.013186
0.013189
0.013192
0.013194
0.013197
0.013199
0.013201
0.013204
0.013206
0.013272
0.013334
0.013393
0.01345
0.013504
0.013555
0.013603
0.013673
0.013739
0.013802
0.013861
0.013918
0.013972
0.014023
0.014072
0.014118
0.014162
0.014204
0.014244
0.014282
0.014317
0.014351
0.014384
0.014415
0.014444
0.014471
0.014524
0.014574
0.014621
0.014666
0.014708
0.014749
0.014787
0.014824
0.014859
0.014892
0.014923
0.014953
0.014982
0.015009
0.015034
0.015059
0.015082
0.015104
0.015125
0.015145
0.015163
0.015181
0.015199
0.015215
0.01523
0.015245
0.015259
0.015272
0.015334
0.015466
0.015642
0.015858
0.016086
0.016353
0.016633
0.016971
0.017441
0.01797
0.018541
0.019101
0.019698
0.020301
0.020915
0.021511
0.022071
0.022597
0.02309
0.023555
0.02376
0.023682
0.02334
0.022864
0.022408
0.021974
0.021558
0.021161
0.020783
0.020422
0.020078
0.019749
0.019436
0.019137
0.018852
0.018493
0.017769
0.016611
0.015257
0.013704
0.01207
0.010306
0.008399
0.006336
0.003962
0.001489
-0.001082
-0.001983
-0.001708
-0.001361
-0.001032
-0.000719
-0.00042
-0.000137
0.000133
0.000389
0.000633
0.000865
0.001086
0.001295
0.001495
0.001684
0.001864
0.002036
0.002199
0.002354
0.002501
0.002641
0.002774
0.002683
0.001197
-0.001025
-0.004146
-0.007737
-0.011684
-0.015542
-0.018412
-0.018674
-0.017992
-0.017343
-0.016727
-0.016141
-0.015584
-0.015055
-0.014552
-0.014074
-0.01362
-0.013188
-0.012778
-0.012388
-0.012017
-0.011665
-0.011331
-0.011013
-0.010711
-0.010424
-0.010151
-0.009892
-0.009646
-0.009411
-0.009189
-0.008978
-0.008777
-0.008586
-0.008405
-0.008233
-0.008069
-0.007914
-0.007766
-0.007625
-0.007492
-0.007365
-0.007245
-0.00713
-0.007022
-0.006919
-0.00682
-0.006727
-0.006638
-0.006554
-0.006474
-0.006398
-0.006326
-0.006257
-0.006192
-0.00613
-0.006071
-0.006015
-0.005962
-0.005912
-0.005863
-0.005818
-0.005774
-0.005733
-0.005694
-0.005657
-0.005621
-0.005588
-0.005556
-0.005525
-0.005497
-0.005469
-0.005443
-0.005418
-0.005395
-0.005372
-0.005351
-0.005331
-0.005311
-0.005293
-0.005276
-0.005259
-0.005244
-0.005229
-0.005214
-0.005201
-0.005188
-0.005176
-0.005164
-0.005153
-0.005143
-0.005133
-0.005123
-0.005114
-0.005106
-0.005097
-0.00509
-0.005082
-0.005075
-0.005068
-0.005062
-0.005056
-0.00505
-0.005045
-0.00504
-0.005035
-0.00503
-0.005026
-0.005021
-0.005017
-0.005013
-0.00501
-0.005006
-0.005002
-0.004999
-0.004996
-0.004993
-0.00499
-0.004987
-0.005075
-0.005578
-0.006807
-0.00852
-0.01094
-0.013805
-0.016993
-0.020422
-0.024092
-0.027073
-0.029361
-0.029658
-0.029025
-0.028423
-0.027852
-0.027308
-0.026791
-0.026301
-0.025834
-0.025391
-0.02497
-0.02457
-0.024189
-0.023828
-0.023485
-0.02416
-0.025542
-0.027626
-0.030002
-0.032599
-0.035417
-0.038455
-0.041711
-0.045185
-0.048875
-0.05278
-0.056899
-0.061229
-0.065771
-0.070521
-0.075478
-0.08064
-0.086006
-0.091573
-0.097339
-0.103302
-0.109459
-0.11581
-0.12235
-0.129078
-0.135991
-0.143087
-0.150362
-0.153953
-0.154492
-0.153138
-0.151845
-0.150611
-0.149432
-0.148308
-0.147236
-0.146213
-0.145239
-0.144309
-0.143424
-0.14258
-0.141776
-0.14101
-0.140281
-0.139587
-0.138926
-0.138296
-0.137697
-0.137127
-0.136584
-0.136068
-0.135576
-0.135109
-0.134665
-0.134303
-0.13396
-0.133633
-0.133323
-0.133028
-0.132747
-0.13248
-0.132226
-0.131985
-0.131755
-0.131537
-0.13133
-0.131133
-0.130812
-0.130067
-0.129111
-0.127983
-0.126679
-0.125301
-0.123977
-0.122748
-0.121603
-0.120535
-0.119538
-0.118856
-0.118438
-0.11859
-0.118998
-0.119388
-0.119968
-0.121682
-0.12418
-0.127589
-0.131441
-0.135628
-0.140148
-0.144998
-0.150176
-0.155679
-0.161504
-0.167647
-0.174106
-0.180875
-0.187952
-0.195332
-0.20301
-0.210983
-0.219244
-0.227791
-0.236616
-0.245715
-0.255083
-0.264713
-0.273652
-0.282797
-0.292145
-0.301688
-0.311423
-0.321343
-0.331443
-0.341716
-0.352157
-0.362614
-0.37253
-0.381877
-0.390762
-0.399033
-0.404403
-0.406168
-0.405105
-0.40407
-0.403066
-0.402093
-0.401151
-0.40024
-0.399361
-0.398513
-0.397696
-0.39691
-0.396154
-0.395427
-0.394728
-0.394058
-0.393416
-0.3928
-0.392209
-0.391644
-0.391103
-0.391342
-0.392444
-0.39401
-0.39585
-0.397906
-0.400177
-0.402661
-0.405357
-0.408262
-0.411376
-0.414695
-0.418218
-0.421942
-0.425863
-0.429447
-0.432563
-0.434822
-0.435211
-0.434363
-0.433543
-0.432753
-0.431992
-0.431258
-0.430553
-0.429875
-0.429224
-0.428598
-0.427999
-0.427424
-0.426873
-0.426345
-0.42584
-0.425357
-0.424894
-0.424692
-0.425122
-0.426053
-0.42754
-0.429364
-0.431422
-0.433677
-0.436131
-0.438782
-0.441628
-0.444668
-0.448011
-0.45167
-0.455659
-0.459864
-0.462772
-0.463896
-0.463102
-0.462335
-0.461594
-0.460879
-0.46019
-0.459527
-0.458889
-0.458276
-0.457688
-0.457123
-0.456581
-0.456061
-0.455564
-0.455087
-0.454631
-0.454195
-0.453777
-0.453378
-0.452997
-0.452633
-0.452254
-0.451831
-0.451426
-0.45104
-0.450651
-0.450259
-0.45092
-0.45227
-0.454301
-0.457006
-0.460035
-0.463355
-0.466967
-0.470868
-0.475056
-0.479529
-0.484283
-0.489314
-0.493886
-0.496439
-0.495546
-0.494677
-0.493833
-0.493015
-0.492224
-0.491459
-0.490721
-0.490008
-0.489322
-0.488818
-0.488335
-0.487871
-0.487428
-0.487003
-0.486596
-0.486207
-0.485835
-0.485479
-0.485372
-0.485966
-0.487273
-0.488809
-0.4905
-0.492345
-0.494386
-0.496587
-0.498947
-0.501466
-0.504142
-0.506976
-0.509964
-0.513106
-0.5164
-0.519843
-0.523434
-0.52717
-0.531049
-0.535068
-0.539225
-0.543517
-0.54794
-0.552493
-0.557171
-0.561972
-0.566892
-0.571927
-0.577075
-0.582332
-0.587951
-0.593941
-0.600949
-0.60837
-0.61631
-0.624488
-0.63281
-0.641264
-0.649841
-0.658532
-0.667324
-0.676208
-0.685171
-0.690328
-0.690799
-0.690407
-0.689993
-0.689561
-0.689117
-0.688664
-0.688206
-0.687745
-0.687285
-0.686828
-0.686375
-0.685989
-0.686243
-0.687099
-0.688439
-0.690049
-0.691926
-0.694067
-0.696467
-0.699123
-0.702028
0.705176
0.708563
0.71218
0.716022
0.72008
0.724346
0.728813
0.733472
0.738313
0.743329
0.748509
0.753843
0.759322
0.764935
0.770671
0.77652
0.782471
0.788512
0.794631
0.800817
0.807058
0.81334
0.819653
0.825983
0.832316
0.838641
0.844944
0.851211
0.857429
0.863584
0.869662
0.875649
0.881531
0.887294
0.892924
0.898405
0.903725
0.908867
0.913818
0.918563
0.923087
0.927376
0.931416
0.935191
0.938688
0.941891
0.944788
0.947362
0.949602
0.951492
0.95302
0.95417
0.954931
0.955289
0.955232
0.954746
0.95382
0.952844
0.952248
0.953419
0.955449
0.957286
0.958949
0.960456
0.96182
0.963056
0.964175
0.965189
0.966108
0.96694
0.967695
0.968399
0.969087
0.969792
0.970477
0.971179
0.971824
0.972592
0.973281
0.973925
0.974507
0.975024
0.975477
0.975874
0.976219
0.976519
0.976779
0.977003
0.977195
0.977358
0.977497
0.977614
0.977711
0.97779
0.977855
0.977906
0.977946
0.977975
0.977995
0.978008
0.978014
0.978014
0.97801
0.978001
0.977988
0.977973
0.977955
0.977934
0.977913
0.97789
0.977866
0.977841
0.977816
0.97779
0.977764
0.977738
0.977712
0.977687
0.97771
0.9778
0.977791
0.977752
0.977706
0.977676
0.977661
0.977648
0.977626
0.977592
0.977545
0.977486
0.977418
0.977333
0.977245
0.977156
0.977071
0.976989
0.976911
0.976835
0.976763
0.976693
0.976627
0.976563
0.976501
0.976443
0.976387
0.976333
0.976281
0.976228
0.976172
0.976111
0.976042
0.976183
0.976305
0.976435
0.97655
0.976652
0.976742
0.976822
0.976892
0.976954
0.977008
0.977056
0.977097
0.977134
0.977165
0.977045
0.976923
0.976806
0.976695
0.976599
0.976518
0.976443
0.976404
0.976373
0.976341
0.976308
0.976274
0.976241
0.976207
0.976174
0.976141
0.976108
0.976075
0.976044
0.976013
0.975982
0.975953
0.975924
0.975896
0.975869
0.975842
0.975817
0.975792
0.975769
0.975746
0.975724
0.975703
0.975682
0.975663
0.975644
0.975626
0.975609
0.975592
0.975576
0.975561
0.975547
0.975533
0.975519
0.975507
0.975494
0.975483
0.975472
0.975461
0.975451
0.975441
0.975432
0.975423
0.975415
0.975407
0.975399
0.975392
0.975385
0.975379
0.975372
0.975366
0.975361
0.975355
0.97535
0.975345
0.97534
0.975336
0.975332
0.975328
0.975324
0.97532
0.975317
0.975313
0.97531
0.975307
0.975304
0.975302
0.975299
0.975297
0.975294
0.975292
0.97529
0.975288
0.975286
0.975284
0.975283
0.975281
0.975279
0.975278
0.975276
0.975275
0.975274
0.975273
0.975272
0.97527
0.975269
0.975268
0.975267
0.975266
0.975266
0.975265
0.975264
0.975263
0.975263
0.975262
0.975261
0.975261
0.97526
0.97526
0.975259
0.975259
0.975258
0.975258
0.975257
0.975257
0.975257
0.975256
0.975256
0.975255
0.975255
0.975255
0.975255
0.975254
0.975254
0.975254
0.975254
0.975253
0.975253
0.975253
0.975253
0.975253
0.975252
0.975252
0.975268
0.975291
0.975311
0.97532
0.975319
0.975311
0.975295
0.975264
0.975202
0.975071
0.974863
0.974579
0.974237
0.973841
0.973391
0.972889
0.972333
0.971721
0.971052
0.97032
0.969523
0.968655
0.967711
0.966684
0.965568
0.964355
0.963038
0.961609
0.960059
0.958732
0.957894
0.958397
0.95969
0.960876
0.961948
0.962933
0.963823
0.964626
0.965352
0.966007
0.966245
0.965952
0.965374
0.964529
0.96361
0.962633
0.961597
0.960501
0.959343
0.958119
0.956826
0.955459
0.954015
0.952488
0.950871
0.94916
0.947347
0.945425
0.943388
0.941228
0.938937
0.936506
0.933929
0.931195
0.928298
0.925227
0.921974
0.91853
0.914886
0.911034
0.906962
0.902928
0.898879
0.894713
0.890321
0.885754
0.88094
0.87587
0.870504
0.864806
0.858767
0.852383
0.845673
0.838603
0.831197
0.823416
0.815255
0.806709
0.797482
0.787756
0.777558
0.766856
0.755707
0.743987
0.731789
0.719141
0.706102
0.692638
0.678778
0.664521
-0.649864
-0.634806
-0.619345
-0.605865
-0.595881
-0.594817
-0.597219
-0.599459
-0.601549
-0.6035
-0.605323
-0.607026
-0.608619
-0.610109
-0.611504
-0.61281
-0.614034
-0.615182
-0.616258
-0.617583
-0.618992
-0.620672
-0.622407
-0.624121
-0.625833
-0.627514
-0.629104
-0.630588
-0.631957
-0.63322
-0.634387
-0.635465
-0.636484
-0.637428
-0.638304
-0.639117
-0.639873
-0.640577
-0.641234
-0.641846
-0.642419
-0.642846
-0.643237
-0.643468
-0.64363
-0.643713
-0.643748
-0.643726
-0.643647
-0.643565
-0.64355
-0.643687
-0.644132
-0.644768
-0.645689
-0.646736
-0.647884
-0.649139
-0.65054
-0.652056
-0.65373
-0.655491
-0.657338
-0.65927
-0.661285
-0.663383
-0.665561
-0.66782
-0.670156
-0.67257
-0.675058
-0.67762
-0.680255
-0.682959
-0.685733
-0.688574
-0.691479
-0.694448
-0.697479
-0.70057
0.703718
0.706923
0.710182
0.713493
0.716854
0.720263
0.723719
0.727219
0.730761
0.734344
0.737964
0.741621
0.745312
0.749034
0.752787
0.756567
0.760373
0.764203
0.768054
0.771925
0.775813
0.779715
0.783044
0.786094
0.788203
0.78901
0.788764
0.788505
0.788237
0.787962
0.787683
0.787401
0.787119
0.786784
0.786339
0.785825
0.785286
0.784734
0.784169
0.783573
0.783111
0.782605
0.782111
0.781611
0.781115
0.780625
0.780142
0.779655
0.779176
0.778709
0.778253
0.77781
0.777379
0.776961
0.776556
0.776164
0.775785
0.77542
0.775067
0.774728
0.774401
0.774087
0.773786
0.773496
0.773218
0.772951
0.772695
0.77245
0.772216
0.772053
0.771948
0.771922
0.771975
0.77226
0.772657
0.773027
0.773374
0.773699
0.774004
0.774289
0.774557
0.774809
0.775045
0.775266
0.775475
0.775671
0.775855
0.776028
0.776192
0.776345
0.77649
0.776627
0.776755
0.776877
0.776991
0.777099
0.777201
0.777297
0.777388
0.777474
0.777555
0.777631
0.777704
0.777772
0.777837
0.777899
0.777957
0.778012
0.778064
0.778113
0.77816
0.778204
0.778246
0.778285
0.778323
0.778359
0.778392
0.778424
0.7784
0.778237
0.777988
0.777718
0.777426
0.777129
0.776844
0.77657
0.776308
0.77604
0.775783
0.775537
0.775302
0.775077
0.774861
0.774655
0.774458
0.774269
0.774089
0.773917
0.773753
0.773596
0.773447
0.773304
0.773168
0.773039
0.772915
0.772798
0.772685
0.772541
0.772347
0.77197
0.771729
0.771429
0.771146
0.770831
0.770546
0.770269
0.77
0.769739
0.769487
0.769243
0.769008
0.768781
0.768562
0.768352
0.76815
0.767955
0.768012
0.767962
0.767953
0.768007
0.768116
0.768214
0.768346
0.768468
0.768583
0.76869
0.768792
0.768907
0.769015
0.769117
0.769213
0.769304
0.769388
0.769469
0.769544
0.769616
0.769683
0.769746
0.769806
0.769862
0.769916
0.769966
0.770014
0.77008
0.770143
0.770203
0.770259
0.770312
0.770362
0.77041
0.770455
0.770498
0.770538
0.770576
0.770613
0.770487
0.770326
0.770133
0.770116
0.770084
0.770033
0.769991
0.769891
0.769755
0.769638
0.76949
0.769296
0.769091
0.768892
0.768699
0.768492
0.768292
0.768099
0.767914
0.767735
0.767563
0.767398
0.767239
0.767086
0.766963
0.766825
0.766669
0.76652
0.766376
0.766239
0.766107
0.765981
0.76586
0.765713
0.765734
0.765868
0.766105
0.766412
0.766882
0.767613
0.768328
0.768993
0.769612
0.770189
0.770726
0.771228
0.771696
0.772133
0.772541
0.772923
0.77328
0.773614
0.773927
0.774221
0.774496
0.774754
0.774996
0.775223
0.775436
0.775636
0.775825
0.776002
0.776169
0.776326
0.776474
0.776613
0.776744
0.776868
0.776985
0.777095
0.777198
0.777296
0.777389
0.777476
0.777559
0.777637
0.77771
0.77778
0.777846
0.777908
0.777967
0.778023
0.778076
0.778126
0.778173
0.778218
