0.707107
0.707065
0.706947
0.706764
0.706528
0.706246
0.705926
0.705576
0.705201
0.704807
0.704399
0.70398
0.703555
0.703125
0.702694
0.702265
0.701838
0.701417
0.701001
0.700593
0.700193
0.699802
0.69942
0.699049
0.698688
0.698338
0.697999
0.697671
0.697354
0.697048
0.696753
0.696469
0.696195
0.695932
0.695679
0.695437
0.695204
0.69498
0.694766
0.694561
0.694365
0.694177
0.693997
0.693825
0.69366
0.693503
0.693353
0.69321
0.693073
0.692942
0.692818
0.692699
0.692585
0.692477
0.692374
0.692275
0.692182
0.692092
0.692007
0.691926
0.691849
0.691776
0.691706
0.691639
0.691576
0.691515
0.691458
0.691403
0.691351
0.691301
0.691254
0.691209
0.691167
0.691126
0.691088
0.691051
0.691016
0.690983
0.690951
0.690921
0.690893
0.690866
0.69084
0.690815
0.690792
0.69077
0.690749
0.690729
0.69071
0.690692
0.690674
0.690658
0.690642
0.690628
0.690614
0.6906
0.690588
0.690576
0.690564
0.690553
0.690543
0.690533
0.690524
0.690515
0.690506
0.690498
0.690491
0.690484
0.690477
0.69047
0.690464
0.690458
0.690452
0.690447
0.690442
0.690437
0.690433
0.690428
0.690424
0.69042
0.690417
0.690413
0.69041
0.690407
0.690404
0.690401
0.690398
0.690395
0.690393
0.69039
0.690388
0.690386
0.690384
0.690382
0.69038
0.690379
0.690377
0.690375
0.690374
0.690373
0.690371
0.69037
0.690369
0.690368
0.690366
0.690365
0.690364
0.690363
0.690363
0.690362
0.690361
0.69036
0.690359
0.690359
0.690358
0.690358
0.690357
0.690356
0.690356
0.690355
0.690355
0.690354
0.690354
0.690354
0.690353
0.690353
0.690352
0.690352
0.690352
0.690352
0.690351
0.690351
0.690351
0.69035
0.69035
0.69035
0.69035
0.69035
0.690349
0.690349
0.690349
0.690349
0.690349
0.690349
0.690349
0.690349
0.690349
0.690349
0.690349
0.690349
0.690349
0.690349
0.690349
0.690349
0.690349
0.690349
0.690349
0.690349
0.690349
0.690349
0.6883
0.685925
0.683231
0.680228
0.67692
0.673315
0.669416
0.665228
0.660752
0.655991
0.650947
0.645621
0.640013
0.634123
0.62795
0.621494
0.614753
0.607726
0.600411
0.592807
0.584911
0.586727
0.588424
0.59001
0.591494
0.592883
0.594184
0.595402
0.596544
0.594771
0.592676
0.590263
0.587533
0.58449
0.581135
0.57747
0.573496
0.569214
0.564624
0.559727
0.554522
0.549008
0.543186
0.537055
0.530613
0.52386
0.516794
0.509415
0.501722
0.493712
0.485385
0.476739
0.467774
0.458488
0.44888
0.438949
0.428694
0.418116
0.407212
0.395984
0.384431
0.372553
0.36035
0.347823
0.334973
0.321801
0.308309
0.294499
0.280371
0.26593
0.251177
0.236117
0.220752
0.205087
0.189125
0.172873
0.156334
0.139514
0.142074
0.144491
0.146775
0.148932
0.150971
0.152897
0.151654
0.14999
0.147908
0.145414
0.142512
0.139206
0.1355
0.131399
0.126906
0.122026
0.124163
0.126183
0.128094
0.129902
0.131612
0.13323
0.134762
0.136211
0.137583
0.138882
0.140112
0.141277
0.14238
0.143425
0.144414
0.145352
0.146241
0.147083
0.147881
0.148637
0.149354
0.150034
0.150679
0.15129
0.151869
0.152419
0.15294
0.153435
0.153903
0.154348
0.154771
0.155171
0.155551
0.155912
0.156254
0.156579
0.156887
0.154327
0.151394
0.148091
0.14442
0.140386
0.135991
0.131238
0.12613
0.120669
0.11486
0.108705
0.102205
0.095366
0.088189
0.080677
0.072833
0.064661
0.056162
0.047342
0.038202
0.039877
0.041467
0.042974
0.044405
0.045762
0.047051
0.048273
0.049432
0.050533
0.051577
0.052568
0.053509
0.054402
0.055248
0.056053
0.056816
0.05754
0.058228
0.058881
0.059501
0.060089
0.060648
0.061178
0.061681
0.062159
0.062613
0.063044
0.063453
0.063841
0.06421
0.06456
0.064893
0.065209
0.065509
0.065794
0.066064
0.066321
0.066565
0.066796
0.067017
0.067226
0.067424
0.067613
0.067792
0.067962
0.068123
0.065432
0.062376
0.058957
0.055177
0.05104
0.046547
0.041701
0.036505
0.030963
0.025076
0.018848
0.012281
0.00538
-0.001852
-0.000561
0.000666
0.001832
0.00294
0.003992
0.004991
0.00594
0.006842
0.007699
0.008513
0.009286
0.01002
0.010717
0.01138
0.012009
0.012606
0.013174
0.013713
0.014226
0.014712
0.015174
0.015613
0.01603
0.016426
0.016803
0.01716
0.020342
0.023857
0.027705
0.031885
0.036397
0.04124
0.046413
0.051913
0.05135
0.050814
0.050306
0.049822
0.049362
0.048925
0.04851
0.048116
0.047741
0.047384
0.047045
0.046723
0.046418
0.046127
0.045851
0.045588
0.045339
0.045102
0.044877
0.044663
0.044459
0.047091
0.05008
0.053425
0.057125
0.061177
0.06558
0.07033
0.075426
0.080864
0.086642
0.092756
0.099202
0.105977
0.113078
0.120499
0.128238
0.13629
0.14465
0.153313
0.15192
0.15059
0.14932
0.148107
0.14695
0.145847
0.144794
0.143791
0.142834
0.141922
0.141053
0.142917
0.145169
0.147804
0.150819
0.154212
0.157977
0.162111
0.16661
0.17147
0.170193
0.168974
0.167809
0.166697
0.165636
0.164624
0.163658
0.162737
0.161859
0.161022
0.160224
0.159463
0.158739
0.158049
0.157392
0.156766
0.158876
0.161356
0.164204
0.16742
0.170998
0.174937
0.179233
0.183882
0.188881
0.194225
0.19991
0.205931
0.212285
0.218966
0.225968
0.233287
0.240918
0.248853
0.257089
0.255722
0.254409
0.253149
0.251939
0.25078
0.249669
0.248604
0.247585
0.246611
0.245678
0.244787
0.243935
0.243121
0.242344
0.241602
0.240894
0.240218
0.239573
0.238958
0.238372
0.237813
0.23728
0.234122
0.230601
0.226721
0.222487
0.217903
0.212972
0.207697
0.202083
0.196132
0.189848
0.183233
0.176291
0.169023
0.161432
0.153521
0.145293
0.136749
0.127893
0.118726
0.109251
0.099471
0.089388
0.090884
0.092302
0.093645
0.094918
0.096125
0.097269
0.098353
0.099381
0.100356
0.10128
0.102157
0.102988
0.103776
0.104524
0.105233
0.105906
0.106544
0.10715
0.107725
0.10827
0.108787
0.109278
0.106871
0.104085
0.100924
0.097391
0.093489
0.089221
0.084591
0.0796
0.074253
0.068553
0.062502
0.056104
0.049362
0.042279
0.034859
0.027104
0.019019
0.010607
0.001872
-0.007184
-0.016554
-0.026236
-0.036226
-0.046518
-0.057108
-0.067991
-0.079162
-0.090615
-0.102346
-0.114349
-0.126616
-0.139143
-0.151921
-0.164945
-0.178207
-0.191698
-0.205413
-0.219341
-0.233475
-0.247805
-0.262324
-0.27702
-0.275439
-0.273913
-0.272441
-0.271021
-0.269656
-0.268341
-0.267079
-0.265866
-0.264703
-0.263586
-0.262516
-0.261492
-0.26051
-0.259571
-0.258673
-0.257813
-0.256992
-0.253657
-0.249957
-0.245896
-0.241481
-0.236715
-0.231604
-0.226151
-0.220361
-0.214237
-0.207783
-0.201001
-0.193896
-0.18647
-0.178725
-0.170664
-0.16229
-0.153605
-0.144611
-0.135312
-0.125709
-0.115805
-0.105603
-0.095105
-0.084313
-0.073232
-0.07476
-0.076208
-0.077581
-0.078883
-0.080117
-0.081288
-0.082398
-0.08345
-0.084448
-0.085395
-0.086293
-0.087145
-0.087953
-0.088719
-0.089446
-0.090136
-0.090791
-0.091412
-0.092002
-0.092561
-0.093092
-0.093596
-0.094074
-0.094528
-0.094959
-0.095367
-0.095756
-0.096124
-0.096474
-0.096806
-0.097121
-0.09742
-0.097704
-0.097974
-0.09823
-0.098473
-0.098704
-0.098924
-0.099132
-0.09933
-0.099517
-0.099696
-0.099865
-0.100026
-0.100179
-0.100324
-0.100461
-0.100592
-0.100717
-0.100835
-0.100947
-0.101053
-0.101154
-0.101251
-0.101342
-0.101428
-0.10151
-0.101589
-0.101663
-0.101733
-0.1018
-0.101864
-0.101924
-0.101982
-0.102036
-0.102088
-0.102137
-0.102184
-0.102228
-0.10227
-0.10231
-0.102348
-0.102384
-0.102419
-0.102451
-0.102482
-0.102511
-0.102539
-0.102566
-0.102591
-0.102615
-0.102638
-0.102659
-0.10268
-0.102699
-0.102718
-0.102736
-0.102752
-0.102768
-0.102784
-0.102798
-0.102812
-0.102825
-0.102837
-0.102848
-0.10286
-0.10287
-0.10288
-0.10289
-0.102899
-0.102907
-0.102915
-0.102923
-0.102931
-0.102938
-0.102944
-0.10295
-0.102956
-0.102962
-0.102967
-0.102972
-0.102977
-0.102982
-0.102986
-0.10299
-0.102994
-0.102998
-0.103002
-0.103005
-0.103008
-0.103011
-0.103014
-0.103016
-0.103019
-0.103022
-0.103024
-0.103026
-0.103028
-0.10303
-0.103032
-0.103034
-0.103036
-0.103038
-0.103039
-0.103041
-0.103042
-0.103043
-0.103045
-0.103046
-0.103047
-0.103048
-0.103049
-0.10305
-0.103051
-0.103052
-0.103053
-0.103054
-0.103054
-0.103055
-0.103056
-0.103056
-0.103057
-0.103058
-0.103059
-0.103059
-0.10306
-0.10306
-0.10306
-0.103061
-0.103061
-0.103061
-0.103062
-0.103062
-0.103062
-0.103063
-0.103063
-0.103063
-0.103063
-0.103064
-0.103064
-0.103064
-0.103064
-0.103064
-0.103065
-0.103065
-0.103065
-0.103065
-0.103065
-0.103065
-0.103065
-0.103065
-0.103065
-0.103065
-0.103065
-0.100236
-0.097046
-0.093496
-0.089589
-0.085328
-0.080715
-0.075752
-0.070442
-0.064789
-0.058794
-0.052461
-0.045793
-0.038792
-0.031461
-0.023805
-0.015825
-0.007525
0.001092
0.010022
0.019261
0.028805
0.038652
0.048795
0.047197
0.045675
0.044228
0.042851
0.041541
0.040295
0.03911
0.037983
0.036912
0.035893
0.034925
0.034004
0.033129
0.032297
0.031506
0.030754
0.03004
0.029361
0.028716
0.028103
0.024693
0.020956
0.016889
0.012493
0.00777
0.002721
-0.002654
-0.008353
-0.014374
-0.020714
-0.02012
-0.019555
-0.019018
-0.018508
-0.018024
-0.017563
-0.017126
-0.01671
-0.016315
-0.01594
-0.015583
-0.015244
-0.014922
-0.014616
-0.014326
-0.01405
-0.013787
-0.013538
-0.013301
-0.013076
-0.012863
-0.01266
-0.012467
-0.012283
-0.012109
-0.011944
-0.011787
-0.011637
-0.011495
-0.01136
-0.011232
-0.01111
-0.010995
-0.010885
-0.01078
-0.010681
-0.010587
-0.010497
-0.010412
-0.010331
-0.010255
-0.010182
-0.010112
-0.010046
-0.009984
-0.009925
-0.009868
-0.009814
-0.009763
-0.009715
-0.009669
-0.009625
-0.009583
-0.009543
-0.009506
-0.00947
-0.009436
-0.009404
-0.009373
-0.009344
-0.009317
-0.00929
-0.009265
-0.009241
-0.009219
-0.009198
-0.009177
-0.009158
-0.009139
-0.009122
-0.009105
-0.009089
-0.009074
-0.00906
-0.009046
-0.009033
-0.009021
-0.00901
-0.008998
-0.008988
-0.008978
-0.008968
-0.008959
-0.008951
-0.008942
-0.008934
-0.008927
-0.00892
-0.008913
-0.008907
-0.0089
-0.008895
-0.008889
-0.008884
-0.008879
-0.008874
-0.00887
-0.008865
-0.008861
-0.008857
-0.008853
-0.008849
-0.008846
-0.008843
-0.00884
-0.008837
-0.008834
-0.008831
-0.008829
-0.008826
-0.008824
-0.008822
-0.00882
-0.008818
-0.008816
-0.008814
-0.008812
-0.008811
-0.008809
-0.008807
-0.008806
-0.008804
-0.008803
-0.008802
-0.0088
-0.008799
-0.008798
-0.008797
-0.008796
-0.008795
-0.008794
-0.008793
-0.008792
-0.008791
-0.00879
-0.008789
-0.008788
-0.008788
-0.008787
-0.008787
-0.008786
-0.008785
-0.008785
-0.008784
-0.008784
-0.008783
-0.008782
-0.008782
-0.008781
-0.008781
-0.00878
-0.00878
-0.008779
-0.005941
-0.002749
0.000795
0.00469
0.008933
0.013523
0.018456
0.023733
0.029348
0.0353
0.041586
0.048202
0.055145
0.062413
0.070001
0.077905
0.086123
0.094649
0.103481
0.112613
0.12204
0.131759
0.141764
0.152051
0.162612
0.173444
0.18454
0.195893
0.207497
0.219347
0.231434
0.229909
0.228444
0.227039
0.22569
0.224398
0.223159
0.221974
0.220839
0.219753
0.218715
0.22026
0.222199
0.224527
0.227241
0.230337
0.233809
0.237654
0.241866
0.246441
0.251372
0.256655
0.262284
0.268254
0.274558
0.28119
0.288144
0.295414
0.302993
0.310874
0.31905
0.327514
0.336258
0.345275
0.354557
0.364096
0.373883
0.38391
0.394168
0.404648
0.415341
0.426236
0.437325
0.448596
0.46004
0.471646
0.483403
0.495299
0.507324
0.519464
0.531709
0.544047
0.556463
0.568946
0.581481
0.594057
0.606659
0.619272
0.631884
0.644479
0.657043
0.656713
0.656333
0.655911
0.655457
0.654976
0.654475
0.653959
0.653434
0.652902
0.652368
0.653096
0.654135
0.655481
0.65713
0.659075
0.661313
0.663837
0.666641
0.669718
0.673062
0.676664
0.680518
0.684615
0.688948
0.693507
0.698285
0.703271
0.708456
0.713832
0.719387
0.725112
0.730997
0.737031
0.743202
0.749499
0.755913
0.76243
0.769039
0.775728
0.782484
0.789295
0.796149
0.803033
0.809933
0.816836
0.823729
0.830598
0.83743
0.84421
0.850924
0.85756
0.864101
0.870533
0.876843
0.883015
0.889035
0.894888
0.900559
0.906034
0.911298
0.916335
0.921131
0.925671
0.929941
0.933925
0.937609
0.94098
0.944021
0.94672
0.949061
0.951031
0.952617
0.953804
0.954581
0.954932
0.954847
0.954312
0.953315
0.951845
0.94989
0.947439
0.949804
0.951949
0.953893
0.955657
0.957256
0.958708
0.960024
0.96122
0.962304
0.963289
0.964184
0.964996
0.965735
0.966406
0.967016
0.96757
0.968075
0.968534
0.968952
0.969332
0.969679
0.969995
0.970283
0.970545
0.970785
0.971004
0.971203
0.971386
0.971553
0.971705
0.971845
0.971972
0.972089
0.972197
0.972295
0.972385
0.972468
0.972544
0.972614
0.972678
0.972737
0.973215
0.973569
0.973815
0.973965
0.974032
0.974023
0.973946
0.973805
0.973606
0.973348
0.973035
0.972664
0.972235
0.971745
0.971191
0.970569
0.969874
0.9691
0.968241
0.967291
0.966242
0.965087
0.963817
0.962424
0.9609
0.959235
0.957421
0.958734
0.959927
0.96101
0.961995
0.962891
0.963705
0.964445
0.965119
0.965732
0.96629
0.966799
0.967262
0.967684
0.968069
0.968421
0.969674
0.970721
0.971586
0.97229
0.972851
0.973286
0.973607
0.973826
0.973949
0.973984
0.973936
0.973807
0.9736
0.973314
0.972949
0.972503
0.972863
0.973186
0.973477
0.973738
0.973972
0.974183
0.974373
0.974542
0.974695
0.974832
0.974954
0.975064
0.975163
0.975251
0.97533
0.975401
0.975464
0.97552
0.975571
0.975616
0.975656
0.975692
0.975724
0.975752
0.975777
0.9758
0.975819
0.975837
0.975853
0.975866
0.975878
0.975889
0.975898
0.975907
0.975914
0.97592
0.975925
0.97593
0.975934
0.975938
0.975941
0.975943
0.975945
0.975947
0.975949
0.97595
0.975951
0.975951
0.975952
0.975952
0.975953
0.975953
0.975953
0.975953
0.975952
0.975952
0.975952
0.975952
0.975951
0.975951
0.97595
0.97595
0.97595
0.975949
0.975949
0.975948
0.975948
0.975947
0.975947
0.975946
0.975946
0.975945
0.975945
0.975945
0.975944
0.975944
0.975943
0.975943
0.975943
0.975942
0.975942
0.975942
0.975941
0.975941
0.975941
0.97594
0.97594
0.97594
0.97594
0.97594
0.975939
0.975939
0.975939
0.975939
0.975938
0.975938
0.975938
0.975949
0.975861
0.975685
0.975431
0.975105
0.974713
0.97426
0.973748
0.973178
0.972552
0.971866
0.971121
0.970313
0.969439
0.968493
0.967471
0.966368
0.965178
0.963892
0.962505
0.961008
0.959394
0.957655
0.955781
0.953764
0.951595
0.949264
0.946762
0.94408
0.941207
0.938135
0.934852
0.931349
0.927616
0.923643
0.91942
0.914938
0.910186
0.905154
0.899834
0.894216
0.88829
0.882047
0.875478
0.868576
0.86133
0.853732
0.845776
0.837453
0.828755
0.819676
0.81021
0.800348
0.790087
0.779419
0.768341
0.756847
0.744933
0.732595
0.719831
0.706636
0.693009
0.678949
0.664453
0.649521
-0.634154
-0.618351
-0.621424
-0.624279
-0.626933
-0.629402
-0.6317
-0.633839
-0.635833
-0.637691
-0.639424
-0.641042
-0.642552
-0.643963
-0.6481
-0.652228
-0.656374
-0.660559
-0.664803
-0.66912
-0.673524
-0.678026
-0.682634
-0.687355
-0.692195
-0.691999
-0.691813
-0.691634
-0.691463
-0.691299
-0.691143
-0.690994
-0.690851
-0.690715
-0.690586
-0.690462
-0.690344
-0.690231
-0.690123
-0.690021
-0.689923
-0.68983
-0.689742
-0.689657
-0.689577
-0.6895
-0.689427
-0.689358
-0.689292
-0.689229
-0.689169
-0.689112
-0.689058
-0.689006
-0.688957
-0.68891
-0.688865
-0.688823
-0.688783
-0.688745
-0.688708
-0.688674
-0.688641
-0.688609
-0.68858
-0.688551
-0.688524
-0.688499
-0.688474
-0.688451
-0.688429
-0.688408
-0.688389
-0.68837
-0.688352
-0.688335
-0.688318
-0.688303
-0.688288
-0.688274
-0.688261
-0.688249
-0.688237
-0.688225
-0.688214
-0.688204
-0.688194
-0.688185
-0.688176
-0.688168
-0.68816
-0.688153
-0.688145
-0.688139
-0.688132
-0.688126
-0.68812
-0.688114
-0.688109
-0.688104
-0.688099
-0.688095
-0.688091
-0.688087
-0.688083
-0.688079
-0.688075
-0.688072
-0.688069
-0.688066
-0.688063
-0.68806
-0.688058
-0.688055
-0.688053
-0.688051
-0.688049
-0.688047
-0.688045
-0.688043
-0.688041
-0.68804
-0.688038
-0.688037
-0.688035
-0.688034
-0.688033
-0.688031
-0.68803
-0.688029
-0.688028
-0.688027
-0.688026
-0.688025
-0.688025
-0.688024
-0.688023
-0.688022
-0.688022
-0.688021
-0.68802
-0.68802
-0.688019
-0.688019
-0.688018
-0.688018
-0.688017
-0.688017
-0.688016
-0.688016
-0.688016
-0.688015
-0.688015
-0.688015
-0.688014
-0.688014
-0.688014
-0.688014
-0.688013
-0.688013
-0.688013
-0.688013
-0.688012
-0.688012
-0.688012
-0.688012
-0.688012
-0.688012
-0.688011
-0.688011
-0.688011
-0.688011
-0.688011
-0.688011
-0.688011
-0.688011
-0.688011
-0.688011
-0.688011
-0.688011
-0.688011
-0.688011
-0.688011
-0.688011
-0.688011
-0.688011
-0.688011
-0.688011
-0.688011
-0.688011
-0.688011
-0.688011
-0.688011
-0.688011
-0.688011
-0.688011
-0.688011
-0.688011
-0.688011
-0.688011
-0.688011
-0.688011
-0.688011
-0.688011
-0.688011
-0.688011
-0.688011
-0.688011
-0.688011
-0.688011
-0.688011
-0.688011
-0.688011
-0.688011
-0.688011
-0.688011
-0.688011
-0.688011
-0.688011
-0.688011
-0.688011
-0.688011
-0.688011
-0.688011
-0.688011
-0.688011
-0.688011
-0.688011
-0.688011
-0.688011
-0.688011
-0.688011
-0.688011
-0.688011
-0.688011
-0.688011
-0.688011
-0.688011
-0.688011
-0.688011
-0.688011
-0.688011
-0.688011
-0.688011
-0.688011
-0.688011
-0.688011
-0.688011
-0.688011
-0.688011
-0.688011
-0.688011
-0.688011
-0.688011
-0.688011
-0.688011
-0.688011
-0.688011
-0.688011
-0.688011
-0.688011
-0.685956
-0.683573
-0.680872
-0.67786
-0.674544
-0.670929
-0.66702
-0.66282
-0.658332
-0.65356
-0.648503
-0.643163
-0.63754
-0.631635
-0.625447
-0.618975
-0.612218
-0.605174
-0.597842
-0.59022
-0.582306
-0.574098
-0.565593
-0.55679
-0.547687
-0.53828
-0.528569
-0.518549
-0.508221
-0.497581
-0.486629
-0.475361
-0.463778
-0.451878
-0.439659
-0.427121
-0.414264
-0.401087
-0.387591
-0.390136
-0.392522
-0.394759
-0.396857
-0.398827
-0.400676
-0.402414
-0.404046
-0.408648
-0.413354
-0.418184
-0.423152
-0.428274
-0.433559
-0.439019
-0.44466
-0.450488
-0.456508
-0.462723
-0.469136
-0.475748
-0.482559
-0.489567
-0.496772
-0.504171
-0.511762
-0.519539
-0.527499
-0.535637
-0.543948
-0.552426
-0.551743
-0.551079
-0.550433
-0.549806
-0.549198
-0.54861
-0.548042
-0.547494
-0.54888
-0.550576
-0.55258
-0.55489
-0.557503
-0.560416
-0.563625
-0.567125
-0.570912
-0.57498
-0.579324
-0.583936
-0.588811
-0.593942
-0.599321
-0.604941
-0.610794
-0.616871
-0.623165
-0.629666
-0.636365
-0.643253
-0.65032
-0.657556
-0.657097
-0.656614
-0.656113
-0.655598
-0.655074
-0.655724
-0.656689
-0.657966
-0.659549
-0.661433
-0.663612
-0.666081
-0.668831
-0.671858
-0.675153
-0.674732
-0.674286
-0.673823
-0.673347
-0.672862
-0.672371
-0.671878
-0.671386
-0.670896
-0.671725
-0.672845
-0.674255
-0.675949
-0.677925
-0.680178
-0.682701
-0.68549
-0.688539
-0.69184
-0.695388
-0.699174
-0.703192
0.707433
0.711888
0.71655
0.72141
0.726457
0.731684
0.737079
0.742633
0.748335
0.754176
0.760143
0.766227
0.772415
0.778696
0.785059
0.791491
0.79798
0.804513
0.811079
0.817663
0.824254
0.830837
0.8374
0.843929
0.85041
0.856829
0.863173
0.869426
0.875576
0.881607
0.887505
0.893256
0.898845
0.904257
0.909478
0.914493
0.919288
0.923847
0.928156
0.9322
0.935965
0.939437
0.942601
0.945442
0.947946
0.9501
0.95189
0.953302
0.954322
0.954938
0.955137
0.954905
0.954231
0.953102
0.951506
0.953768
0.955815
0.957667
0.959344
0.960861
0.962234
0.963477
0.964603
0.965621
0.966544
0.967379
0.968136
0.968821
0.969442
0.970005
0.970514
0.970976
0.971395
0.971775
0.972119
0.971482
0.970802
0.970081
0.96932
0.968519
0.967677
0.966794
0.965867
0.964892
0.963866
0.962784
0.961642
0.960434
0.959154
0.957795
0.956351
0.957665
0.95886
0.959945
0.960933
0.961831
0.962648
0.963392
0.96407
0.964687
0.965249
0.965762
0.966229
0.966655
0.967044
0.9674
0.967724
0.968021
0.968292
0.96854
0.968768
0.968976
0.969166
0.969341
0.969501
0.969648
0.969783
0.969907
0.970021
0.970126
0.970223
0.970312
0.970394
0.970469
0.970539
0.970604
0.970663
0.970718
0.970769
0.970816
0.97086
0.970901
0.970938
0.970973
0.971006
0.971036
0.971064
0.97109
0.971114
0.971137
0.971158
0.971177
0.971196
0.971213
0.971229
0.971244
0.971258
0.971271
0.971283
0.971295
0.971306
0.971316
0.970915
0.97038
0.969719
0.968943
0.968057
0.967067
0.965977
0.96479
0.963505
0.962124
0.960646
0.959068
0.957389
0.955604
0.953709
0.951701
0.949572
0.947319
0.944933
0.94241
0.93974
0.936918
0.933935
0.930783
0.927454
0.92394
0.920232
0.916321
0.912199
0.907857
0.903286
0.898476
0.89342
0.888107
0.88253
0.876679
0.870546
0.864121
0.857397
0.850366
0.843018
0.835347
0.827344
0.819003
0.810315
0.801274
0.791873
0.782105
0.771965
0.77474
0.777302
0.779671
0.781863
0.783891
0.785768
0.787508
0.789121
0.790617
0.792006
0.793296
0.794495
0.79561
0.796647
0.797613
0.798513
0.799352
0.800134
0.800864
0.801546
0.802183
0.802778
0.803336
0.803857
0.804345
0.804802
0.805231
0.805633
0.80601
0.806364
0.806696
0.807009
0.807302
0.807578
0.807838
0.808082
0.808313
0.808529
0.808733
0.808926
0.809107
0.809278
0.811163
0.813115
0.815148
0.817272
0.819495
0.821823
0.824262
0.826813
0.82948
0.832262
0.835157
0.838166
0.841284
0.844508
0.847834
0.851256
0.854769
0.858365
0.862038
0.865779
0.869582
0.873435
0.877332
0.881262
0.885215
0.88918
0.893149
0.897108
0.901048
0.904956
0.908821
0.909418
0.909926
0.910353
0.910711
0.911006
0.911246
0.911439
0.911447
0.911599
0.911892
0.912323
0.912889
0.913585
0.914407
0.915349
0.916405
0.917569
0.918834
0.920193
0.921638
0.92316
0.924752
0.926405
0.928109
0.929854
0.931632
0.933432
0.935244
0.937057
0.938861
0.940643
0.942395
0.944102
0.945756
0.947342
0.948851
0.950268
0.951584
0.952784
0.953858
0.954791
0.955573
0.956191
0.956631
0.956882
0.95693
0.956764
0.95637
0.955737
0.954852
0.953702
0.952276
0.950561
0.948546
0.946218
0.943565
0.940578
0.937243
0.933551
0.936004
0.938237
0.940272
0.942125
0.943815
0.945355
0.94873
0.951721
0.954374
0.956728
0.958818
0.960675
0.962326
0.963793
0.965096
0.96625
0.967269
0.968165
0.968945
0.969617
0.970186
0.970653
0.971023
0.971293
0.971464
0.971533
0.971497
0.971352
0.971093
0.970714
0.97021
0.969573
0.968796
0.96787
0.966788
0.965541
0.96412
0.962516
0.963613
0.964607
0.96551
0.966328
0.96707
0.967744
0.968356
0.968911
0.969415
0.969873
0.970289
0.970667
0.971011
0.971323
0.971608
0.971866
0.972102
0.972317
0.972512
0.97269
0.97349
0.974112
0.974579
0.974907
0.975112
0.975206
0.975199
0.9751
0.974914
0.975003
0.975083
0.975154
0.975218
0.975274
0.975325
0.975369
0.975409
0.975444
0.975475
0.975503
0.975527
0.975549
0.975567
0.975584
0.975598
0.975611
0.975622
0.975632
0.97564
0.975647
0.975654
0.975659
0.975663
0.975569
0.975396
0.975155
0.974853
0.974495
0.974087
0.973629
0.973125
0.972575
0.971977
0.972403
0.972787
0.973133
0.973445
0.973726
0.973979
0.973459
0.972909
0.972332
0.97173
0.971103
0.970452
0.969773
0.970405
0.970975
0.971491
0.971956
0.972376
0.972755
0.973097
0.973407
0.973686
0.973938
0.974165
0.974371
0.974557
0.974724
0.974876
0.975012
0.975136
0.975247
0.975348
0.975439
0.975521
0.975595
0.975215
0.97477
0.974266
0.973709
0.973101
0.972446
0.971743
0.970992
0.970193
0.969343
0.968439
0.967479
0.968217
0.968886
0.969492
0.970041
0.970538
0.97099
0.971399
0.97177
0.972107
0.972412
0.97269
0.972941
0.97317
0.973378
0.973566
0.973738
0.973893
0.974035
0.974164
0.974281
0.974388
0.974485
0.974574
0.974655
0.974728
0.974795
0.974856
0.974912
0.974963
0.97501
0.975053
0.975092
0.975128
0.974764
0.974306
0.97376
0.973135
0.972435
0.971663
0.970822
0.969913
0.968935
0.967888
0.96677
0.965577
0.964307
0.962955
0.961516
0.959985
0.958355
0.95662
0.954773
0.952807
0.950714
0.948486
0.946115
0.943592
0.940909
0.938056
0.935025
0.931806
0.92839
0.924768
0.92664
0.928352
0.929919
0.931352
0.932665
0.933868
0.93497
0.935981
0.936909
0.935935
0.934853
0.933665
0.932371
0.930969
0.929459
0.927837
0.926103
0.924251
0.922279
0.920182
0.917956
0.915596
0.913096
0.91045
0.907653
0.904698
0.901579
0.898288
0.894819
0.891164
0.887316
0.883267
0.879011
0.874538
0.869842
0.864914
0.859747
0.854333
0.848664
0.842731
0.836528
0.830047
0.82328
0.816219
0.808857
0.801188
0.793203
0.784896
0.776261
0.767291
0.757979
0.748321
0.738311
0.727942
0.730899
0.733634
0.736167
0.738513
0.737569
0.736354
0.734869
0.733117
0.731097
0.72881
0.726258
0.728729
0.731019
0.733144
0.735115
0.736946
0.738647
0.740228
0.741699
0.743068
0.744343
0.745531
0.746638
0.747672
0.748637
0.747015
0.74513
0.742984
0.74058
0.737919
0.735002
0.73183
0.728404
0.724723
0.720786
0.716591
0.712138
0.707424
0.702447
0.697205
0.691695
0.685914
0.679859
0.673527
0.666914
0.660017
0.652833
-0.645358
-0.637588
-0.62952
-0.621151
-0.612477
-0.603494
-0.5942
-0.584591
-0.574664
-0.564417
-0.553846
-0.54295
-0.531726
-0.520172
-0.508286
-0.496067
-0.483513
-0.470624
-0.457399
-0.443838
-0.42994
-0.415707
-0.401138
-0.386237
-0.371003
-0.355439
-0.339548
-0.323333
-0.306796
-0.289943
-0.272776
-0.255301
-0.237524
-0.219449
-0.222176
-0.224744
-0.227162
-0.229441
-0.231588
-0.233612
-0.23552
-0.23732
-0.239017
-0.24062
-0.242132
-0.243559
-0.244907
-0.246181
-0.247384
-0.24852
-0.249595
-0.250611
-0.251571
-0.252479
-0.253339
-0.254152
-0.254921
-0.252728
-0.250155
-0.247205
-0.243881
-0.240188
-0.236127
-0.231704
-0.226919
-0.221776
-0.216277
-0.210426
-0.204224
-0.197675
-0.19078
-0.183543
-0.175965
-0.168048
-0.159796
-0.15121
-0.142294
-0.13305
-0.123481
-0.113589
-0.103378
-0.092851
-0.082011
-0.070862
-0.07294
-0.074908
-0.076772
-0.078539
-0.080213
-0.081799
-0.083303
-0.084727
-0.086078
-0.087358
-0.088571
-0.089722
-0.090813
-0.091847
-0.092828
-0.093758
-0.09464
-0.095477
-0.09627
-0.097023
-0.097737
-0.098414
-0.099057
-0.099667
-0.100245
-0.100794
-0.101315
-0.10181
-0.099406
-0.096624
-0.093467
-0.089938
-0.08604
-0.081776
-0.077149
-0.072162
-0.066819
-0.061121
-0.055074
-0.048679
-0.04194
-0.034861
-0.027444
-0.019693
-0.011613
-0.003205
0.005526
0.014576
0.012893
0.011293
0.009772
0.008328
0.006955
0.005651
0.004411
0.003234
0.002115
0.001053
0.000043
-0.000916
-0.001827
-0.002693
-0.003516
-0.004297
-0.005039
-0.005743
-0.006413
-0.007049
-0.007653
-0.008227
-0.008772
-0.00929
-0.009782
-0.010249
-0.010692
-0.011114
-0.011514
-0.011895
-0.012256
-0.009756
-0.006886
-0.00365
-0.000048
0.003916
0.00824
0.012921
0.017956
0.023342
0.029075
0.035153
0.041571
0.048327
0.047028
0.045793
0.044618
0.0435
0.042437
0.041426
0.040465
0.039552
0.038683
0.037857
0.037072
0.036326
0.035617
0.034943
0.034302
0.033693
0.033114
0.032564
0.032041
0.031544
0.031072
0.030623
0.030197
0.029792
0.029407
0.029041
0.028694
0.028364
0.02805
0.027752
0.027469
0.0272
0.026944
0.026701
0.02647
0.026251
0.026043
0.025845
0.025656
0.025478
0.025308
0.025147
0.024994
0.024848
0.02471
0.024579
0.024454
0.024336
0.024223
0.024116
0.024014
0.023918
0.023826
0.023739
0.023656
0.023578
0.023503
0.023433
0.023365
0.023301
0.02324
0.023183
0.023128
0.023076
0.023026
0.022979
0.022934
0.022892
0.022852
0.022814
0.022777
0.022743
0.02271
0.022679
0.02265
0.022622
0.022595
0.02257
0.022546
0.022523
0.022501
0.02248
0.022461
0.022443
0.022425
0.022408
0.022392
0.022377
0.022363
0.022349
0.019498
0.016293
0.012735
0.008826
0.004568
-0.000037
-0.004988
-0.01028
-0.015913
-0.021882
-0.028186
-0.03482
-0.041783
-0.04907
-0.056678
-0.064604
-0.072843
-0.081393
-0.090249
-0.099406
-0.10886
-0.118607
-0.128641
-0.138958
-0.149553
-0.160419
-0.171552
-0.182944
-0.19459
-0.206484
-0.218617
-0.230984
-0.243576
-0.256387
-0.269407
-0.282629
-0.296044
-0.294581
-0.293167
-0.291802
-0.290487
-0.289221
-0.288003
-0.286832
-0.285707
-0.284628
-0.285972
-0.28771
-0.289837
-0.292349
-0.295242
-0.29851
-0.302148
-0.306151
-0.310513
-0.315229
-0.320292
-0.325696
-0.331436
-0.337504
-0.343894
-0.350599
-0.357612
-0.364926
-0.372534
-0.380427
-0.388598
-0.397039
-0.405742
-0.414697
-0.423897
-0.433333
-0.442994
-0.452872
-0.462958
-0.47324
-0.483709
-0.494354
-0.505164
-0.516129
-0.527238
-0.538478
-0.549838
-0.561306
-0.57287
-0.584516
-0.596233
-0.608007
-0.619824
-0.631671
-0.643535
-0.655401
-0.667255
-0.679083
-0.690869
-0.702598
0.714257
0.725829
0.737298
0.74865
0.759868
0.770936
0.781839
0.79256
0.803083
0.813392
0.82347
0.8333
0.842867
0.852154
0.852921
0.853558
0.854082
0.854506
0.854841
0.8551
0.855291
0.855423
0.855504
0.855541
0.855541
0.855767
0.856191
0.856811
0.857623
0.858622
0.859805
0.861165
0.862697
0.864394
0.86625
0.868258
0.870409
0.872697
0.875111
0.877645
0.880288
0.883032
0.885866
0.888781
0.891767
0.894812
0.897906
0.901039
0.904198
0.907373
0.910551
0.913721
0.91687
0.919988
0.92306
0.926075
0.92902
0.931881
0.934647
0.937304
0.93984
0.94224
0.944491
0.946581
0.948496
0.950223
0.951748
0.953058
0.954139
0.95498
0.955566
0.955883
0.955921
0.955664
0.957693
0.959521
0.96117
0.962656
0.963995
0.965202
0.966289
0.967268
0.96815
0.968944
0.969659
0.970303
0.970882
0.971403
0.970846
0.970286
0.969723
0.969157
0.968586
0.968007
0.967418
0.968293
0.969082
0.969793
0.970434
0.971012
0.971532
0.972002
0.972424
0.972805
0.973148
0.973457
0.973735
0.973986
0.974211
0.974415
0.974597
0.974762
0.97491
0.975043
0.975163
0.975271
0.975367
0.975454
0.975533
0.975603
0.975666
0.975723
0.975774
0.975819
0.97586
0.975897
0.97593
0.97596
0.975986
0.97601
0.976031
0.97605
0.976067
0.976082
0.976095
0.976107
0.976118
0.976128
0.976136
0.976144
0.976151
0.976156
0.976162
0.976166
0.976171
0.976174
0.976177
0.97618
0.976183
0.976185
0.976187
0.976188
0.97619
0.976191
0.976192
0.976193
0.976194
0.976195
0.976195
0.976196
0.976196
0.976196
0.976196
0.976197
0.976197
0.976197
0.976197
0.976197
0.976197
0.976197
0.976197
0.976197
0.976197
0.976196
0.976196
0.976196
0.976196
0.976196
0.976196
0.976196
0.976196
0.976196
0.976195
0.976195
0.976195
0.976195
0.976195
0.976195
0.976195
0.976195
0.976195
0.976194
0.976194
0.976194
0.976194
0.976194
0.976194
0.976194
0.976194
0.976163
0.976028
0.978099
0.979867
0.981366
0.982628
0.983678
0.984543
0.985244
0.9858
0.98623
0.98655
0.986774
0.986914
0.988174
0.989313
0.990341
0.991269
0.992108
0.992865
0.993549
0.994166
0.994724
0.995227
0.995681
0.996091
0.996461
0.996796
0.997097
0.99737
0.997027
0.996631
0.996192
0.995717
0.995215
0.994692
0.994152
0.993602
0.993046
0.992486
0.991927
0.99137
0.9922
0.992949
0.993625
0.994236
0.994787
0.995284
0.995862
0.996261
0.996506
0.995717
0.994826
0.99428
0.993724
0.993161
0.992596
0.992032
0.99147
0.990914
0.990366
0.989826
0.989297
0.98878
0.988275
0.987783
0.987304
0.98684
0.98639
0.985954
0.985533
0.985126
0.984734
0.984356
0.983992
0.983642
0.983306
0.982983
0.982673
0.982375
0.98209
0.981817
0.981555
0.981304
0.981065
0.980835
0.980616
0.980407
0.980206
0.980015
0.979833
0.979658
0.979492
0.979333
0.979182
0.979038
0.9789
0.978769
0.978644
0.978525
0.978411
0.978303
0.9782
0.978102
0.978008
0.977919
0.977834
0.977754
0.977677
0.977604
0.977535
0.977468
0.977406
0.977346
0.977289
0.977235
0.977183
0.977134
0.977087
0.977043
0.977001
0.976961
0.976923
0.976887
0.976852
0.976819
0.976788
0.976759
0.976731
0.976704
0.976678
0.976654
0.976631
0.976609
0.976589
0.976569
0.97655
0.976532
0.976515
0.976499
0.976484
0.97647
0.976456
0.976443
0.97643
0.976418
0.976407
0.976396
0.976386
0.976377
0.976367
0.976359
0.97635
0.976342
0.976335
0.976328
0.976321
0.976315
0.976309
0.976303
0.976297
0.976292
0.976287
0.976282
0.976278
0.976274
0.976269
0.976266
0.976262
0.976259
0.976255
0.976252
0.976249
0.976246
0.976244
0.976241
0.976239
0.976236
0.976234
0.976232
0.97623
0.976228
0.976226
0.976225
0.976223
0.976222
0.97622
0.976219
0.976218
0.976216
0.976215
0.976214
0.976213
0.976212
0.976211
0.97621
0.976209
0.976208
0.976207
0.976207
0.976206
0.976205
0.976205
0.976204
0.976204
0.976203
0.976202
0.976202
0.976202
0.976201
0.976201
0.9762
0.9762
0.9762
0.976199
0.976199
0.976198
0.976198
0.976198
0.976198
0.976197
0.976197
0.976197
0.976197
0.976197
0.976196
0.976196
0.976196
0.976196
0.976196
0.976196
0.976196
0.976196
0.976196
0.976196
0.976196
0.976196
0.976196
0.976196
0.976196
0.976196
0.976196
0.976196
0.976196
0.976196
0.976196
0.976196
0.976196
0.976196
0.976196
0.976196
0.976196
0.976196
0.976196
0.976196
0.976196
0.976196
0.976196
0.976196
0.976196
0.976196
0.976196
0.976196
0.976196
0.976196
0.976196
0.976196
0.976196
0.976196
0.976196
0.976196
0.976196
0.976196
0.976196
0.976196
0.976196
0.976196
0.976196
0.976196
0.976196
0.976196
0.976196
0.976196
0.976196
0.976196
0.976196
0.976196
0.976196
0.976196
0.976196
0.976196
0.976196
0.976196
0.976196
0.976196
0.976196
0.976196
0.976196
0.976196
0.976196
0.976196
0.976196
0.976196
0.976196
0.976196
0.976196
0.976196
0.976196
0.976196
0.976196
0.976196
0.976196
0.976196
0.976196
0.976196
0.976196
0.976196
0.976196
0.976196
0.976196
0.976196
0.976196
0.976196
0.976196
0.976196
0.976196
0.976196
0.976196
0.976196
0.976196
0.976196
0.976196
0.976196
0.976196
0.976196
0.976196
0.976196
0.976196
0.976196
0.976196
0.976196
0.976196
0.976196
0.976196
0.976173
0.976042
0.975822
0.975524
0.975163
0.974748
0.97429
0.973796
0.973275
0.972733
0.972175
0.971607
0.972069
0.972485
0.97286
0.973198
0.973502
0.973776
0.974022
0.974244
0.974444
0.974624
0.974786
0.974932
0.975518
0.975908
0.976127
0.976199
0.976143
0.975979
0.975724
0.97539
0.974991
0.974538
0.974042
0.974242
0.974423
0.974587
0.974736
0.97487
0.974992
0.975102
0.975202
0.975292
0.975374
0.975448
0.975515
0.975576
0.975631
0.975682
0.975727
0.975768
0.975806
0.97584
0.975871
0.975899
0.975924
0.975947
0.975968
0.975988
0.976005
0.976021
0.976035
0.976048
0.97606
0.976071
0.976081
0.975864
0.975549
0.975145
0.97466
0.9741
0.973469
0.972771
0.972007
0.971179
0.970285
0.969324
0.968293
0.96719
0.96601
0.964749
0.963401
0.961961
0.960422
0.958777
0.95702
0.955142
0.953135
0.950992
0.948703
0.94626
0.943654
0.940876
0.937916
0.934765
0.931414
0.927853
0.924072
0.920061
0.915811
0.911313
0.906556
0.901531
0.896229
0.890641
0.884756
0.878567
0.872064
0.865238
0.858081
0.850585
0.842742
0.834544
0.825984
0.817054
0.807747
0.798058
0.787979
0.777506
0.766633
0.755354
0.743666
0.731565
0.719047
0.706107
0.692745
0.678958
0.664745
0.650103
-0.635033
-0.619535
-0.603609
-0.587257
-0.57048
-0.553281
-0.556362
-0.559231
-0.561904
-0.564395
-0.566719
-0.568887
-0.570912
-0.572803
-0.57457
-0.576223
-0.577769
-0.579216
-0.580571
-0.581841
-0.583031
-0.584148
-0.585195
-0.586179
-0.589444
-0.592422
-0.595137
-0.597614
-0.599874
-0.601937
-0.60382
-0.605541
-0.607112
-0.608548
-0.609861
-0.611063
-0.612162
-0.613169
-0.61409
-0.614935
-0.61571
-0.616421
-0.617073
-0.617672
-0.618223
-0.618729
-0.619194
-0.619623
-0.620018
-0.620382
-0.620717
-0.621027
-0.62042
-0.619814
-0.619209
-0.61861
-0.618019
-0.617436
-0.616865
-0.616306
-0.615759
-0.615227
-0.614709
-0.614206
-0.613718
-0.613246
-0.612789
-0.612348
-0.611923
-0.611513
-0.611118
-0.610738
-0.610372
-0.610021
-0.609685
-0.609362
-0.609052
-0.608755
-0.60847
-0.608198
-0.607937
-0.607688
-0.60745
-0.607222
-0.607004
-0.606796
-0.606598
-0.606408
-0.606227
-0.606054
-0.60589
-0.605732
-0.603432
-0.600776
-0.597775
-0.594437
-0.590769
-0.586777
-0.582467
-0.577842
-0.572908
-0.567665
-0.562118
-0.556268
-0.550116
-0.543664
-0.536911
-0.529858
-0.522505
-0.514851
-0.506897
-0.49864
-0.490081
-0.481217
-0.472049
-0.462575
-0.452795
-0.442706
-0.432309
-0.421602
-0.410585
-0.399257
-0.387618
-0.375668
-0.363406
-0.350833
-0.33795
-0.324756
-0.311254
-0.297444
-0.283328
-0.268908
-0.254187
-0.239167
-0.223851
-0.208243
-0.192346
-0.176164
-0.159704
-0.142969
-0.125965
-0.108699
-0.091176
-0.073404
-0.05539
-0.037142
-0.018668
0.000022
0.018921
0.038017
0.057301
0.076762
0.096388
0.116169
0.114121
0.112164
0.110295
0.10851
0.106807
0.105181
0.103631
0.102152
0.100743
0.099399
0.098119
0.096899
0.095737
0.09463
0.093576
0.092573
0.091618
0.090708
0.089843
0.08902
0.088236
0.087491
0.086782
0.086107
0.085465
0.084855
0.084274
0.083722
0.083197
0.082698
0.082223
0.081772
0.081343
0.080935
0.080548
0.077372
0.07385
0.069983
0.065773
0.061222
0.056331
0.051102
0.045539
0.039643
0.033417
0.026863
0.019984
0.012783
0.005263
-0.002574
-0.010724
-0.019184
-0.02795
-0.03702
-0.046389
-0.056055
-0.066012
-0.064583
-0.063223
-0.061929
-0.060697
-0.059524
-0.058409
-0.057348
-0.056338
-0.055378
-0.054465
-0.053597
-0.052771
-0.051985
-0.051239
-0.050529
-0.049854
-0.049212
-0.048602
-0.048022
-0.047471
-0.046947
-0.046449
-0.048789
-0.051501
-0.054583
-0.058032
-0.061847
-0.066023
-0.070559
-0.07545
-0.080694
-0.086287
-0.092225
-0.098504
-0.10512
-0.11207
-0.119349
-0.126952
-0.134876
-0.143114
-0.151663
-0.160517
-0.169671
-0.179119
-0.188856
-0.198875
-0.209171
-0.219737
-0.230566
-0.241651
-0.252986
-0.264562
-0.276373
-0.28841
-0.300664
-0.313128
-0.311691
-0.310301
-0.308957
-0.30766
-0.306409
-0.305204
-0.304045
-0.30293
-0.301858
-0.30083
-0.299843
-0.298897
-0.29799
-0.297121
-0.29629
-0.295494
-0.294733
-0.294005
-0.293309
-0.292645
-0.289475
-0.285935
-0.28203
-0.277767
-0.273151
-0.268186
-0.268273
-0.268356
-0.268435
-0.26851
-0.268581
-0.268649
-0.268713
-0.268773
-0.268831
-0.268886
-0.268938
-0.268988
-0.269034
-0.271802
-0.274874
-0.278253
-0.28194
-0.285936
-0.290241
-0.294854
-0.299774
-0.304998
-0.310525
-0.316352
-0.322474
-0.328889
-0.335592
-0.342579
-0.349844
-0.357384
-0.365192
-0.373262
-0.381588
-0.390165
-0.398984
-0.40804
-0.417324
-0.426829
-0.436548
-0.446471
-0.456591
-0.466899
-0.477385
-0.488039
-0.498853
-0.509816
-0.520918
-0.532149
-0.543497
-0.55495
-0.566499
-0.57813
-0.589831
-0.601591
-0.613397
-0.625235
-0.637093
-0.648957
-0.648534
-0.648075
-0.647586
-0.647075
-0.646548
-0.646008
-0.645461
-0.644911
-0.644359
-0.643811
-0.643266
-0.642729
-0.6422
-0.641681
-0.641172
-0.640676
-0.640192
-0.639721
-0.639264
-0.63882
-0.638391
-0.637976
-0.637575
-0.637188
-0.636815
-0.636456
-0.63611
-0.635778
-0.635459
-0.635153
-0.634859
-0.634577
-0.634307
-0.634048
-0.633801
-0.633563
-0.633337
-0.63312
-0.632913
-0.632715
-0.632525
-0.632344
-0.632172
-0.632007
-0.63185
-0.631701
-0.631558
-0.631421
-0.631291
-0.631168
-0.63105
-0.630937
-0.63083
-0.630728
-0.63063
-0.628405
-0.625833
-0.622924
-0.619685
-0.616123
-0.612245
-0.608055
-0.603558
-0.598757
-0.593654
-0.594525
-0.595344
-0.596114
-0.596838
-0.597519
-0.598161
-0.598765
-0.599333
-0.599869
-0.600374
-0.600851
-0.6013
-0.601724
-0.602124
-0.602501
-0.602858
-0.603194
-0.603513
-0.603813
-0.604097
-0.604366
-0.60462
-0.60486
-0.605088
-0.605303
-0.605506
-0.605699
-0.605881
-0.606054
-0.606218
-0.606373
-0.606519
-0.606658
-0.60679
-0.609185
-0.611768
-0.614548
-0.61753
-0.620719
-0.624119
-0.627732
-0.631558
-0.631149
-0.630755
-0.630374
-0.630008
-0.629656
-0.629317
-0.628991
-0.628679
-0.628379
-0.628092
-0.627817
-0.627553
-0.627301
-0.627059
-0.626828
-0.626607
-0.626396
-0.626194
-0.626002
-0.625817
-0.625642
-0.625474
-0.625314
-0.625161
-0.625016
-0.624877
-0.624745
-0.624618
-0.624498
-0.624384
-0.624275
-0.624171
-0.624072
-0.62605
-0.628244
-0.630659
-0.633299
-0.636167
-0.639263
-0.642587
-0.646139
-0.649917
-0.653918
-0.658139
-0.662576
-0.662078
-0.661587
-0.661105
-0.660633
-0.660172
-0.659722
-0.659284
-0.658859
-0.658447
-0.658047
-0.655938
-0.653444
-0.65058
-0.647359
-0.643793
-0.639891
-0.635662
-0.631114
-0.626253
-0.621083
-0.61561
-0.609836
-0.603765
-0.597398
-0.590737
-0.583783
-0.576536
-0.568995
-0.561162
-0.553035
-0.544613
-0.535895
-0.52688
-0.517567
-0.507954
-0.498039
-0.487823
-0.477302
-0.466475
-0.455342
-0.443902
-0.432152
-0.420093
-0.407725
-0.395046
-0.382056
-0.368757
-0.355147
-0.341228
-0.327002
-0.312469
-0.297631
-0.28249
-0.267049
-0.251311
-0.235279
-0.218957
-0.202348
-0.185458
-0.168292
-0.150855
-0.133153
-0.115193
-0.096981
-0.078526
-0.059834
-0.040915
-0.021777
-0.002429
0.017118
0.014886
0.012765
0.010749
0.008833
0.007012
0.005282
0.003638
0.002076
0.000592
-0.000818
-0.002157
-0.003429
-0.004637
-0.005785
-0.006876
-0.007912
-0.008895
-0.00983
-0.010717
-0.01156
-0.012361
-0.013121
-0.013844
-0.01453
-0.015181
-0.0158
-0.016388
-0.016946
-0.017476
-0.01798
-0.018458
-0.018913
-0.019344
-0.019754
-0.020144
-0.017667
-0.014819
-0.011603
-0.00802
-0.004073
0.000236
0.004902
0.009923
0.015296
0.021018
0.027086
0.033495
0.040243
0.038925
0.037672
0.03648
0.035346
0.034269
0.033244
0.03227
0.031344
0.030464
0.029627
0.028831
0.028076
0.027357
0.026675
0.026026
0.025409
0.024824
0.024267
0.023738
0.023235
0.022757
0.022303
0.021872
0.021462
0.021073
0.020703
0.020351
0.020017
0.0197
0.019398
0.019112
0.01884
0.018581
0.018336
0.018102
0.017881
0.01767
0.01747
0.01728
0.017099
0.016928
0.016765
0.01661
0.016463
0.016323
0.01619
0.016064
0.015945
0.015831
0.015723
0.01562
0.015522
0.01543
0.015342
0.015258
0.015179
0.015103
0.015031
0.014964
0.014899
0.014838
0.014779
0.014724
0.014671
0.014621
0.014574
0.014529
0.014486
0.014445
0.014407
0.01437
0.014335
0.014302
0.014271
0.014241
0.014213
0.014186
0.01416
0.014136
0.014113
0.014091
0.014071
0.014051
0.014032
0.014015
0.013998
0.013982
0.013967
0.013952
0.013939
0.013926
0.013913
0.013902
0.01389
0.01388
0.01387
0.01386
0.013851
0.013843
0.013834
0.013827
0.01382
0.013813
0.013806
0.0138
0.013794
0.013788
0.013783
0.013778
0.013773
0.013768
0.013764
0.01376
0.013756
0.013753
0.013749
0.013746
0.013743
0.01374
0.013737
0.013735
0.013732
0.01373
0.013728
0.013726
0.013724
0.013722
0.01372
0.013718
0.013717
0.013715
0.013714
0.013713
0.013711
0.01371
0.013709
0.013708
0.013707
0.013706
0.013705
0.013705
0.013704
0.013703
0.013702
0.013702
0.013701
0.0137
0.0137
0.013699
0.01086
0.007668
0.004123
0.000227
-0.004018
-0.00861
-0.013547
-0.018826
-0.024444
-0.030399
-0.036689
-0.043309
-0.050257
-0.057529
-0.065122
-0.073032
-0.081256
-0.089789
-0.098627
-0.107766
-0.117202
-0.12693
-0.136944
-0.14724
-0.157813
-0.168656
-0.179764
-0.19113
-0.202749
-0.214614
-0.226717
-0.239052
-0.251611
-0.264385
-0.277368
-0.290551
-0.303925
-0.31748
-0.331207
-0.345096
-0.359137
-0.373321
-0.387635
-0.402069
-0.416612
-0.431251
-0.445975
-0.460771
-0.475627
-0.490528
-0.505462
-0.520414
-0.535372
-0.550321
-0.565245
-0.58013
-0.594961
-0.609722
-0.609185
-0.608615
-0.608018
-0.607402
-0.606773
-0.606135
-0.605493
-0.60485
-0.60421
-0.603576
-0.60295
-0.602334
-0.601729
-0.601137
-0.600559
-0.599995
-0.599447
-0.598915
-0.598399
-0.597899
-0.597416
-0.59695
-0.5965
-0.596066
-0.595648
-0.595247
-0.59486
-0.594489
-0.595117
-0.595683
-0.596194
-0.596656
-0.597072
-0.597448
-0.597787
-0.598721
-0.599463
-0.600036
-0.600463
-0.600761
-0.600948
-0.601038
-0.601045
-0.600981
-0.600856
-0.60068
-0.60046
-0.600204
-0.599918
-0.599608
-0.59928
-0.598936
-0.597839
-0.596589
-0.596115
-0.595663
-0.595231
-0.594819
-0.594426
-0.594052
-0.593695
-0.593354
-0.59303
-0.592721
-0.592426
-0.593418
-0.594351
-0.595229
-0.596056
-0.596834
-0.598238
-0.599386
-0.600309
-0.601033
-0.601584
-0.601983
-0.602251
-0.602404
-0.602458
-0.602428
-0.602324
-0.602159
-0.601376
-0.600379
-0.599201
-0.597877
-0.596432
-0.594892
-0.593278
-0.591609
-0.589901
-0.588168
-0.588074
-0.587987
-0.587905
-0.587829
-0.58567
-0.583132
-0.580227
-0.576966
-0.573359
-0.569413
-0.565135
-0.560532
-0.555608
-0.550367
-0.544812
-0.538947
-0.532772
-0.52629
-0.519502
-0.512408
-0.505009
-0.497305
-0.489295
-0.480979
-0.472357
-0.463428
-0.46519
-0.466848
-0.468407
-0.469874
-0.471255
-0.472555
-0.473781
-0.474935
-0.476023
-0.477049
-0.478016
-0.47608
-0.473786
-0.47114
-0.468145
-0.464805
-0.461124
-0.457102
-0.452744
-0.44805
-0.443022
-0.437662
-0.431971
-0.42595
-0.419599
-0.412919
-0.405911
-0.398575
-0.390911
-0.382921
-0.374603
-0.365957
-0.356986
-0.347688
-0.338065
-0.328116
-0.317843
-0.307246
-0.296327
-0.285086
-0.273524
-0.261644
-0.249447
-0.236935
-0.22411
-0.210976
-0.197533
-0.183787
-0.169739
-0.155395
-0.140757
-0.125831
-0.110622
-0.095134
-0.079374
-0.063347
-0.047059
-0.030518
-0.01373
0.003297
0.001025
-0.001135
-0.003188
-0.007533
-0.01166
-0.015577
-0.019295
-0.022823
-0.02617
-0.029344
-0.032355
-0.03521
-0.037917
-0.040484
-0.042917
-0.045225
-0.047412
-0.049486
-0.051452
-0.053316
-0.055083
-0.056759
-0.058348
-0.059855
-0.061283
-0.062638
-0.063922
-0.065141
-0.066296
-0.067392
-0.066145
-0.064959
-0.061527
-0.057777
-0.053707
-0.049317
-0.044608
-0.039579
-0.034232
-0.028568
-0.022588
-0.016294
-0.009689
-0.002774
0.004449
0.011977
0.019809
0.02794
0.036369
0.045092
0.054107
0.06341
0.072997
0.082866
0.093012
0.103431
0.114119
0.125071
0.136283
0.134925
0.133628
0.132392
0.131213
0.130088
0.129016
0.127995
0.127021
0.126094
0.12521
0.124369
0.123567
0.122804
0.122078
0.121386
0.117977
0.114224
0.110131
0.105697
0.100927
0.095822
0.090384
0.084616
0.07852
0.072099
0.065354
0.05829
0.050908
0.043211
0.035202
0.026883
0.018258
0.009329
0.000101
-0.009425
-0.019245
-0.017926
-0.016672
-0.015479
-0.014347
-0.01327
-0.012247
-0.011275
-0.010351
-0.009473
-0.008639
-0.007847
-0.007094
-0.006378
-0.005699
-0.005053
-0.004439
-0.003856
-0.003302
-0.002776
-0.002276
-0.001801
-0.00135
-0.000921
-0.000514
-0.000127
0.00024
0.00059
0.000921
0.001236
0.001536
0.00182
0.002091
0.002348
0.002591
0.005185
0.007648
0.009987
0.012208
0.014317
0.016319
0.01822
0.020024
0.021737
0.023364
0.024907
0.026848
0.029181
0.031905
0.035016
0.03851
0.042383
0.046632
0.051252
0.05624
0.061591
0.067302
0.073367
0.079785
0.086548
0.093653
0.092069
0.090559
0.08912
0.08775
0.086444
0.0852
0.084015
0.082888
0.079529
0.075845
0.071835
0.0675
0.062839
0.057855
0.052549
0.046921
0.040975
0.034711
0.028133
0.021241
0.014038
0.006527
-0.001289
-0.009409
-0.017829
-0.026546
-0.025571
-0.024645
-0.023764
-0.022928
-0.022132
-0.021376
-0.020658
-0.019975
-0.019327
-0.01871
-0.018124
-0.017568
-0.014206
-0.010515
-0.006495
-0.002146
0.002531
0.007537
0.012868
0.018523
0.015726
0.013066
0.010537
0.008133
0.005848
0.003677
0.001614
-0.000345
-0.002207
-0.001612
-0.001047
-0.000511
-0.000001
0.002847
0.005552
0.008597
0.011984
0.015712
0.01978
0.024187
0.028931
0.034011
0.039424
0.045169
0.051242
0.057642
0.064365
0.071408
0.078769
0.086443
0.094427
0.102718
0.111311
0.120203
0.129389
0.138864
0.148624
0.158664
0.168979
0.179563
0.19041
0.201515
0.212872
0.224473
0.236313
0.248383
0.246917
0.245509
0.244156
0.242857
0.241611
0.240417
0.239273
0.238177
0.237129
0.236126
0.235167
0.23425
0.233374
0.232537
0.231738
0.230976
0.230248
0.229553
0.228891
0.228259
0.227657
0.227082
0.226535
0.223353
0.21981
0.215909
0.211655
0.207051
0.202101
0.196809
0.191177
0.18521
0.178909
0.172278
0.16532
0.158037
0.150432
0.142507
0.134265
0.125709
0.11684
0.107661
0.098175
0.088386
0.078294
0.067904
0.057218
0.04624
0.034973
0.02342
0.011586
-0.000526
-0.012911
-0.025565
-0.038483
-0.05166
-0.049883
-0.048192
-0.046583
-0.045051
-0.043595
-0.042208
-0.04089
-0.039636
-0.038443
-0.040112
-0.042187
-0.044664
-0.047538
-0.050805
-0.054462
-0.058504
-0.062926
-0.067724
-0.072893
-0.078431
-0.08433
-0.090587
-0.097197
-0.104156
-0.111457
-0.119097
-0.127069
-0.135368
-0.143989
-0.152926
-0.162173
-0.171725
-0.181573
-0.191714
-0.202138
-0.21284
-0.223812
-0.235047
-0.246538
-0.258276
-0.270253
-0.282461
-0.294891
-0.307534
-0.320381
-0.333422
-0.346647
-0.360045
-0.373607
-0.387321
-0.401177
-0.415163
-0.429266
-0.443475
-0.457778
-0.472161
-0.486612
-0.501117
-0.515663
-0.530236
-0.544821
-0.559404
-0.57397
-0.588504
-0.602992
-0.617416
-0.631762
-0.646014
-0.645652
-0.645241
-0.644789
-0.644305
-0.643795
-0.643266
-0.642723
-0.642171
-0.640689
-0.63909
-0.637398
-0.635636
-0.633822
-0.631974
-0.630104
-0.628226
-0.626351
-0.624487
-0.622641
-0.620822
-0.619033
-0.619104
-0.619194
-0.619299
-0.619416
-0.619544
-0.61968
-0.619823
-0.61997
-0.620121
-0.620274
-0.620429
-0.620584
-0.620738
-0.620891
-0.621042
-0.62119
-0.621336
-0.62148
-0.621619
-0.621756
-0.621888
-0.622017
-0.622142
-0.622263
-0.62238
-0.622493
-0.622602
-0.622707
-0.622809
-0.622906
-0.623
-0.62309
-0.623176
-0.623259
-0.623339
-0.623415
-0.623488
-0.623558
-0.623625
-0.623689
-0.62375
-0.623809
-0.623865
-0.623918
-0.62212
-0.620344
-0.620371
-0.620416
-0.620477
-0.620551
-0.620636
-0.62073
-0.620831
-0.620939
-0.62105
-0.621165
-0.621282
-0.621401
-0.62152
-0.621639
-0.623872
-0.62632
-0.628988
-0.63188
-0.634999
-0.638345
-0.641918
-0.645716
-0.649737
-0.653977
-0.658433
-0.663098
-0.667969
-0.673039
-0.678302
-0.68375
-0.689376
-0.695173
-0.701133
0.707246
0.713505
0.7199
0.726422
0.733062
0.73273
0.732377
0.732008
0.731627
0.731236
0.73084
0.730442
0.730042
0.729645
0.729251
0.728861
0.728477
0.728101
0.729031
0.730207
0.731628
0.733293
0.735198
0.737341
0.739717
0.742322
0.741969
0.741608
0.74124
0.74087
0.740498
0.740128
0.739761
0.739397
0.739039
0.738687
0.738343
0.738006
0.737678
0.737358
0.738424
0.739713
0.741228
0.742968
0.744931
0.747115
0.749518
0.752136
0.754965
0.758
0.757692
0.757374
0.757047
0.756715
0.756379
0.756043
0.755707
0.755374
0.755045
0.754719
0.7544
0.754087
0.753782
0.753483
0.753193
0.752911
0.752637
0.752371
0.752115
0.751867
0.751627
0.751396
0.751174
0.75096
0.750754
0.750556
0.750366
0.750183
0.750009
0.749841
0.749681
0.749527
0.74938
0.749239
0.749104
0.748975
0.748852
0.748735
0.748622
0.748515
0.748413
0.748315
0.748222
0.748133
0.748049
0.747968
0.747891
0.747818
0.747748
0.747681
0.747618
0.747557
0.7475
0.747445
0.747393
0.747343
0.747296
0.747251
0.747208
0.747167
0.747128
0.747091
0.747056
0.747023
0.746991
0.746961
0.746932
0.746905
0.746879
0.746854
0.746831
0.746808
0.746787
0.746767
0.746748
0.748493
0.750385
0.752431
0.754638
0.75701
0.759549
0.762258
0.765136
0.768182
0.771396
0.774775
0.778315
0.782011
0.785859
0.789853
0.793987
0.798253
0.802646
0.807157
0.811777
0.816497
0.82131
0.826204
0.831171
0.8362
0.836313
0.836372
0.836384
0.836356
0.836294
0.836202
0.836086
0.83595
0.835796
0.835629
0.835452
0.83593
0.836601
0.837465
0.838518
0.839759
0.841184
0.842789
0.84457
0.84652
0.848635
0.850907
0.85333
0.855896
0.858598
0.861427
0.864375
0.867433
0.870591
0.873839
0.877169
0.877605
0.87796
0.878242
0.878462
0.878626
0.878741
0.878815
0.878852
0.878858
0.878838
0.878794
0.878731
0.878651
0.878558
0.878453
0.87834
0.878219
0.878093
0.877962
0.877828
0.877693
0.877556
0.877419
0.877283
0.877148
0.877014
0.876883
0.876754
0.876628
0.876504
0.876384
0.876267
0.876153
0.877959
0.879589
0.881062
0.882392
0.883593
0.884677
0.885656
0.88654
0.887338
0.888058
0.888709
0.889296
0.889826
0.890304
0.890736
0.891126
0.891477
0.891795
0.892082
0.89234
0.893193
0.893828
0.894273
0.894553
0.89469
0.894704
0.894707
0.89471
0.894712
0.894715
0.894717
0.894698
0.894578
0.894372
0.894093
0.893754
0.893364
0.892932
0.892467
0.891976
0.891465
0.89094
0.890404
0.889862
0.889317
0.888773
0.888233
0.887697
0.887169
0.887448
0.887861
0.888411
0.889103
0.889936
0.89091
0.892024
0.893276
0.89466
0.896174
0.897811
0.899566
0.901431
0.903401
0.905465
0.907617
0.909848
0.909913
0.909928
0.909901
0.909839
0.909745
0.909627
0.909487
0.909329
0.909156
0.908862
0.908381
0.907742
0.906972
0.906092
0.905124
0.906092
0.906903
0.907573
0.908121
0.908559
0.908903
0.909162
0.909349
0.909472
0.90954
0.90956
0.909539
0.909484
0.909398
0.909288
0.909156
0.909007
0.910432
0.911719
0.914213
0.916481
0.918568
0.920512
0.922348
0.924103
0.925804
0.926898
0.928037
0.929229
0.930475
0.931779
0.933139
0.934555
0.936025
0.937543
0.939106
0.940707
0.942341
0.943998
0.945673
0.947356
0.949038
0.950711
0.952363
0.953986
0.955568
0.957099
0.958568
0.959963
0.961273
0.962486
0.963591
0.964576
0.965428
0.966135
0.966686
0.967067
0.967267
0.968289
0.969188
0.969976
0.970666
0.971268
0.971792
0.972247
0.973625
0.974671
0.975426
0.975928
0.976211
0.976304
0.976234
0.976025
0.975698
0.975271
0.97476
0.974181
0.973545
0.972865
0.972149
0.971406
0.970645
0.969871
0.969089
0.968306
0.968747
0.969145
0.969504
0.969828
0.970121
0.970385
0.970624
0.97084
0.971034
0.971209
0.971368
0.971511
0.97164
0.971757
0.971862
0.971957
0.972043
0.972665
0.973106
0.97339
0.973536
0.973565
0.973492
0.973333
0.973101
0.972807
0.972495
0.97217
0.971837
0.971498
0.971153
0.970805
0.970451
0.97009
0.96972
0.969337
0.968938
0.968517
0.968069
0.967588
0.967068
0.966501
0.965881
0.9652
0.964449
0.963621
0.962705
0.961694
0.961243
0.960809
0.962233
0.965162
0.967622
0.969667
0.971345
0.972701
0.973772
0.974595
0.9752
0.975616
0.975867
0.975976
0.975963
0.975844
0.975636
0.975352
0.975005
0.974605
0.974162
0.973684
0.973179
0.972652
0.97211
0.971557
0.970998
0.970437
0.969875
0.969317
0.968764
0.968218
0.967682
0.967155
0.96664
0.966137
0.967132
0.968028
0.970058
0.971709
0.973026
0.974049
0.974817
0.97536
0.975709
0.975889
0.975923
0.975833
0.975636
0.975348
0.974985
0.974558
0.974079
0.973557
0.973001
0.973263
0.973499
0.973714
0.973909
0.974086
0.974246
0.974392
0.974524
0.974644
0.974753
0.974851
0.974941
0.975023
0.975097
0.975165
0.975227
0.975283
0.975333
0.97538
0.975422
0.975461
0.97575
0.975893
0.975908
0.975815
0.975628
0.975363
0.975032
0.974646
0.974214
0.973746
0.973977
0.974184
0.97437
0.974537
0.974687
0.974822
0.974942
0.97505
0.975146
0.975233
0.97531
0.975379
0.975441
0.975497
0.975546
0.97559
0.975629
0.975664
0.975695
0.975722
0.975747
0.975768
0.975788
0.975805
0.97582
0.975833
0.975844
0.975855
0.975864
0.975871
0.975878
0.975884
0.975889
0.975894
0.975897
0.975901
0.975903
0.975905
0.975907
0.975909
0.97591
0.975911
0.975912
0.975913
0.975913
0.975913
0.975913
0.975913
0.975913
0.975913
0.975913
0.975912
0.975912
0.975912
0.975911
0.975911
0.97591
0.97591
0.975909
0.975909
0.975908
0.975908
0.975907
0.975907
0.975906
0.975906
0.975905
0.975905
0.975904
0.975904
0.975903
0.975903
0.975902
0.975902
0.975902
0.975901
0.975901
0.975901
0.9759
0.9759
0.9759
0.975899
0.975899
0.975899
0.975898
0.975898
0.975898
0.975898
0.975898
0.975897
0.975897
0.975897
0.975897
0.975896
0.975896
0.975896
0.975896
0.975896
0.975896
0.975896
0.975895
0.975895
0.975895
0.975895
0.975895
0.975895
0.975895
0.975895
0.975894
0.975894
0.975894
0.975894
0.975894
0.975894
0.975894
0.975894
0.975894
0.975894
0.975894
0.975894
0.975894
0.975894
0.975894
0.975894
0.975893
0.975894
0.975893
0.975893
0.975893
0.975893
0.975893
0.975893
0.975893
0.975893
0.975893
0.975893
0.975893
0.975893
0.975893
0.975893
0.975893
0.975893
0.975893
0.975893
0.975893
0.975893
0.975893
0.975893
0.975893
0.975893
0.975893
0.975893
0.975893
0.975893
0.975893
0.975893
0.975893
0.975893
0.975893
0.975893
0.975893
0.975893
0.975893
0.975893
0.975893
0.975893
0.975893
0.975893
0.975893
0.975893
0.975893
0.975893
0.975893
0.975893
0.975893
0.975893
0.975893
0.975893
0.975893
0.975893
0.975893
0.975893
0.975893
0.975893
0.975893
0.975893
0.975893
0.975893
0.975893
0.975893
0.975893
0.975893
0.975893
0.975893
0.975893
0.975893
0.975893
0.975893
0.975893
0.975893
0.975893
0.975893
0.975893
0.975893
0.975893
0.975893
0.975893
0.975893
0.975893
0.975893
0.975893
0.975893
0.975893
0.975893
0.975893
0.975893
0.975893
0.975893
0.975893
0.975893
0.975893
0.975893
0.975893
0.975893
0.975893
0.975893
0.975893
0.975893
0.975893
0.975893
0.975893
0.975893
0.975893
0.975893
0.975893
0.975893
0.975893
0.975893
0.975893
0.975893
0.975893
0.975893
0.975893
0.975893
0.975893
0.975893
0.975893
0.975893
0.975893
0.975893
0.975893
0.975893
0.975893
0.975893
0.975893
0.975893
0.975893
0.975893
0.975893
0.975893
0.975893
0.975893
0.975893
0.975893
0.975893
0.975893
0.975893
0.975893
0.975893
0.975893
0.975893
0.975893
0.975893
0.975893
0.975893
0.975893
0.975893
0.975893
0.975893
0.975893
0.975893
0.975893
0.975893
0.975893
0.975893
0.975893
0.975893
0.975893
0.975893
0.975893
0.975893
0.975893
0.975893
0.975893
0.975893
0.975893
0.975893
0.975893
0.975893
0.975893
0.975893
0.975893
0.975893
0.975893
0.975893
0.975893
0.975893
0.975893
0.975893
0.975893
0.975893
0.975893
0.975893
0.975893
0.975893
0.975893
0.975893
0.975915
0.975837
0.975671
0.975427
0.975111
0.974729
0.974286
0.973784
0.973225
0.972609
0.971934
0.9712
0.970403
0.96954
0.970157
0.970715
0.97122
0.971677
0.97209
0.972464
0.972803
0.973109
0.973386
0.973637
0.973864
0.97407
0.974256
0.974425
0.974578
0.974717
0.974842
0.974956
0.97506
0.975153
0.975238
0.975315
0.975385
0.975448
0.975506
0.975558
0.975606
0.975649
0.975689
0.975724
0.975757
0.975786
0.975813
0.975838
0.97586
0.975881
0.975899
0.975916
0.975932
0.975946
0.975958
0.97597
0.975981
0.975991
0.976
0.976008
0.976016
0.976023
0.976029
0.976035
0.97604
0.976045
0.97605
0.976054
0.976058
0.976061
0.976064
0.976067
0.97607
0.976073
0.976116
0.976043
0.975873
0.97562
0.975296
0.974914
0.974484
0.974014
0.973513
0.972987
0.972444
0.971887
0.971321
0.971808
0.972247
0.972642
0.972998
0.973318
0.973606
0.973865
0.974098
0.974898
0.975472
0.975849
0.976057
0.976117
0.976051
0.975876
0.97561
0.975267
0.974859
0.974397
0.973892
0.973353
0.973607
0.973837
0.974046
0.974234
0.974405
0.97456
0.9747
0.974828
0.974943
0.975047
0.975142
0.975228
0.975306
0.975377
0.975441
0.9755
0.975553
0.975601
0.975644
0.975684
0.97572
0.975753
0.975783
0.975811
0.975835
0.975858
0.975878
0.975897
0.975914
0.97593
0.975944
0.975957
0.975969
0.97598
0.97599
0.975999
0.976007
0.976015
0.976022
0.976029
0.976034
0.97604
0.976045
0.976049
0.976054
0.976058
0.976061
0.976064
0.976067
0.97607
0.976073
0.976075
0.976077
0.976079
0.976081
0.976083
0.976085
0.976086
0.976088
0.976089
0.97609
0.976091
0.976092
0.976093
0.976094
0.976095
0.976096
0.976097
0.976097
0.976098
0.976098
0.976099
0.976099
0.9761
0.976101
0.97597
0.975726
0.975377
0.974935
0.974406
0.973796
0.973108
0.972347
0.971512
0.970605
0.969625
0.968569
0.967436
0.966221
0.96492
0.963528
0.962041
0.960452
0.958753
0.956939
0.955002
0.952934
0.950727
0.948373
0.945863
0.943188
0.940339
0.937308
0.934083
0.930657
0.92702
0.923162
0.919073
0.914745
0.910167
0.905329
0.907439
0.909372
0.911144
0.912769
0.91426
0.915629
0.916887
0.919919
0.922544
0.924805
0.926744
0.928397
0.92994
0.931396
0.932785
0.934124
0.935426
0.936702
0.937963
0.939214
0.940462
0.94171
0.94296
0.944213
0.945468
0.946724
0.947978
0.947732
0.947465
0.94718
0.946882
0.946574
0.946259
0.94667
0.947476
0.947877
0.947905
0.947592
0.946965
0.946046
0.944856
0.943411
0.941725
0.939812
0.93768
0.935338
0.932791
0.930045
0.927101
0.923963
0.924405
0.924815
0.925195
0.925547
0.925875
0.926179
0.926462
0.926725
0.926971
0.927199
0.927412
0.92761
0.927796
0.927969
0.92813
0.928282
0.927213
0.925966
0.924548
0.922964
0.921219
0.919316
0.917258
0.915045
0.912679
0.910158
0.907482
0.904647
0.901651
0.898491
0.895162
0.891661
0.887983
0.884121
0.880072
0.875828
0.871384
0.866733
0.861869
0.856784
0.851473
0.845927
0.840141
0.834106
0.827816
0.829993
0.832003
0.833858
0.835572
0.837157
0.838622
0.839979
0.841235
0.842399
0.843478
0.844479
0.845409
0.846272
0.847075
0.849651
0.851917
0.853906
0.855646
0.857164
0.858486
0.859631
0.860619
0.861469
0.862195
0.862064
0.861937
0.861813
0.861694
0.861579
0.861468
0.860425
0.859315
0.858153
0.856952
0.855724
0.854478
0.853224
0.851968
0.850717
0.849477
0.848252
0.848918
0.849538
0.850116
0.850655
0.851158
0.851628
0.852066
0.852477
0.85286
0.85322
0.853556
0.853871
0.854167
0.854444
0.854704
0.854948
0.855177
0.855392
0.855595
0.855785
0.855964
0.856133
0.856291
0.856441
0.856582
0.856714
0.85684
0.856958
0.857069
0.857174
0.857273
0.857367
0.857456
0.857539
0.857618
0.857693
0.857764
0.857831
0.857894
0.857954
0.85801
0.858064
0.858114
0.858162
0.858208
0.858251
0.858292
0.858331
0.858367
0.858402
0.858435
0.858466
0.858496
0.858523
0.85855
0.858575
0.857387
0.856167
0.854926
0.853674
0.852418
0.851165
0.849921
0.84869
0.847477
0.846286
0.845118
0.843977
0.842864
0.84391
0.844882
0.845784
0.846622
0.847401
0.848126
0.848801
0.849429
0.847972
0.846301
0.844421
0.842334
0.840043
0.837548
0.83485
0.831949
0.828844
0.825533
0.826934
0.828232
0.829435
0.830552
0.831588
0.832551
0.833446
0.834279
0.835053
0.835775
0.836448
0.837074
0.837659
0.838205
0.838715
0.839192
0.839638
0.838109
0.836351
0.834368
0.832165
0.829745
0.827109
0.824259
0.821196
0.817919
0.814428
0.810721
0.806796
0.802652
0.798284
0.793691
0.788869
0.783813
0.77852
0.772985
0.767204
0.761172
0.754884
0.748336
0.741522
0.734437
0.727076
0.719434
0.711506
0.703287
0.694772
0.685956
0.676834
0.667402
0.657654
-0.647589
-0.637199
-0.626483
-0.615436
-0.604055
-0.592337
-0.58028
-0.56788
-0.555135
-0.542045
-0.528606
-0.514819
-0.500683
-0.486197
-0.471361
-0.456177
-0.440645
-0.424766
-0.408542
-0.391977
-0.375073
-0.357833
-0.340261
-0.322362
-0.304141
-0.285603
-0.266754
-0.247602
-0.228153
-0.208414
-0.188394
-0.168103
-0.147548
-0.126742
-0.105693
-0.084413
-0.062913
-0.041206
-0.019305
0.002778
0.000411
-0.001838
-0.003973
-0.006002
-0.007928
-0.009758
-0.011496
-0.013146
-0.014713
-0.016201
-0.014739
-0.012861
-0.010571
-0.007873
-0.004771
-0.001271
0.002624
0.006909
0.011579
0.009823
0.008154
0.006568
0.005061
0.003629
0.002268
0.000976
-0.000252
-0.001419
-0.004901
-0.008208
-0.011347
-0.014328
-0.017157
-0.019841
-0.022389
-0.024807
-0.0271
-0.029276
-0.031341
-0.0333
-0.035158
-0.036921
-0.038593
-0.04018
-0.041685
-0.043113
-0.044468
-0.045754
-0.046974
-0.048131
-0.046913
-0.043431
-0.040113
-0.036951
-0.03394
-0.031073
-0.028344
-0.025748
-0.023278
-0.020929
-0.018695
-0.01657
-0.014551
-0.012631
-0.010806
-0.009072
-0.007424
-0.005858
-0.00437
-0.002956
-0.001613
-0.002711
-0.003754
-0.004745
-0.005686
-0.00658
-0.007429
-0.008236
-0.009002
-0.00973
-0.010421
-0.011077
-0.011701
-0.012293
-0.012856
-0.013391
-0.013898
-0.01438
-0.014838
-0.015273
-0.015686
-0.016079
-0.016452
-0.016806
-0.017142
-0.017461
-0.017765
-0.018053
-0.018327
-0.018587
-0.018834
-0.019069
-0.019292
-0.019503
-0.019705
-0.019895
-0.020077
-0.020249
-0.020413
-0.020568
-0.020716
-0.020856
-0.020989
-0.021116
-0.021236
-0.02135
-0.021459
-0.021562
-0.02166
-0.021753
-0.021841
-0.021925
-0.022004
-0.02208
-0.022152
-0.02222
-0.022285
-0.022346
-0.022405
-0.02246
-0.022513
-0.022563
-0.022611
-0.022656
-0.022699
-0.022739
-0.022778
-0.022815
-0.02285
-0.022883
-0.022915
-0.022944
-0.022973
-0.023
-0.023026
-0.02305
-0.023073
-0.023095
-0.023116
-0.023136
-0.023154
-0.023172
-0.023189
-0.023205
-0.02322
-0.023235
-0.023248
-0.023261
-0.023274
-0.023286
-0.023297
-0.023307
-0.023317
-0.023327
-0.023336
-0.023344
-0.02099
-0.018752
-0.016624
-0.014601
-0.012677
-0.010849
-0.009112
-0.00746
-0.005892
-0.004401
-0.002984
-0.001638
-0.002734
-0.003775
-0.004763
-0.005702
-0.006594
-0.007441
-0.008246
-0.00901
-0.009736
-0.010426
-0.011081
-0.011703
-0.012294
-0.012856
-0.013389
-0.013896
-0.014377
-0.014834
-0.015268
-0.01568
-0.016071
-0.016443
-0.016797
-0.017132
-0.017451
-0.017754
-0.018041
-0.018314
-0.018574
-0.01882
-0.019054
-0.019277
-0.019488
-0.019688
-0.019879
-0.02006
-0.020232
-0.020395
-0.02055
-0.020698
-0.020838
-0.020971
-0.021097
-0.021217
-0.021331
-0.021439
-0.021542
-0.02164
-0.021733
-0.021821
-0.021904
-0.021984
-0.02206
-0.022131
-0.022199
-0.022264
-0.022325
-0.022384
-0.022439
-0.022492
-0.022542
-0.022589
-0.022634
-0.022677
-0.022718
-0.022756
-0.022793
-0.022828
-0.022861
-0.022892
-0.022922
-0.022951
-0.022978
-0.023003
-0.023027
-0.02305
-0.023072
-0.023093
-0.023113
-0.023132
-0.023149
-0.023166
-0.023182
-0.023198
-0.023212
-0.023226
-0.023239
-0.023251
-0.023263
-0.023274
-0.023284
-0.023294
-0.023304
-0.023313
-0.023321
-0.02333
-0.023337
-0.023345
-0.023351
-0.023358
-0.023364
-0.02337
-0.023376
-0.023381
-0.023386
-0.023391
-0.023396
-0.0234
-0.023404
-0.023408
-0.023411
-0.023415
-0.026254
-0.029442
-0.032979
-0.036863
-0.041093
-0.045667
-0.050582
-0.055837
-0.061429
-0.067355
-0.073613
-0.080198
-0.087109
-0.09434
-0.101889
-0.109753
-0.117925
-0.126404
-0.135184
-0.14426
-0.153629
-0.163284
-0.173221
-0.183434
-0.193917
-0.204665
-0.215671
-0.226929
-0.238432
-0.250173
-0.262145
-0.27434
-0.286751
-0.299369
-0.312185
-0.325191
-0.338378
-0.351735
-0.365254
-0.378924
-0.392735
-0.406676
-0.420736
-0.434902
-0.449165
-0.463511
-0.477928
-0.492403
-0.506923
-0.521475
-0.536045
-0.550619
-0.565184
-0.579723
-0.594223
-0.593619
-0.592988
-0.592336
-0.59167
-0.590995
-0.590315
-0.589635
-0.588958
-0.588286
-0.587623
-0.586971
-0.58633
-0.585703
-0.585091
-0.584494
-0.583914
-0.58335
-0.582804
-0.582274
-0.581763
-0.581269
-0.580792
-0.580333
-0.581777
-0.583511
-0.585534
-0.587843
-0.590438
-0.593315
-0.596472
-0.599904
-0.603607
-0.607576
-0.611805
-0.616289
-0.621021
-0.625995
-0.631203
-0.636637
-0.642291
-0.648156
-0.654222
-0.660483
-0.666927
-0.673546
-0.680331
-0.68727
-0.694355
-0.701573
0.708915
0.716369
0.723925
0.731569
0.731421
0.731221
0.730588
0.729735
0.728699
0.727511
0.726199
0.724787
0.723297
0.721747
0.720153
0.718531
0.716892
0.715246
0.713603
0.711971
0.710357
0.708764
0.7072
0.705666
0.704167
0.702704
0.701281
0.699898
0.698555
0.697255
0.695998
0.694782
0.69361
0.692479
0.69139
0.690342
0.689334
0.688366
0.687437
0.689263
0.690964
0.692549
0.694026
0.695404
0.696689
0.697889
0.69901
0.700059
0.701039
0.701956
0.702815
0.703619
0.704373
0.705079
0.705742
0.706365
0.706949
0.707498
0.708014
0.708499
0.708955
0.709384
0.709788
0.710168
0.710527
0.710864
0.711183
0.711483
0.711766
0.712033
0.712285
0.712523
0.712748
0.71296
0.713161
0.713351
0.71353
0.713699
0.71386
0.714011
0.714155
0.71429
0.714419
0.71454
0.714656
0.714765
0.714868
0.714966
0.715058
0.715146
0.715229
0.715308
0.715383
0.715454
0.715521
0.715584
0.71394
0.712306
0.710687
0.709089
0.707519
0.705979
0.704472
0.703002
0.70157
0.702453
0.703281
0.704055
0.704782
0.705464
0.706103
0.706703
0.707267
0.707796
0.708294
0.708763
0.709203
0.709618
0.710008
0.710376
0.710722
0.711048
0.711356
0.711646
0.71192
0.712179
0.712423
0.712653
0.712871
0.713076
0.713271
0.713454
0.713628
0.713792
0.713947
0.714094
0.712458
0.710837
0.709238
0.707665
0.706121
0.704612
0.703138
0.701703
0.700307
0.698953
0.69764
0.696369
0.695142
0.693956
0.692813
0.691711
0.690651
0.689632
0.688652
0.687711
0.686807
0.685941
0.685111
0.684316
0.683554
0.682825
0.682127
0.684325
0.686369
0.68827
0.690039
0.691687
0.693223
0.694654
0.69599
0.697236
0.6984
0.699488
0.700505
0.701456
0.702347
0.703181
0.703962
0.704695
0.705381
0.706026
0.706631
0.707199
0.707733
0.708234
0.708706
0.70915
0.709568
0.709961
0.710331
0.71068
0.711009
0.711319
0.711611
0.711887
0.712148
0.712393
0.712625
0.712845
0.713052
0.713247
0.713432
0.713607
0.713772
0.713929
0.714076
0.714216
0.714349
0.714474
0.714593
0.714705
0.714812
0.714912
0.716659
0.718231
0.719644
0.720914
0.722056
0.723082
0.724003
0.72483
0.725573
0.726238
0.726836
0.727371
0.72785
0.72828
0.728664
0.729008
0.729315
0.72959
0.729835
0.730054
0.730249
0.730423
0.730578
0.730715
0.730837
0.730946
0.731042
0.731127
0.731202
0.730957
0.730678
0.730371
0.730041
0.729693
0.729332
0.728961
0.728583
0.728202
0.727819
0.727437
0.726118
0.724701
0.723206
0.721654
0.720058
0.718434
0.716794
0.715149
0.713507
0.711875
0.710262
0.708671
0.707108
0.705576
0.704079
0.704804
0.705484
0.706123
0.706721
0.707284
0.707813
0.70831
0.708777
0.709217
0.70963
0.71002
0.710387
0.710733
0.711058
0.711366
0.711656
0.711929
0.712187
0.71243
0.71266
0.712878
0.713083
0.713277
0.71346
0.713633
0.713797
0.713952
0.714099
0.714238
0.714369
0.714493
0.714611
0.714722
0.714828
0.714927
0.715022
0.716758
0.71832
0.719724
0.720986
0.722121
0.72314
0.724055
0.724877
0.725615
0.726276
0.726869
0.726496
0.726128
0.725768
0.725414
0.725069
0.724733
0.724406
0.724088
0.72378
0.723482
0.721938
0.720349
0.718729
0.717092
0.715446
0.713803
0.712169
0.710552
0.708957
0.707388
0.707911
0.708402
0.708864
0.709298
0.709707
0.710092
0.710455
0.710797
0.711119
0.711423
0.711709
0.71198
0.712235
0.712476
