0.0
-0.007713
-0.01504
-0.021999
-0.028608
-0.034884
-0.040844
-0.046503
-0.051876
-0.056978
-0.061822
-0.066422
-0.070788
-0.074934
-0.07887
-0.082607
-0.086155
-0.089523
-0.092722
-0.095758
-0.098641
-0.101378
-0.103977
-0.106445
-0.108788
-0.111013
-0.113125
-0.115131
-0.117036
-0.118845
-0.120562
-0.122193
-0.123742
-0.125213
-0.12661
-0.127936
-0.129196
-0.130392
-0.131528
-0.132607
-0.133632
-0.134605
-0.13553
-0.136408
-0.137241
-0.138033
-0.138785
-0.1395
-0.140178
-0.140823
-0.141435
-0.142016
-0.142569
-0.143093
-0.143592
-0.144065
-0.144514
-0.144941
-0.145347
-0.145732
-0.146098
-0.146446
-0.146776
-0.14709
-0.147388
-0.147671
-0.14794
-0.148195
-0.148438
-0.148668
-0.148887
-0.149095
-0.149293
-0.149481
-0.149659
-0.149828
-0.149989
-0.150142
-0.150287
-0.150425
-0.150556
-0.150681
-0.150799
-0.150911
-0.151018
-0.151119
-0.151216
-0.151307
-0.151394
-0.151476
-0.151555
-0.151629
-0.1517
-0.151767
-0.151831
-0.151892
-0.151949
-0.152004
-0.152056
-0.152106
-0.152152
-0.152197
-0.152239
-0.15228
-0.152318
-0.152354
-0.152389
-0.152422
-0.152453
-0.152482
-0.152511
-0.152537
-0.152563
-0.152587
-0.152609
-0.152631
-0.152652
-0.152672
-0.15269
-0.152708
-0.152725
-0.152741
-0.152756
-0.15277
-0.152784
-0.152797
-0.152809
-0.152821
-0.152832
-0.152843
-0.152853
-0.152863
-0.152872
-0.15288
-0.152889
-0.152896
-0.152904
-0.152911
-0.152918
-0.152924
-0.15293
-0.152936
-0.152941
-0.152946
-0.152951
-0.152956
-0.15296
-0.152964
-0.152969
-0.152972
-0.152976
-0.152979
-0.152983
-0.152986
-0.152989
-0.152991
-0.152994
-0.152996
-0.152999
-0.153001
-0.153003
-0.153005
-0.153007
-0.153009
-0.153011
-0.153013
-0.153014
-0.153016
-0.153017
-0.153019
-0.15302
-0.153021
-0.153022
-0.153023
-0.153024
-0.153026
-0.153026
-0.153027
-0.153028
-0.153029
-0.15303
-0.15303
-0.153031
-0.153031
-0.153031
-0.153031
-0.153031
-0.153031
-0.153031
-0.153031
-0.153031
-0.153031
-0.153031
-0.153031
-0.153031
-0.153031
-0.153031
-0.153031
-0.153031
-0.153031
-0.160624
-0.167883
-0.174818
-0.181439
-0.187756
-0.193778
-0.199517
-0.20498
-0.210176
-0.215116
-0.219805
-0.224253
-0.228466
-0.232452
-0.236219
-0.239771
-0.243115
-0.246256
-0.249201
-0.251952
-0.254516
-0.250303
-0.246288
-0.242463
-0.238819
-0.23535
-0.232046
-0.228902
-0.225908
-0.229593
-0.233109
-0.236459
-0.239648
-0.242679
-0.245555
-0.24828
-0.250857
-0.253289
-0.255579
-0.25773
-0.259744
-0.261625
-0.263374
-0.264993
-0.266483
-0.267848
-0.269087
-0.270203
-0.271196
-0.272068
-0.272819
-0.273449
-0.273959
-0.274349
-0.27462
-0.274771
-0.274802
-0.274713
-0.274504
-0.274174
-0.273722
-0.273148
-0.27245
-0.271629
-0.270683
-0.269612
-0.268414
-0.267088
-0.265633
-0.264049
-0.262334
-0.260487
-0.258506
-0.256392
-0.254143
-0.251758
-0.249236
-0.246575
-0.24511
-0.243693
-0.242324
-0.241005
-0.239733
-0.238509
-0.238953
-0.239312
-0.239587
-0.239774
-0.239872
-0.23988
-0.239796
-0.23962
-0.239351
-0.238986
-0.237884
-0.236818
-0.23579
-0.234799
-0.233845
-0.232927
-0.232045
-0.231197
-0.230384
-0.229603
-0.228855
-0.228138
-0.227451
-0.226794
-0.226165
-0.225564
-0.224989
-0.22444
-0.223915
-0.223414
-0.222935
-0.222478
-0.222042
-0.221627
-0.22123
-0.220852
-0.220492
-0.220148
-0.219821
-0.219509
-0.219211
-0.218928
-0.218659
-0.218402
-0.218157
-0.217925
-0.217703
-0.219194
-0.22058
-0.221854
-0.223014
-0.224054
-0.224972
-0.225765
-0.22643
-0.226967
-0.227372
-0.227645
-0.227785
-0.227792
-0.227664
-0.227401
-0.227003
-0.22647
-0.225801
-0.224996
-0.224057
-0.223765
-0.223476
-0.223191
-0.222911
-0.222636
-0.222367
-0.222105
-0.22185
-0.221602
-0.221362
-0.221129
-0.220903
-0.220685
-0.220474
-0.220271
-0.220076
-0.219888
-0.219707
-0.219533
-0.219366
-0.219205
-0.219052
-0.218904
-0.218763
-0.218628
-0.218498
-0.218374
-0.218256
-0.218143
-0.218035
-0.217931
-0.217833
-0.217738
-0.217648
-0.217563
-0.217481
-0.217403
-0.217328
-0.217257
-0.217189
-0.217125
-0.217063
-0.217005
-0.216949
-0.216896
-0.216845
-0.217525
-0.218132
-0.218658
-0.219097
-0.219443
-0.21969
-0.219834
-0.219871
-0.219798
-0.219611
-0.219309
-0.218888
-0.218346
-0.217683
-0.217691
-0.21769
-0.217684
-0.217672
-0.217655
-0.217634
-0.21761
-0.217584
-0.217555
-0.217525
-0.217493
-0.217461
-0.217428
-0.217394
-0.21736
-0.217326
-0.217293
-0.217259
-0.217226
-0.217194
-0.217162
-0.217131
-0.217101
-0.217071
-0.217042
-0.217015
-0.21679
-0.216535
-0.216238
-0.21589
-0.215481
-0.215003
-0.214449
-0.213813
-0.213949
-0.214077
-0.214197
-0.21431
-0.214416
-0.214516
-0.214611
-0.2147
-0.214783
-0.214863
-0.214937
-0.215007
-0.215073
-0.215136
-0.215195
-0.215251
-0.215303
-0.215353
-0.2154
-0.215445
-0.215487
-0.215014
-0.214512
-0.213971
-0.213383
-0.212739
-0.212032
-0.211255
-0.210402
-0.209468
-0.208449
-0.207341
-0.206138
-0.204839
-0.20344
-0.201939
-0.200334
-0.198621
-0.196801
-0.19487
-0.195959
-0.196983
-0.197948
-0.198857
-0.199714
-0.200522
-0.201283
-0.202002
-0.20268
-0.203319
-0.203923
-0.202897
-0.201847
-0.200764
-0.199641
-0.198471
-0.197246
-0.195961
-0.194612
-0.193192
-0.194318
-0.19538
-0.196381
-0.197326
-0.198218
-0.19906
-0.199855
-0.200605
-0.201315
-0.201985
-0.202619
-0.203218
-0.203785
-0.204321
-0.204828
-0.205307
-0.203998
-0.202684
-0.201352
-0.199995
-0.198604
-0.197171
-0.195689
-0.194151
-0.192552
-0.190887
-0.18915
-0.187339
-0.185448
-0.183474
-0.181415
-0.179267
-0.177029
-0.174697
-0.17227
-0.174292
-0.176203
-0.178009
-0.179717
-0.181332
-0.182859
-0.184303
-0.185669
-0.186962
-0.188186
-0.189344
-0.19044
-0.191478
-0.19246
-0.193391
-0.194272
-0.195107
-0.195898
-0.196648
-0.197358
-0.198031
-0.198669
-0.201887
-0.204936
-0.207811
-0.21051
-0.213031
-0.215372
-0.217531
-0.219509
-0.221304
-0.222918
-0.224351
-0.225603
-0.226676
-0.22757
-0.228288
-0.22883
-0.229198
-0.229393
-0.229418
-0.229273
-0.22896
-0.22848
-0.22789
-0.22732
-0.22677
-0.22624
-0.22573
-0.22524
-0.224769
-0.224316
-0.223882
-0.223466
-0.223066
-0.222684
-0.222318
-0.221968
-0.221633
-0.221312
-0.221006
-0.220713
-0.220433
-0.220166
-0.219911
-0.219668
-0.220608
-0.221462
-0.222223
-0.222887
-0.223448
-0.223903
-0.224249
-0.224482
-0.2246
-0.2246
-0.224482
-0.224243
-0.223882
-0.223398
-0.22279
-0.222057
-0.221198
-0.220214
-0.219103
-0.217864
-0.216499
-0.215006
-0.213386
-0.211638
-0.209762
-0.207759
-0.205627
-0.203368
-0.200981
-0.198466
-0.195824
-0.193055
-0.190158
-0.187134
-0.183984
-0.180708
-0.177306
-0.173778
-0.170126
-0.166349
-0.162448
-0.158424
-0.161156
-0.163737
-0.166175
-0.168479
-0.170656
-0.172715
-0.174661
-0.176501
-0.178241
-0.179888
-0.181445
-0.182919
-0.184314
-0.185634
-0.186883
-0.188067
-0.189187
-0.193089
-0.196794
-0.2003
-0.203605
-0.206705
-0.2096
-0.212291
-0.214776
-0.217057
-0.219134
-0.221009
-0.222684
-0.224159
-0.225438
-0.226522
-0.227413
-0.228113
-0.228626
-0.228951
-0.229094
-0.229054
-0.228835
-0.228438
-0.227866
-0.227121
-0.226623
-0.22614
-0.225672
-0.22522
-0.224784
-0.224364
-0.223958
-0.223568
-0.223193
-0.222833
-0.222487
-0.222154
-0.221836
-0.22153
-0.221238
-0.220957
-0.220689
-0.220433
-0.220187
-0.219953
-0.219729
-0.219514
-0.21931
-0.219115
-0.218928
-0.218751
-0.218581
-0.218419
-0.218265
-0.218118
-0.217978
-0.217844
-0.217717
-0.217595
-0.21748
-0.21737
-0.217265
-0.217165
-0.21707
-0.21698
-0.216894
-0.216812
-0.216734
-0.21666
-0.216589
-0.216522
-0.216458
-0.216398
-0.21634
-0.216285
-0.216233
-0.216183
-0.216135
-0.21609
-0.216048
-0.216007
-0.215968
-0.215932
-0.215897
-0.215863
-0.215832
-0.215802
-0.215773
-0.215746
-0.21572
-0.215696
-0.215673
-0.215651
-0.21563
-0.215609
-0.215591
-0.215572
-0.215555
-0.215539
-0.215523
-0.215509
-0.215495
-0.215481
-0.215469
-0.215457
-0.215445
-0.215434
-0.215424
-0.215414
-0.215405
-0.215396
-0.215388
-0.21538
-0.215372
-0.215365
-0.215358
-0.215352
-0.215346
-0.21534
-0.215334
-0.215329
-0.215324
-0.215319
-0.215314
-0.21531
-0.215306
-0.215302
-0.215298
-0.215295
-0.215292
-0.215288
-0.215285
-0.215282
-0.21528
-0.215277
-0.215275
-0.215272
-0.21527
-0.215268
-0.215266
-0.215264
-0.215262
-0.215261
-0.215259
-0.215257
-0.215256
-0.215255
-0.215253
-0.215252
-0.215251
-0.21525
-0.215249
-0.215248
-0.215247
-0.215246
-0.215245
-0.215244
-0.215243
-0.215242
-0.215242
-0.215241
-0.21524
-0.21524
-0.215239
-0.215239
-0.215238
-0.215238
-0.215237
-0.215237
-0.215236
-0.215236
-0.215235
-0.215235
-0.215235
-0.215234
-0.215234
-0.215234
-0.215233
-0.215233
-0.215233
-0.215233
-0.215232
-0.215232
-0.215232
-0.215232
-0.215232
-0.215231
-0.215231
-0.215231
-0.215231
-0.215231
-0.215231
-0.215231
-0.21523
-0.21523
-0.21523
-0.21523
-0.21523
-0.21523
-0.21523
-0.21523
-0.21523
-0.21523
-0.21523
-0.21523
-0.21523
-0.21523
-0.21523
-0.21523
-0.216347
-0.217376
-0.218309
-0.219141
-0.219865
-0.220478
-0.220975
-0.221352
-0.221607
-0.221737
-0.22174
-0.221614
-0.221358
-0.220971
-0.220451
-0.219798
-0.219012
-0.218092
-0.217037
-0.215847
-0.214523
-0.213065
-0.211471
-0.211834
-0.212167
-0.212474
-0.212756
-0.213015
-0.213254
-0.213475
-0.213678
-0.213866
-0.214039
-0.214199
-0.214348
-0.214485
-0.214611
-0.214729
-0.214838
-0.214939
-0.215033
-0.21512
-0.215201
-0.215585
-0.215916
-0.216183
-0.216378
-0.216491
-0.216516
-0.216447
-0.216276
-0.216001
-0.215615
-0.215671
-0.215723
-0.215771
-0.215816
-0.215857
-0.215895
-0.21593
-0.215962
-0.215992
-0.21602
-0.216046
-0.216071
-0.216093
-0.216114
-0.216133
-0.216152
-0.216168
-0.216184
-0.216199
-0.216213
-0.216225
-0.216237
-0.216249
-0.216259
-0.216269
-0.216278
-0.216287
-0.216295
-0.216302
-0.21631
-0.216316
-0.216322
-0.216328
-0.216334
-0.216339
-0.216344
-0.216349
-0.216353
-0.216357
-0.216361
-0.216365
-0.216368
-0.216371
-0.216374
-0.216377
-0.21638
-0.216383
-0.216385
-0.216387
-0.216389
-0.216392
-0.216393
-0.216395
-0.216397
-0.216399
-0.2164
-0.216402
-0.216403
-0.216404
-0.216406
-0.216407
-0.216408
-0.216409
-0.21641
-0.216411
-0.216412
-0.216413
-0.216414
-0.216414
-0.216415
-0.216416
-0.216416
-0.216417
-0.216418
-0.216418
-0.216419
-0.216419
-0.21642
-0.21642
-0.216421
-0.216421
-0.216421
-0.216422
-0.216422
-0.216423
-0.216423
-0.216423
-0.216423
-0.216424
-0.216424
-0.216424
-0.216424
-0.216425
-0.216425
-0.216425
-0.216425
-0.216425
-0.216426
-0.216426
-0.216426
-0.216426
-0.216426
-0.216426
-0.216426
-0.216427
-0.216427
-0.216427
-0.216427
-0.216427
-0.216427
-0.216427
-0.216427
-0.216427
-0.216427
-0.216427
-0.216428
-0.216428
-0.216428
-0.216428
-0.216428
-0.216428
-0.216428
-0.216428
-0.216428
-0.216428
-0.216428
-0.216428
-0.216428
-0.216428
-0.216428
-0.216428
-0.216428
-0.216428
-0.216428
-0.216428
-0.216428
-0.216428
-0.216428
-0.216428
-0.216428
-0.216428
-0.216428
-0.216428
-0.216428
-0.216428
-0.216429
-0.216429
-0.216429
-0.216429
-0.216429
-0.216429
-0.216429
-0.216429
-0.216507
-0.216539
-0.216513
-0.216423
-0.21626
-0.216017
-0.215689
-0.21527
-0.214755
-0.214141
-0.213423
-0.2126
-0.211667
-0.210622
-0.209464
-0.20819
-0.206799
-0.20529
-0.203662
-0.201913
-0.200042
-0.19805
-0.195935
-0.193698
-0.191337
-0.188853
-0.186246
-0.183515
-0.180661
-0.177684
-0.174583
-0.176586
-0.178477
-0.180262
-0.181947
-0.183539
-0.185042
-0.186463
-0.187806
-0.189075
-0.190275
-0.188951
-0.187604
-0.186227
-0.184813
-0.183353
-0.181843
-0.180277
-0.17865
-0.176956
-0.175193
-0.173355
-0.17144
-0.169444
-0.167366
-0.165201
-0.162948
-0.160605
-0.158169
-0.15564
-0.153015
-0.150294
-0.147475
-0.144557
-0.141539
-0.138421
-0.135202
-0.131881
-0.128458
-0.124933
-0.121306
-0.117577
-0.113746
-0.109812
-0.105777
-0.10164
-0.097403
-0.093066
-0.08863
-0.084095
-0.079463
-0.074735
-0.069911
-0.064994
-0.059985
-0.054886
-0.049697
-0.044422
-0.039062
-0.033618
-0.028095
-0.034972
-0.041501
-0.047701
-0.053586
-0.059173
-0.064477
-0.069511
-0.07429
-0.078827
-0.083133
-0.079989
-0.076877
-0.073787
-0.070709
-0.067634
-0.064557
-0.061468
-0.058362
-0.055233
-0.052075
-0.048884
-0.045655
-0.042383
-0.039067
-0.035701
-0.032284
-0.028813
-0.025285
-0.021699
-0.018053
-0.014346
-0.010575
-0.006742
-0.002845
0.001117
0.005144
0.009235
0.013391
0.017611
0.021895
0.026241
0.030649
0.035119
0.039647
0.044234
0.048877
0.053575
0.058326
0.063128
0.067979
0.072876
0.077816
0.082798
0.087819
0.092875
0.097963
0.103081
0.108225
0.113391
0.118577
0.123778
0.12899
0.13421
0.139433
0.144656
0.149874
0.155082
0.160277
0.165454
0.170608
0.175734
0.180827
0.185883
0.190896
0.195862
0.200774
0.205629
0.210421
0.215144
0.219794
0.224364
0.214131
0.204387
0.19511
0.18628
0.177877
0.169881
0.162275
0.155039
0.148157
0.141611
0.135387
0.129469
0.123843
0.118494
0.113408
0.108575
0.10398
0.099613
0.095462
0.091518
0.087769
0.084206
0.080821
0.077603
0.074546
0.071641
0.068881
0.066258
0.063766
0.061398
0.059148
0.05701
0.054979
0.053049
0.051216
0.049474
0.047819
0.046246
0.044752
0.043333
0.041985
0.029985
0.018471
0.007415
-0.003208
-0.013424
-0.023257
-0.032728
-0.041859
-0.050669
-0.059179
-0.067404
-0.075363
-0.08307
-0.09054
-0.097787
-0.104823
-0.111659
-0.118308
-0.124778
-0.131079
-0.13722
-0.143208
-0.149051
-0.154755
-0.160326
-0.16577
-0.17109
-0.163571
-0.156419
-0.149617
-0.143147
-0.136995
-0.131146
-0.125585
-0.120297
-0.115271
-0.110493
-0.105952
-0.101635
-0.097532
-0.093633
-0.089928
-0.075731
-0.062121
-0.049066
-0.036537
-0.024505
-0.012943
-0.001824
0.008877
0.019183
0.029116
0.038697
0.047947
0.056884
0.065526
0.073889
0.081989
0.077605
0.073439
0.069479
0.065717
0.062142
0.058745
0.055517
0.05245
0.049536
0.046767
0.044136
0.041637
0.039262
0.037006
0.034862
0.032825
0.03089
0.029052
0.027305
0.025646
0.024069
0.022572
0.021149
0.019797
0.018513
0.017293
0.016134
0.015033
0.013987
0.012993
0.012049
0.011152
0.0103
0.00949
0.008722
0.007991
0.007297
0.006638
0.006011
0.005416
0.004851
0.004314
0.003803
0.003319
0.002858
0.002421
0.002005
0.00161
0.001236
0.000879
0.000541
0.000219
-0.000087
-0.000377
-0.000653
-0.000915
-0.001163
-0.0014
-0.001624
-0.001838
-0.00204
-0.002233
-0.002416
-0.00259
-0.002755
-0.002912
-0.003061
-0.003202
-0.003337
-0.003465
-0.003586
-0.003701
-0.003811
-0.003915
-0.004014
-0.004108
-0.004197
-0.004282
-0.004362
-0.004439
-0.004511
-0.00458
-0.004646
-0.004708
-0.004768
-0.004824
-0.004877
-0.004928
-0.004976
-0.005022
-0.005066
-0.005107
-0.005146
-0.005184
-0.005219
-0.005253
-0.005285
0.005436
0.015731
0.025624
0.035138
0.044295
0.053116
0.061621
0.069828
0.077755
0.085419
0.092834
0.100016
0.106978
0.113732
0.120291
0.126664
0.132863
0.138895
0.144772
0.150498
0.156083
0.161533
0.166853
0.17205
0.177127
0.18209
0.186941
0.191685
0.196325
0.200862
0.2053
0.209639
0.213881
0.218028
0.22208
0.226036
0.229899
0.233666
0.237338
0.240915
0.244395
0.247777
0.251059
0.254242
0.257321
0.260297
0.263167
0.265929
0.26858
0.271118
0.27354
0.275845
0.27803
0.280091
0.282025
0.283831
0.285505
0.287044
0.288446
0.289706
0.290823
0.291793
0.292613
0.29328
0.293792
-0.294145
-0.294337
-0.287791
-0.281544
-0.275583
-0.269896
-0.264474
-0.259304
-0.254377
-0.249682
-0.245209
-0.240949
-0.236892
-0.233029
-0.222261
-0.211918
-0.201971
-0.192389
-0.183145
-0.174214
-0.16557
-0.157191
-0.149054
-0.14114
-0.133429
-0.134438
-0.135397
-0.136307
-0.137172
-0.137994
-0.138774
-0.139515
-0.140218
-0.140887
-0.141522
-0.142125
-0.142697
-0.143241
-0.143758
-0.144249
-0.144715
-0.145158
-0.145579
-0.145978
-0.146358
-0.146718
-0.147061
-0.147386
-0.147695
-0.147989
-0.148268
-0.148532
-0.148784
-0.149023
-0.14925
-0.149466
-0.149671
-0.149865
-0.15005
-0.150226
-0.150393
-0.150551
-0.150702
-0.150845
-0.150981
-0.15111
-0.151232
-0.151349
-0.151459
-0.151564
-0.151664
-0.151759
-0.151849
-0.151935
-0.152016
-0.152093
-0.152167
-0.152237
-0.152303
-0.152366
-0.152425
-0.152482
-0.152536
-0.152587
-0.152636
-0.152682
-0.152726
-0.152768
-0.152808
-0.152845
-0.152881
-0.152915
-0.152947
-0.152978
-0.153007
-0.153035
-0.153061
-0.153086
-0.15311
-0.153132
-0.153154
-0.153174
-0.153194
-0.153212
-0.153229
-0.153246
-0.153262
-0.153277
-0.153291
-0.153304
-0.153317
-0.153329
-0.153341
-0.153352
-0.153362
-0.153372
-0.153382
-0.153391
-0.153399
-0.153407
-0.153415
-0.153422
-0.153429
-0.153436
-0.153442
-0.153448
-0.153454
-0.153459
-0.153464
-0.153469
-0.153473
-0.153478
-0.153482
-0.153486
-0.15349
-0.153493
-0.153497
-0.1535
-0.153503
-0.153506
-0.153508
-0.153511
-0.153514
-0.153516
-0.153518
-0.15352
-0.153522
-0.153524
-0.153526
-0.153528
-0.153529
-0.153531
-0.153533
-0.153534
-0.153535
-0.153537
-0.153538
-0.153539
-0.15354
-0.153541
-0.153542
-0.153543
-0.153544
-0.153545
-0.153546
-0.153546
-0.153547
-0.153548
-0.153548
-0.153548
-0.153548
-0.153548
-0.153548
-0.153548
-0.153548
-0.153548
-0.153548
-0.153548
-0.153548
-0.153548
-0.153548
-0.153548
-0.153548
-0.153548
-0.153548
-0.153548
-0.153548
-0.153548
-0.153548
-0.153548
-0.153548
-0.153548
-0.153548
-0.153548
-0.153548
-0.153548
-0.153548
-0.153548
-0.153548
-0.153548
-0.153548
-0.153548
-0.153548
-0.153548
-0.153548
-0.153548
-0.153548
-0.153548
-0.153548
-0.153548
-0.153548
-0.153548
-0.153548
-0.153548
-0.153548
-0.153548
-0.153548
-0.153548
-0.153548
-0.153548
-0.153548
-0.153548
-0.153548
-0.153548
-0.153548
-0.153548
-0.153548
-0.153548
-0.153548
-0.153548
-0.153548
-0.153548
-0.153548
-0.153548
-0.153548
-0.153548
-0.153548
-0.153548
-0.153548
-0.153548
-0.153548
-0.153548
-0.153548
-0.153548
-0.153548
-0.153548
-0.153548
-0.153548
-0.153548
-0.153548
-0.153548
-0.153548
-0.153548
-0.153548
-0.153548
-0.153548
-0.153548
-0.153548
-0.153548
-0.153548
-0.153548
-0.161116
-0.16835
-0.17526
-0.181858
-0.188152
-0.194153
-0.19987
-0.205313
-0.210489
-0.215408
-0.220078
-0.224506
-0.228701
-0.232668
-0.236416
-0.23995
-0.243275
-0.246399
-0.249325
-0.252059
-0.254605
-0.256968
-0.25915
-0.261156
-0.262989
-0.264652
-0.266146
-0.267476
-0.268642
-0.269647
-0.270493
-0.27118
-0.27171
-0.272084
-0.272303
-0.272367
-0.272278
-0.272035
-0.271639
-0.267971
-0.264464
-0.261113
-0.257912
-0.254856
-0.251938
-0.249154
-0.246498
-0.239526
-0.232815
-0.226341
-0.220081
-0.214011
-0.208112
-0.202365
-0.196751
-0.191253
-0.185857
-0.180547
-0.17531
-0.170135
-0.165009
-0.159922
-0.154865
-0.149829
-0.144805
-0.139787
-0.134767
-0.129739
-0.124698
-0.119639
-0.122749
-0.125699
-0.128499
-0.131155
-0.133676
-0.136068
-0.138338
-0.140493
-0.136472
-0.132544
-0.128694
-0.124909
-0.121175
-0.117481
-0.113817
-0.110173
-0.10654
-0.102909
-0.099274
-0.095626
-0.091961
-0.088271
-0.084553
-0.0808
-0.07701
-0.073177
-0.069299
-0.065372
-0.061394
-0.057362
-0.053275
-0.049129
-0.054923
-0.060423
-0.065645
-0.070601
-0.075306
-0.072508
-0.069722
-0.066938
-0.06415
-0.061348
-0.058528
-0.055683
-0.052807
-0.049895
-0.046944
-0.052654
-0.058076
-0.063223
-0.068109
-0.072748
-0.077151
-0.081331
-0.085299
-0.089066
-0.085214
-0.081431
-0.077707
-0.07403
-0.070388
-0.066774
-0.063176
-0.059589
-0.056003
-0.052412
-0.048811
-0.045192
-0.041551
0.037884
0.034185
0.030451
0.026679
0.022866
0.019009
0.015105
0.011153
0.007151
0.003098
-0.001009
-0.005169
-0.009383
-0.013652
-0.017976
-0.022354
-0.026787
-0.031274
-0.035814
-0.040407
-0.045052
-0.049746
-0.05449
-0.05928
-0.064116
-0.068996
-0.073918
-0.078879
-0.083876
-0.088908
-0.093972
-0.099065
-0.104184
-0.109325
-0.114486
-0.119663
-0.124853
-0.130052
-0.135257
-0.140462
-0.145665
-0.150862
-0.156047
-0.161217
-0.166368
-0.171494
-0.176591
-0.181655
-0.18668
-0.191662
-0.196596
-0.201476
-0.206298
-0.211056
-0.215746
-0.205517
-0.195777
-0.186505
-0.177681
-0.169284
-0.161295
-0.153695
-0.146466
-0.139591
-0.133054
-0.126837
-0.120927
-0.115308
-0.109966
-0.104888
-0.100061
-0.095474
-0.091114
-0.08697
-0.083032
-0.089996
-0.096714
-0.103203
-0.109477
-0.115549
-0.121432
-0.127139
-0.13268
-0.138066
-0.143307
-0.148412
-0.153389
-0.158246
-0.162989
-0.167626
-0.172163
-0.164697
-0.157595
-0.15084
-0.144416
-0.138307
-0.132498
-0.126976
-0.121725
-0.116734
-0.11199
-0.10748
-0.103194
-0.099119
-0.095247
-0.091568
-0.08807
-0.084747
-0.081589
-0.078588
-0.075737
-0.073027
-0.070452
-0.068006
-0.065682
-0.063473
-0.061374
-0.059381
-0.057486
-0.055686
-0.053976
-0.052352
-0.050808
-0.049342
-0.047948
-0.046625
-0.045367
-0.044172
-0.043037
-0.041959
-0.040934
-0.039961
-0.039036
-0.038158
-0.037323
-0.03653
-0.035777
-0.035061
-0.034382
-0.033736
-0.033122
-0.032539
-0.031985
-0.031459
-0.03096
-0.030485
-0.030034
-0.029605
-0.029198
-0.028811
-0.028444
-0.028095
-0.038461
-0.048412
-0.05797
-0.067156
-0.075991
-0.084494
-0.092684
-0.100577
-0.108191
-0.11554
-0.122638
-0.1295
-0.136138
-0.142564
-0.148789
-0.154822
-0.160675
-0.166354
-0.171868
-0.177225
-0.182432
-0.187494
-0.192417
-0.197207
-0.201867
-0.206402
-0.210815
-0.21511
-0.21929
-0.223356
-0.227311
-0.231155
-0.234891
-0.23852
-0.242041
-0.245456
-0.248764
-0.251965
-0.255059
-0.258045
-0.260923
-0.26369
-0.266346
-0.26889
-0.27132
-0.273634
-0.27583
-0.277906
-0.279861
-0.272086
-0.264676
-0.257613
-0.250884
-0.244474
-0.238369
-0.232556
-0.227023
-0.221755
-0.216742
-0.211971
-0.207432
-0.203114
-0.199005
-0.195098
-0.191381
-0.187846
-0.184485
-0.181289
-0.17825
-0.17536
-0.172613
-0.170001
-0.167518
-0.165158
-0.162915
-0.160782
-0.158755
-0.156829
-0.154998
-0.153258
-0.151604
-0.150032
-0.148538
-0.147119
-0.14577
-0.144488
-0.14327
-0.142113
-0.141013
-0.139968
-0.138975
-0.129108
-0.119621
-0.110484
-0.101671
-0.093159
-0.084924
-0.076944
-0.0692
-0.061671
-0.054341
-0.047192
-0.040211
-0.033381
-0.026691
-0.020127
-0.013679
-0.007336
-0.001089
0.005072
0.011155
0.017166
0.023113
0.029001
0.034837
0.040625
0.04637
0.052075
0.057744
0.063381
0.068987
0.074564
0.066885
0.059586
0.052648
0.046054
0.039788
0.033833
0.028175
0.03286
0.037436
0.041914
0.046306
0.050621
0.054869
0.05906
0.0632
0.067297
0.071357
0.075388
0.079394
0.083381
0.087353
0.091314
0.095268
0.099217
0.103166
0.107115
0.111068
0.115026
0.11899
0.122961
0.12694
0.130928
0.134924
0.138929
0.142942
0.146962
0.15099
0.155022
0.159059
0.163099
0.167141
0.171181
0.175219
0.179252
0.183278
0.187293
0.191297
0.195285
0.199255
0.203203
0.207126
0.211022
0.214885
0.218714
0.222503
0.22625
0.22995
0.2336
0.237194
0.227322
0.217921
0.208969
0.200447
0.192336
0.184618
0.166843
0.149803
0.133462
0.117787
0.102744
0.088301
0.074427
0.061092
0.048267
0.035925
0.024039
0.012584
0.001537
-0.009125
-0.019423
-0.029377
-0.039006
-0.048326
-0.057356
-0.06611
-0.074602
-0.082847
-0.090856
-0.098641
-0.106212
-0.11358
-0.120754
-0.127742
-0.134551
-0.141189
-0.147662
-0.153975
-0.146953
-0.140275
-0.133924
-0.127886
-0.122145
-0.116687
-0.111498
-0.106566
-0.101878
-0.097422
-0.093187
-0.089162
-0.085337
-0.081702
-0.078248
-0.074965
-0.071846
-0.068882
-0.066065
-0.063389
-0.050127
-0.037409
-0.025207
-0.013493
-0.002239
0.008579
0.018987
0.029007
0.038662
0.036336
0.034126
0.032026
0.030031
0.028136
0.026335
0.024624
0.022999
0.021455
0.019988
0.018595
0.017271
0.016013
0.014818
0.013683
0.012604
0.01158
0.010606
0.009682
0.008803
0.007969
0.007176
0.006423
0.005707
0.015776
0.02545
0.034753
0.043706
0.052331
0.060647
0.068672
0.076425
0.083921
0.091176
0.086515
0.082085
0.077875
0.073875
0.070073
0.06646
0.073756
0.080793
0.087588
0.094156
0.100512
0.106669
0.112642
0.107062
0.101758
0.096717
0.091925
0.08737
0.083042
0.078928
0.075019
0.071304
0.067774
0.064419
0.061232
0.058203
0.055325
0.052591
0.049993
0.047524
0.045179
0.042951
0.040834
0.038822
0.036911
0.045842
0.054431
0.062701
0.070669
0.078354
0.085774
0.092943
0.099878
0.106593
0.113101
0.119414
0.125544
0.119718
0.114179
0.108914
0.103909
0.099152
0.09463
0.090333
0.086248
0.082367
0.078679
0.075173
0.071843
0.068678
0.06567
0.062812
0.060097
0.057517
0.055065
0.052736
0.050523
0.048421
0.046423
0.044525
0.042722
0.041008
0.039381
0.037834
0.036365
0.034969
0.033643
0.032383
0.031187
0.030049
0.03971
0.048991
0.057917
0.066506
0.074778
0.082752
0.090445
0.097873
0.105052
0.111996
0.118719
0.125233
0.13155
0.137681
0.143636
0.149424
0.155054
0.160535
0.165872
0.171074
0.176146
0.181094
0.185923
0.190637
0.19524
0.199736
0.204127
0.208417
0.212607
0.2167
0.20855
0.200791
0.193408
0.186383
0.179699
0.173341
0.167293
0.161541
0.156071
0.161179
0.166117
0.170895
0.175524
0.180011
0.184364
0.188593
0.192703
0.196701
0.200593
0.204385
0.208081
0.211687
0.215207
0.218645
0.222003
0.225285
0.228493
0.23163
0.234697
0.237696
0.240628
0.243494
0.246296
0.249032
0.251703
0.254309
0.256849
0.259324
0.261731
0.264071
0.266342
0.268541
0.270669
0.272722
0.2747
0.2766
0.27842
0.280157
0.28181
0.283375
0.284851
0.286233
0.287521
0.28871
0.281142
0.273924
0.267043
0.260484
0.26233
0.264115
0.265839
0.267504
0.269113
0.270666
0.272165
0.265478
0.259105
0.253031
0.247246
0.241735
0.236488
0.231491
0.226735
0.222208
0.217899
0.213799
0.209899
0.206188
0.202657
0.207517
0.212177
0.216642
0.220921
0.225019
0.228944
0.2327
0.236294
0.23973
0.243015
0.246152
0.249145
0.252
0.254719
0.257306
0.259764
0.262095
0.264303
0.266389
0.268355
0.270203
0.271935
-0.27355
-0.275051
-0.276438
-0.277712
-0.278873
-0.27992
-0.280854
-0.281675
-0.282381
-0.282974
-0.283451
-0.283812
-0.284056
-0.284182
-0.284189
-0.284075
-0.28384
-0.283482
-0.282999
-0.28239
-0.281653
-0.280788
-0.279791
-0.278663
-0.2774
-0.276002
-0.274467
-0.272792
-0.270978
-0.269023
-0.266924
-0.26468
-0.262291
-0.259755
-0.257427
-0.255188
-0.253038
-0.250974
-0.248994
-0.247096
-0.245278
-0.243537
-0.241871
-0.240277
-0.238753
-0.237297
-0.235905
-0.234576
-0.233307
-0.232096
-0.23094
-0.229837
-0.228786
-0.227783
-0.226827
-0.225915
-0.225047
-0.226991
-0.228811
-0.230504
-0.232068
-0.233503
-0.234806
-0.235977
-0.237015
-0.237919
-0.23869
-0.239327
-0.23983
-0.2402
-0.240435
-0.240537
-0.240506
-0.240342
-0.240045
-0.239615
-0.239053
-0.23836
-0.237534
-0.236576
-0.235487
-0.234267
-0.232915
-0.231432
-0.230786
-0.230155
-0.229539
-0.228941
-0.22836
-0.227796
-0.227251
-0.226723
-0.226214
-0.225723
-0.225249
-0.224794
-0.224355
-0.223934
-0.223529
-0.223141
-0.222768
-0.222411
-0.222068
-0.22174
-0.221427
-0.221126
-0.220839
-0.220565
-0.220302
-0.220052
-0.219812
-0.219584
-0.220456
-0.221244
-0.221942
-0.222544
-0.223046
-0.223443
-0.223733
-0.223913
-0.223978
-0.223928
-0.223761
-0.223474
-0.223066
-0.222536
-0.221884
-0.221107
-0.220206
-0.21918
-0.218028
-0.21675
-0.216856
-0.216946
-0.217019
-0.21708
-0.217128
-0.217166
-0.217194
-0.217215
-0.217229
-0.217237
-0.217239
-0.217237
-0.217231
-0.217222
-0.217211
-0.217197
-0.217181
-0.217163
-0.217144
-0.217125
-0.217104
-0.217083
-0.217062
-0.21704
-0.217019
-0.216997
-0.216976
-0.216954
-0.216933
-0.216913
-0.216893
-0.21698
-0.217015
-0.216988
-0.216893
-0.216723
-0.216471
-0.216134
-0.215705
-0.215181
-0.214558
-0.213834
-0.213004
-0.212068
-0.21236
-0.212629
-0.212879
-0.21311
-0.213325
-0.213523
-0.213707
-0.213878
-0.214037
-0.214185
-0.214322
-0.21445
-0.214569
-0.21468
-0.214783
-0.214879
-0.214969
-0.215053
-0.215132
-0.215205
-0.215274
-0.215338
-0.215399
-0.215455
-0.215508
-0.215558
-0.215604
-0.215648
-0.215689
-0.215727
-0.215764
-0.215798
-0.21583
-0.21586
-0.215889
-0.215915
-0.215941
-0.215964
-0.215987
-0.216008
-0.216028
-0.216047
-0.216065
-0.216081
-0.216097
-0.216112
-0.216127
-0.21614
-0.216153
-0.216165
-0.216176
-0.216187
-0.216197
-0.216206
-0.216215
-0.216224
-0.216232
-0.21624
-0.216247
-0.216254
-0.216261
-0.216267
-0.216273
-0.216278
-0.216284
-0.216289
-0.216293
-0.216298
-0.216302
-0.216306
-0.21631
-0.216314
-0.216317
-0.216321
-0.216324
-0.216327
-0.216329
-0.216332
-0.216335
-0.216337
-0.216339
-0.216341
-0.216343
-0.216345
-0.216347
-0.216349
-0.216351
-0.216352
-0.216354
-0.216355
-0.216585
-0.216762
-0.216877
-0.216921
-0.216887
-0.216769
-0.216561
-0.216258
-0.215856
-0.21535
-0.214738
-0.214015
-0.213181
-0.212231
-0.211165
-0.209981
-0.208678
-0.207253
-0.205707
-0.204038
-0.202245
-0.200329
-0.198288
-0.196123
-0.193832
-0.191417
-0.188876
-0.186211
-0.18342
-0.180505
-0.177465
-0.174301
-0.171013
-0.167602
-0.164068
-0.160411
-0.156633
-0.159369
-0.161955
-0.164401
-0.166713
-0.1689
-0.170969
-0.172926
-0.174778
-0.176531
-0.175002
-0.173451
-0.171871
-0.170254
-0.168595
-0.166886
-0.165124
-0.163301
-0.161416
-0.159462
-0.157437
-0.155337
-0.153158
-0.1509
-0.148557
-0.14613
-0.143615
-0.14101
-0.138314
-0.135527
-0.132645
-0.129668
-0.126596
-0.123428
-0.120162
-0.116798
-0.113336
-0.109776
-0.106117
-0.10236
-0.098505
-0.094551
-0.090499
-0.08635
-0.082104
-0.077762
-0.073325
-0.068793
-0.064168
-0.059451
-0.054643
-0.049745
-0.04476
-0.039688
-0.034532
-0.029294
-0.023975
-0.018578
-0.013106
-0.00756
0.001943
-0.003742
-0.009493
-0.015305
-0.021176
-0.027103
-0.033082
-0.03911
-0.045183
-0.051297
-0.057449
-0.063633
-0.069846
-0.076084
-0.066947
-0.058259
-0.05
-0.042149
-0.034688
-0.027598
-0.02086
-0.014458
-0.008376
-0.002597
0.002893
-0.001345
-0.0055
-0.009582
-0.013603
-0.017571
-0.021497
-0.025387
-0.02925
-0.033092
-0.03692
-0.04074
-0.044556
-0.048373
-0.052196
-0.056029
-0.059874
-0.063735
-0.067614
-0.071514
-0.075436
-0.079382
-0.083353
-0.08735
-0.091374
-0.095425
-0.099503
-0.103608
-0.107739
-0.111897
-0.11608
-0.120287
-0.124517
-0.128769
-0.13304
-0.13733
-0.141635
-0.145954
-0.150285
-0.154625
-0.158971
-0.163321
-0.167671
-0.172019
-0.176361
-0.180694
-0.185015
-0.18932
-0.193604
-0.197866
-0.187803
-0.178224
-0.169107
-0.160432
-0.152179
-0.144329
-0.136862
-0.12976
-0.123008
-0.116587
-0.110483
-0.10468
-0.099164
-0.09392
-0.099639
-0.105179
-0.110553
-0.115773
-0.120851
-0.125796
-0.130619
-0.123967
-0.117642
-0.111629
-0.105913
-0.100479
-0.095314
-0.090405
-0.085738
-0.081304
-0.077089
-0.073084
-0.069278
-0.065662
-0.062225
-0.058959
-0.055856
-0.052908
-0.050107
-0.047445
-0.044916
-0.042513
-0.040231
-0.038062
-0.036001
-0.034043
-0.032183
-0.030416
-0.028737
-0.027142
-0.025627
-0.024188
-0.02282
-0.021521
-0.020286
-0.019114
-0.017999
-0.016941
-0.015936
-0.01498
-0.014073
-0.013211
-0.012392
-0.011614
-0.010875
-0.010172
-0.009505
-0.008871
-0.008269
-0.007698
-0.007154
-0.006638
-0.006148
-0.005682
-0.005239
-0.004819
-0.004419
-0.00404
-0.003679
-0.003337
-0.003012
-0.002703
-0.002409
-0.00213
-0.001865
-0.001613
-0.001374
-0.001147
-0.000931
-0.000726
-0.000532
-0.000347
-0.000171
-0.000004
0.000155
0.000305
0.000449
0.000585
0.000714
0.000837
0.000953
0.001064
0.001169
0.001269
0.001364
0.001454
0.00154
0.001621
0.001699
0.001772
0.001842
0.001908
0.001971
0.002031
0.002088
0.002142
0.002193
0.002242
0.002288
0.002332
0.002374
0.002413
0.002451
0.002487
0.002521
-0.008095
-0.01818
-0.027987
-0.03734
-0.046253
-0.054742
-0.062825
-0.070518
-0.077836
-0.084796
-0.091413
-0.097704
-0.103682
-0.109363
-0.103987
-0.098867
-0.093991
-0.08935
-0.084932
-0.080728
-0.076729
-0.072924
-0.069305
-0.065863
-0.062589
-0.059477
-0.056518
-0.053704
-0.05103
-0.048488
-0.045884
-0.04341
-0.041058
-0.038825
-0.036703
-0.034688
-0.032775
-0.030958
-0.029233
-0.027595
-0.02604
-0.024564
-0.023355
-0.022205
-0.021109
-0.020067
-0.019074
-0.01813
-0.006369
0.004815
0.015446
0.025688
0.035403
0.033773
0.032225
0.030755
0.029359
0.028035
0.026777
0.025583
0.02445
0.023374
0.022352
0.021383
0.020463
0.019589
0.01876
0.017973
0.017226
0.016516
0.015843
0.015204
0.014597
0.014021
0.013474
0.012955
0.012462
0.011994
0.01155
0.011128
0.010727
0.010347
0.009986
0.009643
0.009318
0.009009
0.008715
0.008436
0.008171
0.00792
0.007681
0.007454
0.007239
0.007034
0.00684
0.006656
0.00648
0.006314
0.006156
0.006006
0.005864
0.005728
0.0056
0.005478
0.005362
0.005251
0.005146
0.005047
0.004953
0.004863
0.004778
0.004697
0.00462
0.004547
0.004477
0.004411
0.004349
0.00429
0.004233
0.004179
0.004128
0.00408
0.004034
0.00399
0.003949
0.003909
0.003872
0.003836
0.003802
0.00377
0.00374
0.003711
0.003683
0.003657
0.003632
0.003608
0.003586
0.003565
0.003544
0.003525
0.003507
0.003489
0.003473
0.003457
0.003442
0.003428
0.003415
0.003402
0.00339
0.003378
0.003367
0.003357
0.003347
0.003337
0.003328
0.00332
0.003312
0.003304
0.003297
0.00329
0.003283
0.003277
0.003271
0.003265
0.00326
0.003255
0.00325
0.003245
0.003241
0.003237
0.003233
0.003229
0.003226
0.003222
0.003219
0.003216
0.003213
0.00321
0.003207
0.003205
0.003203
0.0032
0.003198
0.003196
0.003194
0.003192
0.00319
0.003189
0.003187
0.003186
0.003184
0.003183
0.003182
0.00318
0.003179
0.003178
0.003177
0.003176
0.003175
0.003174
0.003173
0.003172
0.003171
0.003171
0.00317
0.003169
0.003169
0.003168
0.003167
0.003167
0.003166
0.003166
0.003165
0.003165
0.003164
0.003164
0.003163
0.003163
0.003162
0.003162
0.003162
0.003161
0.003161
0.003161
0.003161
0.00316
0.00316
0.00316
0.00316
0.00316
0.00316
0.00316
0.00316
0.00316
0.00316
0.00316
0.00316
0.00316
0.00316
0.00316
0.00316
0.00316
0.00316
0.00316
0.00316
0.00316
0.00316
0.00316
0.00316
0.00316
0.00316
0.00316
0.00316
0.00316
0.00316
0.00316
0.00316
0.00316
0.00316
0.00316
0.00316
0.00316
0.00316
0.00316
0.00316
0.00316
0.00316
0.00316
0.00316
0.00316
0.00316
0.00316
0.00316
0.00316
0.00316
0.00316
0.00316
0.00316
0.00316
0.00316
0.00316
0.00316
0.00316
0.00316
0.00316
0.00316
0.00316
0.00316
0.00316
0.00316
0.00316
0.00316
0.00316
0.00316
0.00316
0.00316
0.00316
0.00316
0.00316
0.00316
0.00316
0.00316
0.00316
0.00316
0.00316
0.00316
0.00316
0.00316
0.00316
0.00316
0.00316
0.00316
0.00316
0.00316
0.00316
0.00316
0.00316
0.00316
0.00316
0.00316
0.00316
0.00316
0.00316
0.00316
0.00316
0.00316
0.00316
0.00316
0.00316
0.00316
0.00316
0.00316
0.00316
0.00316
0.00316
0.00316
0.00316
0.00316
0.00316
0.00316
0.00316
0.00316
0.00316
0.00316
-0.007489
-0.017604
-0.027212
-0.036338
-0.045004
-0.053233
-0.061048
-0.068468
-0.075514
-0.082203
-0.088555
-0.094585
-0.089713
-0.085082
-0.080681
-0.076498
-0.072523
-0.068746
-0.065157
-0.061746
-0.058505
-0.055426
-0.0525
-0.04972
-0.036439
-0.023817
-0.011821
-0.000424
0.010403
0.020688
0.030456
0.039733
0.048544
0.05691
0.064853
0.061772
0.058845
0.056063
0.05342
0.050909
0.048523
0.046257
0.044103
0.042056
0.040112
0.038265
0.036511
0.034843
0.033259
0.031755
0.030325
0.028966
0.027676
0.02645
0.025286
0.024179
0.023128
0.022129
0.021181
0.020279
0.019423
0.01861
0.017837
0.017103
0.016405
0.015742
0.015113
0.025267
0.03502
0.044394
0.053413
0.062095
0.070461
0.07853
0.086318
0.093841
0.101116
0.108157
0.114976
0.121587
0.128001
0.13423
0.140282
0.146168
0.151896
0.157474
0.16291
0.168209
0.173378
0.178422
0.183346
0.188155
0.192852
0.197442
0.201926
0.206308
0.210589
0.214772
0.218857
0.222846
0.22674
0.23054
0.234244
0.237854
0.241369
0.244787
0.24811
0.251334
0.25446
0.257486
0.260409
0.263229
0.265943
0.26855
0.271046
0.273431
0.2757
0.277853
0.279886
0.281796
0.283581
0.285238
0.286765
0.288157
0.289413
0.290529
0.291503
0.292332
0.293012
0.29354
-0.293915
-0.294132
-0.29419
-0.294085
-0.293814
-0.293376
-0.28749
-0.281868
-0.276501
-0.271378
-0.266491
-0.26183
-0.257385
-0.253149
-0.249111
-0.245264
-0.241598
-0.238108
-0.234783
-0.231618
-0.228605
-0.225736
-0.223006
-0.220409
-0.211519
-0.203029
-0.194925
-0.187193
-0.179818
-0.172787
-0.166085
-0.159699
-0.153616
-0.147823
-0.142307
-0.137056
-0.132058
-0.127302
-0.122776
-0.118471
-0.114376
-0.11048
-0.106775
-0.103252
-0.099902
-0.096717
-0.093689
-0.09081
-0.088073
-0.085471
-0.082998
-0.080648
-0.085187
-0.089494
-0.093582
-0.097462
-0.101145
-0.104639
-0.107957
-0.111105
-0.114093
-0.11693
-0.119622
-0.122178
-0.124603
-0.126906
-0.129092
-0.131167
-0.133137
-0.135007
-0.136783
-0.138469
-0.140069
-0.141589
-0.143031
-0.144401
-0.145702
-0.146937
-0.14811
-0.149223
-0.150281
-0.151285
-0.152239
-0.153144
-0.154004
-0.154821
-0.155596
-0.156333
-0.157032
-0.157697
-0.158328
-0.158927
-0.16616
-0.173068
-0.179658
-0.185939
-0.191918
-0.197604
-0.203004
-0.208128
-0.212982
-0.217574
-0.221912
-0.226003
-0.229853
-0.233469
-0.236857
-0.240024
-0.242973
-0.245712
-0.248246
-0.250577
-0.252712
-0.254654
-0.256407
-0.257974
-0.25936
-0.260566
-0.261595
-0.26245
-0.263134
-0.263648
-0.263994
-0.264174
-0.26419
-0.264042
-0.263732
-0.263261
-0.26263
-0.26184
-0.260891
-0.259783
-0.258518
-0.257096
-0.255517
-0.253781
-0.251889
-0.249841
-0.247637
-0.245277
-0.242761
-0.240091
-0.237265
-0.234284
-0.231148
-0.227858
-0.224414
-0.220817
-0.217067
-0.213164
-0.209109
-0.204904
-0.200548
-0.196043
-0.197243
-0.198362
-0.199408
-0.200384
-0.201298
-0.202152
-0.202951
-0.203699
-0.2044
-0.205057
-0.205673
-0.206251
-0.206793
-0.207302
-0.20778
-0.208229
-0.208651
-0.209048
-0.209421
-0.209773
-0.210104
-0.210415
-0.210709
-0.210986
-0.211246
-0.211492
-0.211725
-0.211944
-0.21215
-0.212345
-0.21253
-0.212704
-0.212868
-0.213024
-0.213171
-0.21419
-0.215129
-0.215978
-0.21673
-0.217378
-0.217918
-0.218344
-0.218651
-0.218836
-0.218896
-0.218829
-0.218632
-0.218303
-0.21784
-0.217244
-0.216512
-0.215644
-0.214639
-0.213498
-0.212219
-0.210803
-0.20925
-0.209696
-0.21011
-0.210495
-0.210853
-0.211187
-0.211498
-0.211788
-0.212059
-0.212312
-0.212548
-0.212769
-0.212975
-0.213168
-0.213349
-0.213518
-0.213676
-0.213825
-0.213965
-0.214096
-0.214218
-0.214334
-0.214442
-0.214001
-0.213524
-0.213003
-0.21243
-0.211798
-0.211099
-0.210328
-0.20948
-0.208549
-0.207533
-0.206426
-0.205226
-0.20393
-0.202534
-0.201038
-0.199437
-0.197732
-0.195919
-0.193998
-0.191967
-0.189825
-0.187571
-0.185205
-0.182725
-0.180131
-0.177423
-0.1746
-0.171662
-0.168609
-0.16544
-0.162156
-0.158757
-0.155242
-0.151612
-0.154545
-0.157318
-0.159941
-0.162422
-0.16477
-0.166991
-0.169093
-0.171082
-0.172966
-0.174748
-0.176436
-0.178035
-0.179548
-0.180982
-0.182341
-0.183627
-0.184847
-0.186002
-0.187097
-0.188135
-0.192347
-0.19635
-0.200142
-0.203721
-0.207087
-0.210239
-0.210128
-0.210022
-0.209921
-0.209825
-0.209734
-0.209648
-0.209566
-0.209488
-0.209413
-0.209343
-0.209276
-0.209212
-0.209152
-0.206114
-0.203157
-0.200263
-0.197418
-0.194609
-0.191821
-0.189045
-0.186268
-0.183483
-0.18068
-0.17785
-0.174988
-0.172085
-0.169137
-0.166137
-0.163082
-0.159965
-0.156784
-0.153534
-0.150213
-0.146818
-0.143346
-0.139794
-0.136162
-0.132446
-0.128647
-0.124761
-0.120789
-0.11673
-0.112583
-0.108348
-0.104024
-0.099611
-0.09511
-0.09052
-0.085843
-0.081078
-0.076226
-0.071289
-0.066267
-0.061161
-0.055973
-0.050705
-0.045357
-0.039931
-0.046291
-0.052328
-0.058059
-0.063499
-0.068664
-0.073566
-0.078218
-0.082635
-0.086827
-0.090806
-0.094583
-0.098168
-0.101571
-0.104801
-0.107867
-0.110778
-0.113541
-0.116164
-0.118654
-0.121018
-0.123262
-0.125392
-0.127415
-0.129335
-0.131158
-0.132889
-0.134533
-0.136094
-0.137576
-0.138983
-0.140319
-0.141587
-0.142792
-0.143936
-0.145022
-0.146054
-0.147034
-0.147964
-0.148848
-0.149687
-0.150484
-0.151241
-0.15196
-0.152642
-0.153291
-0.153907
-0.154492
-0.155047
-0.155575
-0.156076
-0.156552
-0.157004
-0.157434
-0.157842
-0.158229
-0.165534
-0.172512
-0.179172
-0.185522
-0.191571
-0.197328
-0.202801
-0.207998
-0.212929
-0.217599
-0.215206
-0.21293
-0.210765
-0.208705
-0.206746
-0.204883
-0.203111
-0.201426
-0.199824
-0.1983
-0.196852
-0.195475
-0.194166
-0.192921
-0.191738
-0.190614
-0.189545
-0.188529
-0.187563
-0.186645
-0.185773
-0.184944
-0.184156
-0.183407
-0.182695
-0.182019
-0.181376
-0.180765
-0.180185
-0.179633
-0.179109
-0.178611
-0.178138
-0.177688
-0.170565
-0.163697
-0.157059
-0.150631
-0.144391
-0.138319
-0.132398
-0.12661
-0.128633
-0.130554
-0.132378
-0.134109
-0.135753
-0.137314
-0.138796
-0.140203
-0.141539
-0.142808
-0.144013
-0.145157
-0.146243
-0.147275
-0.148255
-0.149185
-0.150069
-0.150908
-0.151705
-0.152462
-0.153181
-0.153863
-0.154512
-0.155128
-0.155713
-0.156268
-0.156796
-0.157297
-0.157773
-0.158225
-0.158654
-0.159062
-0.15945
-0.152926
-0.146625
-0.140523
-0.134601
-0.12884
-0.123222
-0.11773
-0.112349
-0.107065
-0.101865
-0.096738
-0.091671
-0.095203
-0.098556
-0.101739
-0.10476
-0.107629
-0.110352
-0.112937
-0.115391
-0.117721
-0.119934
-0.129289
-0.138229
-0.146766
-0.154911
-0.162676
-0.170073
-0.177111
-0.183804
-0.190162
-0.196195
-0.201914
-0.207329
-0.21245
-0.217285
-0.221844
-0.226135
-0.230166
-0.233945
-0.237479
-0.240774
-0.243837
-0.246674
-0.24929
-0.251692
-0.253882
-0.255867
-0.25765
-0.259236
-0.260627
-0.261827
-0.262839
-0.263666
-0.26431
-0.264773
-0.265059
-0.265167
-0.265101
-0.264861
-0.26445
-0.263867
-0.263115
-0.262194
-0.261105
-0.259848
-0.258426
-0.256836
-0.255082
-0.253163
-0.251078
-0.24883
-0.246419
-0.243844
-0.241106
-0.238205
-0.235143
-0.23192
-0.228536
-0.224991
-0.221287
-0.217424
-0.217588
-0.217723
-0.217832
-0.217918
-0.217984
-0.218033
-0.218066
-0.218087
-0.218096
-0.218095
-0.218086
-0.21807
-0.218047
-0.21802
-0.217988
-0.217953
-0.217915
-0.217875
-0.217833
-0.21779
-0.217746
-0.217701
-0.217656
-0.217612
-0.217567
-0.217523
-0.21748
-0.217437
-0.217395
-0.217354
-0.217314
-0.217275
-0.217236
-0.2172
-0.217164
-0.217322
-0.217425
-0.217464
-0.217431
-0.217321
-0.217127
-0.216845
-0.21647
-0.215998
-0.215426
-0.214751
-0.21397
-0.21308
-0.213324
-0.213549
-0.213756
-0.213946
-0.214122
-0.214283
-0.214432
-0.214569
-0.214696
-0.214813
-0.214921
-0.215021
-0.215114
-0.2152
-0.215279
-0.215353
-0.215421
-0.215485
-0.215544
-0.215598
-0.215649
-0.215697
-0.215741
-0.215782
-0.215821
-0.215856
-0.21589
-0.215921
-0.21595
-0.215978
-0.216003
-0.216027
-0.216049
-0.21607
-0.21609
-0.216109
-0.216126
-0.216142
-0.216158
-0.216172
-0.216185
-0.216198
-0.21621
-0.216221
-0.216232
-0.216242
-0.216251
-0.21626
-0.216269
-0.216276
-0.216284
-0.216291
-0.216298
-0.216304
-0.21631
-0.216315
-0.216321
-0.216326
-0.21633
-0.216335
-0.216339
-0.216343
-0.216347
-0.216351
-0.216354
-0.216357
-0.21636
-0.216363
-0.216366
-0.216368
-0.216371
-0.216373
-0.216375
-0.216377
-0.216379
-0.216381
-0.216383
-0.216385
-0.216386
-0.216388
-0.216389
-0.216391
-0.216392
-0.216393
-0.216394
-0.216396
-0.216397
-0.216398
-0.216399
-0.216399
-0.2164
-0.216401
-0.216402
-0.216403
-0.216403
-0.216404
-0.216405
-0.216405
-0.216406
-0.216406
-0.216407
-0.216407
-0.216408
-0.216408
-0.216408
-0.216409
-0.216409
-0.21641
-0.21641
-0.21641
-0.216411
-0.216411
-0.216411
-0.216411
-0.216412
-0.216412
-0.216412
-0.216412
-0.216412
-0.216413
-0.216413
-0.216413
-0.216413
-0.216413
-0.216413
-0.216414
-0.216414
-0.216414
-0.216414
-0.216414
-0.216414
-0.216414
-0.216414
-0.216415
-0.216415
-0.216415
-0.216415
-0.216415
-0.216415
-0.216415
-0.216415
-0.216415
-0.216415
-0.216415
-0.216415
-0.216415
-0.216415
-0.216415
-0.216415
-0.216548
-0.216632
-0.216657
-0.216614
-0.216498
-0.216299
-0.216014
-0.215637
-0.215162
-0.214587
-0.213907
-0.213119
-0.212222
-0.211211
-0.210086
-0.208845
-0.207485
-0.206007
-0.204408
-0.202688
-0.200846
-0.198881
-0.196793
-0.194582
-0.192247
-0.189788
-0.187205
-0.184498
-0.181667
-0.178712
-0.175634
-0.172433
-0.169108
-0.165662
-0.162093
-0.158403
-0.154592
-0.150661
-0.146611
-0.142442
-0.138156
-0.133754
-0.129236
-0.124605
-0.119861
-0.115005
-0.11004
-0.104966
-0.099786
-0.094501
-0.089113
-0.083625
-0.078038
-0.072355
-0.066578
-0.06071
-0.054754
-0.048711
-0.05502
-0.061008
-0.066691
-0.072085
-0.077203
-0.08206
-0.08667
-0.091045
-0.095196
-0.099136
-0.102874
-0.106423
-0.10979
-0.112986
-0.116019
-0.118898
-0.12163
-0.124223
-0.126685
-0.129021
-0.131239
-0.133344
-0.135343
-0.13724
-0.139041
-0.14075
-0.142374
-0.143915
-0.1368
-0.130029
-0.123588
-0.117459
-0.11163
-0.106086
-0.100814
-0.087141
-0.074127
-0.061745
-0.049967
-0.038768
-0.028121
-0.018001
-0.008385
0.000752
0.009433
0.017678
0.02551
0.032947
0.040011
0.046718
0.053087
0.059135
0.071403
0.083037
0.085408
0.087658
0.089793
0.09182
0.093744
0.095569
0.097303
0.098948
0.100511
0.101994
0.103403
0.096117
0.089192
0.082611
0.076358
0.070417
0.058251
0.046673
0.035659
0.025185
0.015226
0.005759
-0.003237
-0.011786
-0.019908
-0.027624
-0.034952
-0.041913
-0.055086
-0.067586
-0.079442
-0.090684
-0.101343
-0.111447
-0.121023
-0.130097
-0.138696
-0.146844
-0.148157
-0.149405
-0.15059
-0.151715
-0.159217
-0.16635
-0.173126
-0.179559
-0.18566
-0.191441
-0.196915
-0.202092
-0.206983
-0.211598
-0.215946
-0.220037
-0.223878
-0.227478
-0.230845
-0.233986
-0.236907
-0.239614
-0.242114
-0.244412
-0.246511
-0.248418
-0.245438
-0.242594
-0.239883
-0.237298
-0.234833
-0.232485
-0.230247
-0.228115
-0.226084
-0.22415
-0.222308
-0.225777
-0.229067
-0.232182
-0.235124
-0.237896
-0.240503
-0.242946
-0.24523
-0.247356
-0.249328
-0.251148
-0.252818
-0.254342
-0.255721
-0.256957
-0.258053
-0.259009
-0.259827
-0.26051
-0.261057
-0.261471
-0.261751
-0.261899
-0.261916
-0.261801
-0.261556
-0.261181
-0.260675
-0.260039
-0.259272
-0.258376
-0.257348
-0.25619
-0.254901
-0.25348
-0.251927
-0.250241
-0.248422
-0.246471
-0.244384
-0.242164
-0.239808
-0.237317
-0.23469
-0.231927
-0.229026
-0.225988
-0.222813
-0.219499
-0.21956
-0.219596
-0.21961
-0.219536
-0.219387
-0.219173
-0.218906
-0.218592
-0.218243
-0.217863
-0.217459
-0.217037
-0.216602
-0.216157
-0.215705
-0.215251
-0.214798
-0.214346
-0.213898
-0.213455
-0.21302
-0.212593
-0.212176
-0.211768
-0.21137
-0.210984
-0.210609
-0.210245
-0.209893
-0.209552
-0.209958
-0.210336
-0.211373
-0.212347
-0.213246
-0.21406
-0.214781
-0.215399
-0.215909
-0.216305
-0.216581
-0.216733
-0.216757
-0.21665
-0.21641
-0.216034
-0.21552
-0.214867
-0.214074
-0.21314
-0.212064
-0.210846
-0.209487
-0.207985
-0.206341
-0.204556
-0.202629
-0.200561
-0.198353
-0.199281
-0.200155
-0.200977
-0.20175
-0.202479
-0.203165
-0.203812
-0.204422
-0.204997
-0.205539
-0.206051
-0.206534
-0.20699
-0.20742
-0.207827
-0.20955
-0.211167
-0.212668
-0.214047
-0.215298
-0.216417
-0.217399
-0.21824
-0.218939
-0.219492
-0.219898
-0.220155
-0.220262
-0.220219
-0.220025
-0.21968
-0.219184
-0.218536
-0.217737
-0.216788
-0.215689
-0.215803
-0.215903
-0.215992
-0.216071
-0.21614
-0.216201
-0.216254
-0.2163
-0.21634
-0.216376
-0.216406
-0.216432
-0.216454
-0.216474
-0.21649
-0.216504
-0.216515
-0.216524
-0.216531
-0.216538
-0.216542
-0.216545
-0.216548
-0.216549
-0.21655
-0.21655
-0.216549
-0.216548
-0.216547
-0.216545
-0.216543
-0.21654
-0.216538
-0.216535
-0.216488
-0.216415
-0.21632
-0.216206
-0.216077
-0.215935
-0.215783
-0.215623
-0.215457
-0.215287
-0.215114
-0.214896
-0.214626
-0.214297
-0.213902
-0.213436
-0.212895
-0.212272
-0.211566
-0.210772
-0.209886
-0.208906
-0.20783
-0.206654
-0.205378
-0.203999
-0.204718
-0.205391
-0.206019
-0.206607
-0.207157
-0.207672
-0.208154
-0.208606
-0.209909
-0.211138
-0.212281
-0.21333
-0.214275
-0.215109
-0.215826
-0.216421
-0.216889
-0.217226
-0.217429
-0.217495
-0.217421
-0.217206
-0.216849
-0.216347
-0.215702
-0.214911
-0.215029
-0.215137
-0.215236
-0.215327
-0.21541
-0.215486
-0.215556
-0.215621
-0.21568
-0.215734
-0.215784
-0.21583
-0.216063
-0.216249
-0.216377
-0.216438
-0.216422
-0.216323
-0.216134
-0.215849
-0.216071
-0.216248
-0.216386
-0.21649
-0.216564
-0.216611
-0.216637
-0.216642
-0.216631
-0.216637
-0.21664
-0.216642
-0.216643
-0.216624
-0.216572
-0.216493
-0.216376
-0.216211
-0.215987
-0.215698
-0.215334
-0.21489
-0.214359
-0.213737
-0.213018
-0.2122
-0.211277
-0.210247
-0.209107
-0.207856
-0.20649
-0.205008
-0.203409
-0.201691
-0.199853
-0.197895
-0.195815
-0.193614
-0.191289
-0.188842
-0.186272
-0.18358
-0.180763
-0.177824
-0.174763
-0.171578
-0.173681
-0.175666
-0.177542
-0.179315
-0.18099
-0.182573
-0.18407
-0.185485
-0.186824
-0.18809
-0.189288
-0.190421
-0.191494
-0.192509
-0.19347
-0.19438
-0.195242
-0.196058
-0.196831
-0.197563
-0.198257
-0.198914
-0.199537
-0.202622
-0.205544
-0.208297
-0.21088
-0.213288
-0.21552
-0.217574
-0.21945
-0.221148
-0.222667
-0.224008
-0.225171
-0.226157
-0.226967
-0.227602
-0.228064
-0.228354
-0.228473
-0.228422
-0.228204
-0.227819
-0.227269
-0.226556
-0.225681
-0.224645
-0.223449
-0.222096
-0.220586
-0.218921
-0.217102
-0.21513
-0.213006
-0.210732
-0.211159
-0.211552
-0.211912
-0.212243
-0.212547
-0.212826
-0.213083
-0.21332
-0.213538
-0.213265
-0.212934
-0.21254
-0.212079
-0.211544
-0.210932
-0.210239
-0.209462
-0.208597
-0.207642
-0.206593
-0.20545
-0.20421
-0.20287
-0.20143
-0.199887
-0.19824
-0.196489
-0.194632
-0.192667
-0.190594
-0.188413
-0.186121
-0.18372
-0.181207
-0.178583
-0.175847
-0.172998
-0.170037
-0.166963
-0.163776
-0.160476
-0.157063
-0.153536
-0.149896
-0.146143
-0.142278
-0.1383
-0.134211
-0.130011
-0.125699
-0.121278
-0.116748
-0.11211
-0.107365
-0.102513
-0.097558
-0.092499
-0.087339
-0.082078
-0.076719
-0.071265
-0.065715
-0.060074
-0.054343
-0.048524
-0.042621
-0.036636
-0.030571
-0.037441
-0.043963
-0.050155
-0.056033
-0.061613
-0.066909
-0.071937
-0.076709
-0.088232
-0.099153
-0.109501
-0.119305
-0.128593
-0.137391
-0.145725
-0.153618
-0.161094
-0.168175
-0.174883
-0.181236
-0.187254
-0.184834
-0.182531
-0.18034
-0.178255
-0.176272
-0.174387
-0.172594
-0.17089
-0.169271
-0.167732
-0.166269
-0.164879
-0.163559
-0.162305
-0.161113
-0.159981
-0.158906
-0.157885
-0.156914
-0.155993
-0.155118
-0.154287
-0.153497
-0.152747
-0.152035
-0.151359
-0.150716
-0.150106
-0.149527
-0.148976
-0.148454
-0.147957
-0.147485
-0.147038
-0.146612
-0.146208
-0.145825
-0.14546
-0.145114
-0.144785
-0.144473
-0.144176
-0.143894
-0.143627
-0.151546
-0.159052
-0.159409
-0.159752
-0.160079
-0.160392
-0.160691
-0.160975
-0.161246
-0.161503
-0.161749
-0.161981
-0.162203
-0.162413
-0.162612
-0.162801
-0.156177
-0.14983
-0.143731
-0.137849
-0.132159
-0.126637
-0.12126
-0.116009
-0.110864
-0.10581
-0.100831
-0.095912
-0.091043
-0.08621
-0.081405
-0.076617
-0.071839
-0.067063
-0.062282
0.057491
0.052684
0.047856
0.043004
0.038125
0.043586
0.048773
0.053697
0.058373
0.062812
0.067027
0.071029
0.074829
0.078437
0.081862
0.085114
0.088202
0.091134
0.085878
0.080773
0.075801
0.070946
0.066194
0.06153
0.056941
0.052416
0.057015
0.061382
0.065529
0.069466
0.073204
0.076754
0.080124
0.083324
0.086363
0.089248
0.091988
0.094589
0.09706
0.099405
0.093489
0.087754
0.082182
0.076755
0.071458
0.066274
0.061191
0.056196
0.051276
0.046421
0.051105
0.055553
0.059777
0.063788
0.067597
0.071214
0.074648
0.077909
0.081006
0.083947
0.086739
0.089391
0.091909
0.0943
0.09657
0.098727
0.100775
0.102719
0.104566
0.10632
0.107985
0.109567
0.11107
0.112496
0.113852
0.115139
0.116361
0.117522
0.118624
0.119671
0.120666
0.121611
0.122508
0.12336
0.12417
0.124939
0.125669
0.126362
0.127021
0.127647
0.128242
0.128806
0.129343
0.129852
0.130336
0.130796
0.131232
0.131647
0.132041
0.132416
0.132771
0.133109
0.13343
0.133734
0.134024
0.134299
0.13456
0.134808
0.135044
0.135268
0.135481
0.135683
0.135875
0.136057
0.13623
0.136395
0.136551
0.1367
0.136841
0.136975
0.137102
0.137223
0.137338
0.137447
0.137551
0.129411
0.121566
0.113993
0.106667
0.099568
0.092675
0.085969
0.079434
0.073052
0.066809
0.06069
0.054683
0.048775
0.042957
0.037216
0.031544
0.025932
0.020373
0.014858
0.009383
0.003939
-0.001477
-0.006871
-0.012247
-0.017609
-0.010987
-0.004695
0.001282
0.006961
0.012355
0.017479
0.022346
0.026969
0.03136
0.035531
0.039493
0.034028
0.028713
0.023532
0.018472
0.013517
0.008658
0.003881
-0.000824
-0.005466
-0.010054
-0.014597
-0.019102
-0.023577
-0.028027
-0.032458
-0.036875
-0.041283
-0.045687
-0.050089
-0.054494
-0.046938
-0.039755
-0.03293
-0.026444
-0.020281
-0.014426
-0.008862
-0.003577
0.001445
0.006215
0.010747
0.015052
0.019141
0.023026
0.026715
0.03022
0.03355
0.036712
0.039716
0.042569
0.045279
0.047853
0.050298
0.052621
0.054827
0.056922
0.058913
0.060803
0.062599
0.064305
0.065925
0.067464
0.068926
0.065492
0.062229
0.059127
0.056179
0.053378
0.050715
0.048184
0.045779
0.043494
0.041323
0.039259
0.037299
0.035436
0.033666
0.031984
0.030386
0.028868
0.027426
0.026055
0.024753
0.018649
0.012847
0.007334
0.002095
-0.002882
-0.00761
-0.007229
-0.006868
-0.006524
-0.006198
-0.005888
-0.000722
0.004186
0.008848
0.013276
0.017481
0.021474
0.025267
0.028868
0.032287
0.035533
0.038616
0.041542
0.044321
0.046959
0.049463
0.051841
0.054099
0.056242
0.04854
0.04115
0.034045
0.027197
0.020583
0.01418
0.007966
0.001923
-0.003967
-0.009719
-0.015349
-0.02087
-0.026295
-0.031633
-0.036897
-0.042094
-0.047233
-0.040693
-0.034481
-0.028581
-0.022977
-0.017654
-0.012599
-0.007799
-0.00324
0.00109
0.015117
0.028434
0.041076
0.053074
0.06446
0.075264
0.081435
0.087317
0.092922
0.098259
0.103339
0.108173
0.112771
0.117144
0.121301
0.125253
0.129009
0.132578
0.135969
0.13919
0.14225
0.145156
0.147916
0.140614
0.133664
0.117085
0.101275
0.086201
0.07183
0.058128
0.045063
0.032605
0.024762
0.017203
0.0099
0.002832
-0.004026
-0.010693
-0.017188
-0.023529
-0.029729
-0.035805
-0.041768
-0.04763
-0.053401
-0.059091
-0.064708
-0.07026
-0.075753
-0.081192
-0.086583
-0.091931
-0.097238
-0.102507
-0.107742
-0.112944
-0.118114
-0.123255
-0.128365
-0.133446
-0.138497
-0.143518
-0.148508
-0.153467
-0.144904
-0.136763
-0.129025
-0.12167
-0.114679
-0.108036
-0.101723
-0.085109
-0.069309
-0.054288
-0.040012
-0.026446
-0.013559
-0.001318
0.010307
0.021347
0.031829
0.04178
0.051227
0.060195
0.068708
0.076789
0.084459
0.091739
0.098649
0.105207
0.111432
0.10678
0.102358
0.098157
0.094164
0.09037
0.086765
0.083339
0.080084
0.076992
0.074053
0.071262
0.068609
0.066089
0.063695
0.06142
0.059259
0.057206
0.044648
0.032712
0.021369
0.010591
0.000351
-0.009376
-0.018615
-0.027391
-0.035725
-0.043747
-0.051476
-0.058931
-0.066132
-0.073093
-0.079832
-0.086363
-0.0927
-0.098856
-0.104843
-0.110673
-0.116355
-0.121899
-0.127315
-0.13261
-0.137792
-0.142868
-0.147845
-0.152727
-0.157519
-0.162228
-0.166855
-0.169389
-0.171796
-0.163594
-0.145273
-0.127819
-0.111199
-0.09538
-0.080329
-0.066012
-0.052398
-0.039455
-0.027153
-0.015463
-0.004354
0.006199
0.016224
0.025746
0.034789
0.043378
0.051534
0.059279
0.066633
0.073616
0.080246
0.086541
0.092518
0.098193
0.103582
0.108697
0.113554
0.118166
0.122545
0.126702
0.130649
0.134397
0.137955
0.130792
0.123981
0.106929
0.090699
0.075258
0.06057
0.046605
0.033328
0.02071
0.008719
-0.002673
-0.013496
-0.023775
-0.033539
-0.042811
-0.051616
-0.059976
-0.067915
-0.075453
-0.071997
-0.068713
-0.065593
-0.062628
-0.059811
-0.057134
-0.054591
-0.052174
-0.049879
-0.047697
-0.045624
-0.043655
-0.041785
-0.040007
-0.038318
-0.036714
-0.03519
-0.033742
-0.032366
-0.031059
-0.029817
-0.017995
-0.006762
0.003911
0.01405
0.02368
0.032827
0.041514
0.049763
0.057597
0.065035
0.061477
0.058097
0.054885
0.051833
0.048933
0.046178
0.04356
0.041073
0.038709
0.036464
0.034331
0.032304
0.030379
0.02855
0.026812
0.02516
0.023592
0.022102
0.020686
0.019341
0.018063
0.016849
0.015696
0.0146
0.013559
0.01257
0.011631
0.010738
0.00989
0.009085
0.00832
0.007593
0.006902
0.006246
0.005623
0.005031
0.004468
0.003934
0.003426
0.002944
0.002485
0.00205
0.001637
0.001243
0.00087
0.000516
0.000179
-0.000141
-0.000445
-0.000734
-0.001008
-0.001269
-0.001516
-0.001752
-0.001975
-0.002187
-0.002389
-0.002581
-0.002763
-0.002936
-0.0031
-0.003256
-0.003404
-0.003545
-0.003679
-0.003806
-0.003927
-0.004042
-0.004151
-0.004254
-0.004353
-0.004446
-0.004535
-0.00462
-0.0047
-0.004776
-0.004848
-0.004917
-0.004982
-0.005044
-0.005103
-0.005159
-0.005212
-0.005263
-0.005311
-0.005357
-0.0054
-0.005441
-0.00548
-0.005517
-0.005553
-0.005586
-0.005618
-0.005648
-0.005677
-0.005704
-0.00573
-0.005755
-0.005778
-0.005801
-0.005822
-0.005842
-0.005861
-0.005879
-0.005896
-0.005913
-0.005929
-0.005943
-0.005957
-0.005971
-0.005983
-0.005995
-0.006007
-0.006018
-0.006028
-0.006038
-0.006047
-0.006056
-0.006065
-0.006073
-0.00608
-0.006088
-0.006094
-0.006101
-0.006107
-0.006113
-0.006119
-0.006124
-0.006129
-0.006134
-0.006139
-0.006143
-0.006147
-0.006151
-0.006155
-0.006158
-0.006161
-0.006165
-0.006168
-0.006171
-0.006174
-0.006176
-0.006179
-0.006181
-0.006183
-0.006185
-0.006187
-0.006189
-0.006191
-0.006193
-0.006195
-0.006196
-0.006198
-0.006199
-0.006201
-0.006202
-0.006203
-0.006204
-0.006205
-0.006207
-0.006208
-0.006208
-0.00621
-0.00621
-0.00621
-0.00621
-0.00621
-0.00621
-0.00621
-0.00621
-0.00621
-0.00621
-0.00621
-0.00621
-0.00621
-0.00621
-0.00621
-0.00621
-0.00621
-0.00621
-0.00621
-0.00621
-0.00621
-0.00621
-0.00621
-0.00621
-0.00621
-0.00621
-0.00621
-0.00621
-0.00621
-0.00621
-0.00621
-0.00621
-0.00621
-0.00621
-0.00621
-0.00621
-0.00621
-0.00621
-0.00621
-0.00621
-0.00621
-0.00621
-0.00621
-0.00621
-0.00621
-0.00621
-0.00621
-0.00621
-0.00621
-0.00621
-0.00621
-0.00621
-0.00621
-0.00621
-0.00621
-0.00621
-0.00621
-0.00621
-0.00621
-0.00621
-0.00621
-0.00621
-0.00621
-0.00621
-0.00621
-0.00621
-0.00621
-0.00621
-0.00621
-0.00621
-0.00621
-0.00621
-0.00621
-0.00621
-0.00621
-0.00621
-0.00621
-0.00621
-0.00621
-0.00621
-0.00621
-0.00621
-0.00621
-0.00621
-0.00621
-0.00621
-0.00621
-0.00621
-0.00621
-0.00621
-0.00621
-0.00621
-0.00621
-0.00621
-0.00621
-0.00621
-0.00621
-0.00621
-0.00621
-0.00621
-0.00621
-0.00621
-0.00621
-0.00621
-0.00621
-0.00621
-0.00621
-0.00621
-0.00621
-0.00621
-0.00621
-0.00621
-0.00621
-0.00621
-0.00621
-0.00621
-0.00621
-0.00621
-0.00621
-0.00621
-0.00621
-0.00621
-0.00621
-0.00621
-0.00621
-0.00621
-0.00621
-0.00621
-0.00621
-0.00621
-0.00621
-0.00621
-0.00621
-0.00621
-0.00621
-0.00621
-0.00621
-0.00621
-0.00621
-0.00621
-0.00621
-0.00621
-0.00621
-0.00621
-0.00621
-0.00621
-0.00621
-0.00621
-0.00621
-0.00621
-0.00621
-0.00621
-0.00621
-0.00621
-0.00621
0.00454
0.014863
0.024782
0.034321
0.043502
0.052347
0.060874
0.069102
0.07705
0.084733
0.092167
0.099367
0.106346
0.113117
0.107697
0.102544
0.097647
0.092992
0.088567
0.084362
0.080366
0.076569
0.07296
0.069531
0.066273
0.063176
0.060234
0.057439
0.054782
0.052259
0.049861
0.047582
0.045418
0.043361
0.041407
0.039551
0.037787
0.036111
0.034519
0.033007
0.03157
0.030205
0.028908
0.027676
0.026505
0.025393
0.024336
0.023333
0.022379
0.021473
0.020613
0.019795
0.019018
0.01828
0.017579
0.016913
0.016281
0.01568
0.015108
0.014566
0.014051
0.013561
0.013096
0.012654
0.012234
0.011835
0.011457
0.011096
0.010755
0.01043
0.010121
0.009828
0.00955
0.009285
-0.001614
-0.011968
-0.021803
-0.031144
-0.040016
-0.048441
-0.056441
-0.064038
-0.071251
-0.0781
-0.084604
-0.090778
-0.09664
-0.091611
-0.086831
-0.082288
-0.077971
-0.073868
-0.069969
-0.066264
-0.062743
-0.048766
-0.035479
-0.02285
-0.010848
0.000554
0.011387
0.021677
0.03145
0.040731
0.049545
0.057915
0.065862
0.073408
0.069956
0.066676
0.063559
0.060598
0.057784
0.05511
0.05257
0.050156
0.047863
0.045684
0.043614
0.041647
0.039779
0.038003
0.036317
0.034714
0.033192
0.031745
0.030371
0.029066
0.027825
0.026647
0.025528
0.024464
0.023454
0.022494
0.021582
0.020716
0.019893
0.019111
0.018368
0.017663
0.016992
0.016356
0.01575
0.015176
0.014629
0.014111
0.013618
0.01315
0.012705
0.012282
0.011881
0.011499
0.011137
0.010793
0.010466
0.010155
0.00986
0.00958
0.009314
0.009061
0.00882
0.008592
0.008375
0.008169
0.007973
0.007787
0.00761
0.007442
0.007283
0.007131
0.006987
0.00685
0.006721
0.006597
0.00648
0.006368
0.006263
0.006162
0.006067
0.005976
0.00589
0.005808
0.00573
0.016409
0.026661
0.03651
0.04598
0.055091
0.063865
0.07232
0.080475
0.088346
0.095952
0.103305
0.110422
0.117314
0.123995
0.130476
0.136768
0.14288
0.148822
0.154603
0.16023
0.16571
0.17105
0.176255
0.181332
0.186284
0.191116
0.195833
0.200437
0.204931
0.209318
0.213599
0.217777
0.221853
0.225828
0.229702
0.233477
0.225139
0.2172
0.209643
0.20245
0.195605
0.189093
0.182897
0.166978
0.15181
0.137361
0.123603
0.110508
0.097951
0.085901
0.074327
0.0632
0.052493
0.042178
0.032231
0.02263
0.013351
0.004373
-0.004322
-0.012753
-0.020938
-0.028891
-0.036629
-0.042519
-0.048113
-0.053425
-0.05847
-0.063262
-0.067812
-0.061811
-0.04566
-0.030191
-0.015375
-0.001185
0.012406
0.025427
0.037903
0.049859
0.06132
0.072308
0.082846
0.092956
0.102657
0.111969
0.120909
0.129494
0.1263
0.123265
0.12038
0.117638
0.115032
0.112555
0.110202
0.107966
0.105841
0.103822
0.101903
0.100079
0.098347
0.096701
0.095137
0.09365
0.102455
0.110906
0.11902
0.126813
0.134303
0.141504
0.14843
0.155095
0.161511
0.167692
0.173647
0.179388
0.184924
0.190266
0.19542
0.200396
0.205201
0.209841
0.214323
0.218653
0.222835
0.226875
0.230776
0.234542
0.238178
0.241685
0.245066
0.248324
0.25146
0.244176
0.237239
0.230633
0.224344
0.218358
0.212661
0.207239
0.202081
0.197174
0.192505
0.188065
0.183841
0.179825
0.176006
0.163116
0.150835
0.13914
0.128005
0.117406
0.107321
0.097726
0.088599
0.07992
0.071667
0.073229
0.074712
0.076121
0.077459
0.07873
0.079937
0.090475
0.100474
0.10996
0.118959
0.127496
0.135594
0.143277
0.150564
0.157477
0.164035
0.170256
0.166907
0.163723
0.160696
0.157819
0.155084
0.152484
0.150013
0.147664
0.145432
0.14331
0.141294
0.139377
0.137556
0.135825
0.134181
0.132618
0.131132
0.129721
0.12838
0.127106
0.125895
0.124744
0.123651
0.122612
0.121625
0.120688
0.119796
0.11895
0.118145
0.117381
0.116655
0.115965
0.115309
0.114687
0.114095
0.113533
0.112999
0.112491
0.112009
0.111551
0.111116
0.110702
0.110309
0.109936
0.109582
0.109245
0.108925
0.108621
0.108332
0.108057
0.107797
0.107549
0.107314
0.10709
0.106878
0.106676
0.115844
0.124541
0.132791
0.140617
0.148042
0.155084
0.161765
0.168102
0.174114
0.179817
0.185228
0.190361
0.19523
0.190657
0.186306
0.182169
0.178234
0.174493
0.170935
0.167553
0.164337
0.170617
0.176647
0.182438
0.188001
0.193346
0.198481
0.203416
0.20816
0.212721
0.217105
0.211709
0.206574
0.201688
0.19704
0.192619
0.188414
0.184415
0.180612
0.176995
0.173556
0.170286
0.167178
0.164222
0.161413
0.158742
0.156204
0.153791
0.160728
0.167382
0.173766
0.179889
0.185764
0.191401
0.19681
0.202
0.206981
0.211761
0.216347
0.220748
0.22497
0.229019
0.232903
0.236625
0.240192
0.243608
0.246877
0.250004
0.252991
0.255841
0.258559
0.261145
0.263602
0.265932
0.268137
0.270218
0.272175
0.274009
0.275721
0.277311
0.278779
0.280125
-0.281349
-0.28245
-0.283428
-0.284281
-0.28501
-0.285612
-0.286086
-0.286432
-0.286648
-0.286732
-0.286684
-0.286501
-0.286182
-0.285726
-0.28513
-0.284393
-0.283514
-0.28249
-0.28132
-0.280002
-0.278535
-0.276918
-0.275148
-0.273224
-0.271146
-0.26891
-0.266517
-0.263965
-0.261253
-0.25838
-0.255346
-0.252149
-0.248789
-0.245265
-0.241577
-0.237726
-0.23371
-0.22953
-0.225187
-0.220681
-0.220698
-0.22069
-0.220662
-0.220616
-0.220555
-0.220482
-0.220398
-0.220306
-0.220207
-0.220102
-0.220114
-0.220055
-0.21992
-0.219706
-0.219409
-0.219027
-0.218557
-0.217997
-0.217343
-0.21743
-0.217499
-0.217552
-0.217593
-0.217621
-0.21764
-0.217649
-0.217651
-0.217647
-0.217596
-0.217497
-0.217355
-0.217179
-0.216974
-0.216745
-0.216497
-0.216233
-0.215957
-0.215673
-0.215383
-0.215089
-0.214793
-0.214497
-0.214202
-0.21391
-0.213622
-0.213338
-0.21306
-0.212788
-0.212522
-0.212263
-0.212535
-0.213274
-0.213923
-0.214491
-0.214988
-0.215421
-0.215797
-0.216122
-0.216402
-0.216642
-0.216846
-0.217019
-0.217164
-0.217284
-0.217382
-0.217461
-0.217524
-0.217572
-0.217607
-0.21763
-0.217644
-0.217634
-0.217618
-0.217599
-0.217576
-0.217551
-0.217524
-0.217494
-0.217464
-0.217433
-0.217401
-0.217368
-0.217336
-0.217303
-0.21727
-0.217238
-0.217206
-0.217175
-0.217144
-0.217114
-0.217084
-0.217055
-0.217027
-0.217
-0.216974
-0.216948
-0.216924
-0.2169
-0.216877
-0.216855
-0.216833
-0.216813
-0.216793
-0.216774
-0.216756
-0.216739
-0.216722
-0.216706
-0.21669
-0.216676
-0.216662
-0.216648
-0.216635
-0.216623
-0.216611
-0.2166
-0.216589
-0.216579
-0.216569
-0.21656
-0.216551
-0.216542
-0.216534
-0.216526
-0.216519
-0.216512
-0.216505
-0.216499
-0.216493
-0.216487
-0.216482
-0.216476
-0.216471
-0.216467
-0.216462
-0.216458
-0.216454
-0.21645
-0.216446
-0.216443
-0.216439
-0.216436
-0.216433
-0.21643
-0.216427
-0.216425
-0.216422
-0.21642
-0.216418
-0.216416
-0.216414
-0.216412
-0.21641
-0.216408
-0.216406
-0.216405
-0.216403
-0.216402
-0.216401
-0.216399
-0.216398
-0.216397
-0.216396
-0.216395
-0.216394
-0.216393
-0.216634
-0.216839
-0.217012
-0.217158
-0.217279
-0.217378
-0.217457
-0.21752
-0.217568
-0.217604
-0.217628
-0.217642
-0.217631
-0.217615
-0.217596
-0.217573
-0.217548
-0.217521
-0.217492
-0.217461
-0.21743
-0.217398
-0.217366
-0.217333
-0.2173
-0.217268
-0.217236
-0.217204
-0.217172
-0.217142
-0.217112
-0.217082
-0.217053
-0.217026
-0.216998
-0.216972
-0.216947
-0.216922
-0.216898
-0.216876
-0.216853
-0.216832
-0.216812
-0.216792
-0.216773
-0.216755
-0.216738
-0.216721
-0.216705
-0.21669
-0.216675
-0.216661
-0.216647
-0.216635
-0.216622
-0.21661
-0.216599
-0.216589
-0.216578
-0.216569
-0.216559
-0.21655
-0.216542
-0.216534
-0.216526
-0.216519
-0.216512
-0.216505
-0.216499
-0.216493
-0.216487
-0.216482
-0.216476
-0.216471
-0.216467
-0.216462
-0.216458
-0.216454
-0.21645
-0.216446
-0.216443
-0.216439
-0.216436
-0.216433
-0.21643
-0.216427
-0.216425
-0.216422
-0.21642
-0.216418
-0.216416
-0.216414
-0.216412
-0.21641
-0.216408
-0.216406
-0.216405
-0.216403
-0.216402
-0.216401
-0.216399
-0.216398
-0.216397
-0.216396
-0.216395
-0.216394
-0.216393
-0.216392
-0.216391
-0.21639
-0.21639
-0.216389
-0.216388
-0.216388
-0.216387
-0.216386
-0.216386
-0.216385
-0.216385
-0.216384
-0.216384
-0.216383
-0.216383
-0.216382
-0.216106
-0.215797
-0.215444
-0.215039
-0.214573
-0.214039
-0.21343
-0.21274
-0.211964
-0.211097
-0.210135
-0.209075
-0.207913
-0.206647
-0.205273
-0.20379
-0.202196
-0.200489
-0.198668
-0.196732
-0.194679
-0.192509
-0.190221
-0.187814
-0.185288
-0.182643
-0.179878
-0.176994
-0.17399
-0.170866
-0.167622
-0.164259
-0.160777
-0.157176
-0.153457
-0.14962
-0.145667
-0.141597
-0.137412
-0.133112
-0.128698
-0.124172
-0.119535
-0.114787
-0.109931
-0.104968
-0.099899
-0.094726
-0.089451
-0.084076
-0.078602
-0.073032
-0.067369
-0.061614
-0.05577
-0.061863
-0.067645
-0.073132
-0.078338
-0.083279
-0.087967
-0.092416
-0.096637
-0.100643
-0.104444
-0.108051
-0.111474
-0.114722
-0.117804
-0.12073
-0.123506
-0.126141
-0.128642
-0.131015
-0.133268
-0.135407
-0.137436
-0.139363
-0.134769
-0.130297
-0.125929
-0.121651
-0.11745
-0.113311
-0.109224
-0.105177
-0.10116
-0.097164
-0.093181
-0.089202
-0.085221
-0.08123
-0.077224
-0.073198
-0.069147
-0.065065
-0.06095
-0.056798
-0.052605
-0.048369
-0.044087
-0.039757
-0.035378
-0.030947
0.026464
0.021927
0.017336
0.012691
0.019453
0.025875
0.039946
0.053299
0.065969
0.077986
0.089384
0.100191
0.110437
0.12015
0.129358
0.138085
0.146358
0.154199
0.161631
0.168675
0.175351
0.18168
0.187678
0.193364
0.198755
0.203865
0.208709
0.213302
0.217657
0.221787
0.225703
0.229416
0.232938
0.236278
0.239446
0.242451
0.245301
0.248005
0.25057
0.2455
0.240671
0.236073
0.231695
0.227527
0.22356
0.219784
0.216192
0.212773
0.209521
0.206428
0.203485
0.200686
0.198024
0.195493
0.193086
0.190797
0.18862
0.186551
0.184584
0.182714
0.180936
0.179246
0.177639
0.176112
0.174661
0.173281
0.17197
0.170724
0.16954
0.168414
0.167345
0.166328
0.165362
0.164444
0.163572
0.162743
0.161955
0.161207
0.160496
0.15982
0.159178
0.158568
0.157988
0.157437
0.156913
0.156416
0.155944
0.155495
0.155068
0.154663
0.154278
0.153912
0.153564
0.153234
0.15292
0.152622
0.160136
0.167258
0.174008
0.180407
0.186472
0.192221
0.197671
0.202837
0.207735
0.204728
0.201869
0.199149
0.196562
0.194103
0.191764
0.18954
0.187425
0.185415
0.183504
0.181687
0.17996
0.178318
0.176757
0.175274
0.173864
0.172524
0.171251
0.17004
0.16889
0.167797
0.166758
0.16577
0.164832
0.163941
0.163093
0.162288
0.161523
0.160796
0.160105
0.159449
0.166607
0.173391
0.179822
0.185917
0.191695
0.197172
0.202365
0.207287
0.211954
0.216379
0.220574
0.224553
0.228326
0.231904
0.235297
0.238516
0.241568
0.244464
0.247211
0.249817
0.252289
0.254635
0.256861
0.258972
0.260976
0.262878
0.264683
0.258946
0.25348
0.248272
0.243311
0.238586
0.234087
0.229805
0.225728
0.221848
0.218155
0.214641
0.211298
0.208118
0.205093
0.202215
0.199479
0.196876
0.194401
0.192047
0.189809
0.187682
0.185659
0.183735
0.181907
0.180169
0.178517
0.176946
0.175454
0.174035
0.172687
0.171405
0.170187
0.169029
0.167929
0.166884
0.16589
0.164946
0.164049
0.163196
0.162386
0.161616
0.160884
0.160189
0.159528
0.158901
0.158304
0.157738
0.157199
0.156688
0.156202
0.15574
0.147493
0.139639
0.132163
0.125048
0.118277
0.111835
0.105706
0.099877
0.094334
0.089063
0.08405
0.079285
0.074755
0.070448
0.066355
0.062464
0.058767
0.055252
0.051913
0.048739
0.045723
0.042857
0.040134
0.037547
0.035088
0.032752
0.030533
0.028424
0.02642
0.032492
0.038258
0.043733
0.048933
0.05387
0.058558
0.063009
0.067236
0.071249
0.07506
0.078678
0.090039
0.100812
0.111026
0.120709
0.129887
0.138587
0.146834
0.15465
0.162058
0.16908
0.175735
0.182043
0.188023
0.193691
0.199065
0.196482
0.194026
0.191691
0.189471
0.18736
0.185353
0.183444
0.181631
0.179906
0.178267
0.176709
0.175228
0.17382
0.172483
0.171211
0.170003
0.168854
0.167762
0.166725
0.16574
0.164803
0.163913
0.163067
0.162263
0.161499
0.160773
0.160084
0.159428
0.158806
0.158214
0.157652
0.157118
0.15661
0.156128
0.15567
0.155234
0.147011
0.139181
0.131727
0.124633
0.117882
0.111459
0.105349
0.099537
0.094011
0.088755
0.083758
0.086937
0.089955
0.092821
0.095543
0.098127
0.100581
0.102911
0.105124
0.107225
0.10922
0.118996
0.128264
0.137049
0.145375
0.153268
0.160748
0.167838
0.174558
0.180928
0.186965
0.184978
0.183088
0.181292
0.179584
0.177961
0.176418
0.174951
0.173558
0.172233
0.170974
0.169777
0.16864
0.167559
0.166532
