0.0
0.007713
0.01504
0.021999
0.028608
0.034884
0.040844
0.046503
0.051876
0.056978
0.061822
0.066422
0.070788
0.074934
0.07887
0.082607
0.086155
0.089523
0.092722
0.095758
0.098641
0.101378
0.103977
0.106445
0.108788
0.111013
0.113125
0.115131
0.117036
0.118845
0.120562
0.122193
0.123742
0.125213
0.12661
0.127936
0.129196
0.130392
0.131528
0.132607
0.133632
0.134605
0.13553
0.136407
0.137241
0.138033
0.138785
0.1395
0.140178
0.140823
0.141435
0.142016
0.142569
0.143093
0.143592
0.144065
0.144514
0.144941
0.145347
0.145732
0.146098
0.146446
0.146776
0.14709
0.147388
0.147671
0.14794
0.148195
0.148438
0.148668
0.148887
0.149095
0.149293
0.14948
0.149659
0.149828
0.149989
0.150142
0.150287
0.150425
0.150556
0.150681
0.150799
0.150911
0.151018
0.151119
0.151215
0.151307
0.151394
0.151476
0.151555
0.151629
0.1517
0.151767
0.151831
0.151892
0.151949
0.152004
0.152056
0.152106
0.152152
0.152197
0.152239
0.15228
0.152318
0.152354
0.152389
0.152422
0.152453
0.152482
0.15251
0.152537
0.152563
0.152587
0.152609
0.152631
0.152652
0.152672
0.15269
0.152708
0.152725
0.152741
0.152756
0.15277
0.152784
0.152797
0.152809
0.152821
0.152832
0.152843
0.152853
0.152863
0.152872
0.15288
0.152889
0.152896
0.152904
0.152911
0.152918
0.152924
0.15293
0.152936
0.152941
0.152946
0.152951
0.152956
0.15296
0.152964
0.152968
0.152972
0.152976
0.152979
0.152983
0.152986
0.152989
0.152991
0.152994
0.152996
0.152999
0.153001
0.153003
0.153005
0.153007
0.153009
0.153011
0.153013
0.153014
0.153016
0.153017
0.153018
0.15302
0.153021
0.153022
0.153023
0.153024
0.153025
0.153026
0.153027
0.153028
0.153029
0.15303
0.15303
0.153031
0.153031
0.153031
0.153031
0.153031
0.153031
0.153031
0.153031
0.153031
0.153031
0.153031
0.153031
0.153031
0.153031
0.153031
0.153031
0.153031
0.153031
0.145414
0.13807
0.130974
0.124105
0.117442
0.110964
0.104654
0.098495
0.09247
0.086566
0.080768
0.075065
0.069444
0.063896
0.058409
0.052975
0.047587
0.042235
0.036914
0.031616
0.026338
0.031873
0.037131
0.042124
0.046866
0.051369
0.055646
0.059707
0.063563
0.05874
0.054035
0.049433
0.044922
0.040488
0.03612
0.031808
0.027542
0.023313
0.019112
0.014933
0.010769
0.006613
0.002459
-0.001698
-0.005862
-0.010039
-0.01423
-0.01844
-0.022673
-0.026929
-0.031212
-0.035523
-0.039865
-0.044237
-0.048642
-0.053079
-0.05755
-0.062054
-0.06659
-0.07116
-0.075762
-0.080395
-0.085059
-0.089752
-0.094473
-0.09922
-0.103991
-0.108784
-0.113598
-0.11843
-0.123278
-0.128138
-0.133008
-0.137885
-0.142767
-0.147649
-0.152528
-0.157402
-0.147544
-0.138164
-0.129241
-0.120754
-0.112682
-0.105006
-0.108225
-0.111404
-0.114549
-0.117667
-0.120763
-0.123843
-0.126912
-0.129972
-0.13303
-0.136087
-0.127537
-0.119405
-0.111672
-0.104319
-0.097328
-0.090682
-0.084364
-0.078358
-0.07265
-0.067225
-0.062069
-0.05717
-0.052513
-0.048089
-0.043885
-0.03989
-0.036094
-0.032488
-0.029061
-0.025806
-0.022713
-0.019774
-0.016982
-0.01433
-0.01181
-0.009416
-0.007142
-0.004981
-0.002928
-0.000978
0.000874
0.002634
0.004306
0.005895
0.007404
0.008837
0.010199
0.000878
-0.008091
-0.016729
-0.025059
-0.033099
-0.040871
-0.04839
-0.055674
-0.062739
-0.069599
-0.076268
-0.082759
-0.089083
-0.095251
-0.101274
-0.107161
-0.11292
-0.11856
-0.124087
-0.129508
-0.122286
-0.115418
-0.108889
-0.102681
-0.09678
-0.09117
-0.085838
-0.080771
-0.075954
-0.071377
-0.067027
-0.062893
-0.058965
-0.055233
-0.051686
-0.048316
-0.045114
-0.042071
-0.039181
-0.036434
-0.033825
-0.031345
-0.02899
-0.026752
-0.024626
-0.022606
-0.020687
-0.018864
-0.017132
-0.015487
-0.013923
-0.012438
-0.011027
-0.009687
-0.008414
-0.007204
-0.006055
-0.004963
-0.003926
-0.00294
-0.002004
-0.001115
-0.00027
0.000533
0.001295
0.002019
-0.008021
-0.017671
-0.026951
-0.035886
-0.044496
-0.052801
-0.060819
-0.068569
-0.076066
-0.083326
-0.090365
-0.097194
-0.103828
-0.110277
-0.104521
-0.09905
-0.093849
-0.088906
-0.084208
-0.079743
-0.0755
-0.071467
-0.067635
-0.063994
-0.060533
-0.057245
-0.054121
-0.051153
-0.048332
-0.045653
-0.043106
-0.040687
-0.038389
-0.036205
-0.03413
-0.032159
-0.030287
-0.028508
-0.026817
-0.025211
-0.012935
-0.001161
0.010137
0.020985
0.031408
0.041429
0.05107
0.060352
0.057787
0.05535
0.053034
0.050834
0.048744
0.046758
0.044871
0.043079
0.041375
0.039757
0.03822
0.03676
0.035372
0.034054
0.032802
0.031612
0.030481
0.029407
0.028387
0.027418
0.026497
0.036363
0.04584
0.054952
0.063717
0.072157
0.08029
0.088134
0.095706
0.103021
0.110094
0.116938
0.123568
0.129994
0.136229
0.142281
0.148162
0.15388
0.159443
0.164859
0.158048
0.15157
0.145409
0.139552
0.133982
0.128686
0.123651
0.118865
0.114316
0.109992
0.105881
0.112577
0.119034
0.125267
0.13129
0.137114
0.142752
0.148216
0.153515
0.158659
0.152376
0.146402
0.140721
0.135319
0.130183
0.1253
0.120659
0.116247
0.112053
0.108067
0.104279
0.100679
0.097257
0.094005
0.090915
0.087978
0.095779
0.103286
0.110515
0.117483
0.124203
0.130691
0.136958
0.143019
0.148884
0.154564
0.16007
0.16541
0.170594
0.175629
0.180524
0.185284
0.189917
0.194427
0.198821
0.191481
0.184498
0.177854
0.171533
0.165522
0.159805
0.154368
0.149198
0.144282
0.139609
0.135166
0.130942
0.126928
0.123111
0.119484
0.116036
0.112759
0.109645
0.106686
0.103873
0.1012
0.098661
0.085823
0.073507
0.06168
0.050316
0.039385
0.028861
0.018719
0.008937
-0.000509
-0.009639
-0.018473
-0.027029
-0.035325
-0.043377
-0.0512
-0.058808
-0.066215
-0.073432
-0.08047
-0.08734
-0.094052
-0.100615
-0.094294
-0.088285
-0.082573
-0.077145
-0.071985
-0.067082
-0.062422
-0.057994
-0.053786
-0.049787
-0.045988
-0.042378
-0.038948
-0.035689
-0.032592
-0.02965
-0.026855
-0.024199
-0.021676
-0.019279
-0.017002
-0.014838
-0.023464
-0.031769
-0.039775
-0.047502
-0.054967
-0.062188
-0.06918
-0.07596
-0.082542
-0.088937
-0.09516
-0.10122
-0.10713
-0.112898
-0.118534
-0.124046
-0.129442
-0.134729
-0.139913
-0.144999
-0.149994
-0.154902
-0.159727
-0.164472
-0.169142
-0.173738
-0.178263
-0.182719
-0.187109
-0.191432
-0.19569
-0.199883
-0.204012
-0.208078
-0.212078
-0.216013
-0.219883
-0.223686
-0.22742
-0.231085
-0.234679
-0.238199
-0.229116
-0.220467
-0.212232
-0.204393
-0.196933
-0.189834
-0.183079
-0.176654
-0.170542
-0.164728
-0.159199
-0.153942
-0.148943
-0.14419
-0.139671
-0.135375
-0.131291
-0.117063
-0.103419
-0.090326
-0.077753
-0.065669
-0.054047
-0.042858
-0.032078
-0.021681
-0.011644
-0.001946
0.007434
0.016516
0.025317
0.033855
0.042145
0.050202
0.058041
0.065673
0.073112
0.080366
0.087448
0.094366
0.101129
0.107744
0.101242
0.09506
0.089183
0.083598
0.078289
0.073243
0.068448
0.063891
0.05956
0.055445
0.051535
0.047819
0.044288
0.040934
0.037747
0.034718
0.031841
0.029108
0.026511
0.024043
0.021699
0.019472
0.017356
0.015346
0.013436
0.011622
0.009898
0.008261
0.006705
0.005227
0.003823
0.002489
0.001222
0.000019
-0.001125
-0.002211
-0.003243
-0.004224
-0.005155
-0.00604
-0.006881
-0.007679
-0.008438
-0.009159
-0.009843
-0.010493
-0.011111
-0.011698
-0.012256
-0.012786
-0.013289
-0.013767
-0.014221
-0.014653
-0.015063
-0.015452
-0.015822
-0.016173
-0.016507
-0.016824
-0.017126
-0.017412
-0.017684
-0.017942
-0.018188
-0.018421
-0.018642
-0.018852
-0.019052
-0.019242
-0.019423
-0.019594
-0.019757
-0.019911
-0.020058
-0.020198
-0.02033
-0.020456
-0.020576
-0.02069
-0.020798
-0.0209
-0.020998
-0.02109
-0.021178
-0.021262
-0.021341
-0.021417
-0.021488
-0.021557
-0.021621
-0.021683
-0.021741
-0.021797
-0.021849
-0.021899
-0.021947
-0.021992
-0.022035
-0.022076
-0.022114
-0.022151
-0.022186
-0.022219
-0.022251
-0.022281
-0.022309
-0.022336
-0.022362
-0.022386
-0.022409
-0.022431
-0.022452
-0.022472
-0.022491
-0.022509
-0.022526
-0.022542
-0.022558
-0.022572
-0.022586
-0.022599
-0.022612
-0.022623
-0.022635
-0.022646
-0.022656
-0.022666
-0.022675
-0.022683
-0.022692
-0.0227
-0.022707
-0.022714
-0.022721
-0.022728
-0.022734
-0.022739
-0.022745
-0.02275
-0.022755
-0.02276
-0.022764
-0.022768
-0.022773
-0.022776
-0.02278
-0.022784
-0.022787
-0.02279
-0.022793
-0.022796
-0.022798
-0.022801
-0.022804
-0.022806
-0.022808
-0.02281
-0.022812
-0.022814
-0.022816
-0.022818
-0.022819
-0.022821
-0.022822
-0.022823
-0.022825
-0.022826
-0.022827
-0.022828
-0.022829
-0.02283
-0.022831
-0.022832
-0.022833
-0.022834
-0.022834
-0.022834
-0.022834
-0.022834
-0.022834
-0.022834
-0.022834
-0.022834
-0.012137
-0.001863
0.008013
0.017517
0.026669
0.035493
0.044007
0.052231
0.060182
0.067879
0.075335
0.082566
0.089586
0.096407
0.103041
0.109499
0.115792
0.121929
0.127918
0.133768
0.139485
0.145077
0.150549
0.143257
0.136322
0.129728
0.123458
0.117497
0.111829
0.106441
0.10132
0.096452
0.091825
0.087428
0.083248
0.079277
0.075502
0.071916
0.068508
0.065269
0.062192
0.059268
0.056489
0.043109
0.030281
0.017975
0.006164
-0.005178
-0.016078
-0.02656
-0.036646
-0.046359
-0.05572
-0.053034
-0.050482
-0.048058
-0.045754
-0.043565
-0.041486
-0.03951
-0.037633
-0.03585
-0.034156
-0.032546
-0.031017
-0.029564
-0.028184
-0.026872
-0.025626
-0.024443
-0.023319
-0.02225
-0.021236
-0.020271
-0.019355
-0.018485
-0.017659
-0.016873
-0.016127
-0.015418
-0.014745
-0.014105
-0.013498
-0.01292
-0.012372
-0.011851
-0.011356
-0.010885
-0.010439
-0.010014
-0.009611
-0.009228
-0.008864
-0.008518
-0.00819
-0.007878
-0.007581
-0.0073
-0.007032
-0.006778
-0.006537
-0.006307
-0.00609
-0.005883
-0.005686
-0.005499
-0.005322
-0.005153
-0.004993
-0.004841
-0.004696
-0.004559
-0.004428
-0.004304
-0.004186
-0.004075
-0.003968
-0.003867
-0.003771
-0.00368
-0.003594
-0.003511
-0.003433
-0.003359
-0.003288
-0.003221
-0.003158
-0.003097
-0.00304
-0.002985
-0.002933
-0.002884
-0.002837
-0.002793
-0.002751
-0.00271
-0.002672
-0.002636
-0.002602
-0.002569
-0.002538
-0.002508
-0.00248
-0.002454
-0.002428
-0.002404
-0.002381
-0.00236
-0.002339
-0.00232
-0.002301
-0.002283
-0.002266
-0.00225
-0.002235
-0.002221
-0.002207
-0.002194
-0.002182
-0.00217
-0.002159
-0.002148
-0.002138
-0.002129
-0.002119
-0.002111
-0.002103
-0.002095
-0.002087
-0.00208
-0.002074
-0.002067
-0.002061
-0.002055
-0.00205
-0.002045
-0.00204
-0.002035
-0.002031
-0.002026
-0.002022
-0.002018
-0.002015
-0.002011
-0.002008
-0.002005
-0.002002
-0.001999
-0.001996
-0.001994
-0.001991
-0.001989
-0.001987
-0.001985
-0.001983
-0.001981
-0.001979
-0.001977
-0.001976
-0.001974
-0.001973
-0.001971
-0.00197
-0.001969
-0.001967
-0.001966
0.00879
0.019117
0.029039
0.03858
0.047762
0.056604
0.065128
0.073351
0.081292
0.088965
0.096388
0.103574
0.110538
0.11729
0.123844
0.13021
0.136398
0.142419
0.148278
0.153986
0.15955
0.164975
0.170268
0.175434
0.180479
0.185406
0.190219
0.194922
0.199518
0.204009
0.208398
0.200279
0.192551
0.185198
0.178203
0.171547
0.165217
0.159196
0.15347
0.148026
0.142849
0.148341
0.153649
0.158782
0.163752
0.168567
0.173237
0.177771
0.182176
0.18646
0.19063
0.194691
0.19865
0.202512
0.206281
0.209962
0.213559
0.217074
0.220512
0.223875
0.227165
0.230384
0.233533
0.236614
0.239628
0.242575
0.245455
0.24827
0.251018
0.2537
0.256314
0.25886
0.261336
0.263742
0.266076
0.268337
0.270522
0.272629
0.274658
0.276605
0.278468
0.280245
0.281933
0.283529
0.285031
0.286437
0.287743
0.288945
0.290043
0.291031
0.291908
0.284621
0.277671
0.271042
0.264722
0.258699
0.252959
0.247491
0.242283
0.237323
0.2326
0.235962
0.239187
0.242279
0.245244
0.248084
0.250805
0.253408
0.255897
0.258276
0.260548
0.262713
0.264776
0.266738
0.2686
0.270365
0.272033
0.273606
0.275085
0.27647
0.277762
0.27896
0.280066
0.281079
0.281998
0.282823
0.283554
0.28419
0.28473
0.285173
0.285518
0.285763
0.285908
0.28595
0.285889
0.285722
0.285448
0.285066
0.284573
0.283967
0.283248
0.282412
0.281458
0.280384
0.279188
0.277868
0.276423
0.274849
0.273147
0.271313
0.269346
0.267244
0.265006
0.26263
0.260114
0.257457
0.254658
0.251715
0.248628
0.245394
0.242014
0.238487
0.234811
0.230987
0.227014
0.222891
0.218619
0.214198
0.209627
0.204908
0.20004
0.195025
0.196289
0.197469
0.198571
0.1996
0.200562
0.201461
0.202303
0.20309
0.203828
0.204519
0.205167
0.205774
0.206344
0.206879
0.207381
0.207853
0.208296
0.208713
0.209105
0.209474
0.209822
0.210149
0.210457
0.210747
0.211021
0.211279
0.211522
0.211752
0.211968
0.212173
0.212366
0.212549
0.212721
0.212884
0.213038
0.213183
0.213321
0.213451
0.213574
0.213691
0.213801
0.214771
0.215661
0.216463
0.21717
0.217774
0.218271
0.218656
0.218925
0.219073
0.219098
0.218997
0.218768
0.218409
0.217919
0.217296
0.21654
0.215649
0.214624
0.213463
0.212166
0.210734
0.209166
0.207462
0.205623
0.203648
0.201538
0.199294
0.200228
0.201104
0.201926
0.202697
0.203421
0.204102
0.204741
0.205342
0.205907
0.206439
0.20694
0.207411
0.207855
0.208274
0.208668
0.210175
0.211585
0.212888
0.214078
0.215147
0.21609
0.216902
0.21758
0.218121
0.21852
0.218777
0.21889
0.218856
0.218675
0.218347
0.21787
0.217836
0.2178
0.217762
0.217723
0.217682
0.217641
0.2176
0.217558
0.217516
0.217475
0.217434
0.217394
0.217354
0.217316
0.217278
0.217241
0.217205
0.21717
0.217136
0.217103
0.217071
0.21704
0.21701
0.216982
0.216954
0.216927
0.216902
0.216877
0.216853
0.216831
0.216809
0.216788
0.216768
0.216749
0.216731
0.216713
0.216697
0.216681
0.216665
0.216651
0.216637
0.216623
0.216611
0.216598
0.216587
0.216576
0.216565
0.216555
0.216546
0.216536
0.216528
0.216519
0.216512
0.216504
0.216497
0.21649
0.216484
0.216477
0.216471
0.216466
0.21646
0.216455
0.216451
0.216446
0.216442
0.216437
0.216433
0.21643
0.216426
0.216423
0.216419
0.216416
0.216413
0.216411
0.216408
0.216406
0.216403
0.216401
0.216399
0.216397
0.216395
0.216393
0.216391
0.216389
0.216388
0.216386
0.216385
0.216383
0.216382
0.216381
0.21638
0.216379
0.216378
0.216377
0.216376
0.216375
0.216374
0.216646
0.216863
0.217016
0.217098
0.217099
0.217016
0.216841
0.216569
0.216197
0.215721
0.215138
0.214443
0.213636
0.212713
0.211673
0.210514
0.209236
0.207835
0.206313
0.204667
0.202898
0.201004
0.198986
0.196842
0.194573
0.192179
0.18966
0.187015
0.184245
0.18135
0.17833
0.175185
0.171917
0.168525
0.165009
0.161371
0.157611
0.15373
0.149728
0.145607
0.141367
0.137009
0.132535
0.127945
0.123242
0.118426
0.113498
0.108461
0.103316
0.098064
0.092709
0.087251
0.081693
0.076038
0.070286
0.064442
0.058508
0.052486
0.046379
0.040191
0.033924
0.027582
0.021168
0.014687
0.008141
-0.001534
0.005129
-0.002565
-0.009874
-0.016816
-0.02341
-0.029673
-0.03562
-0.041268
-0.046631
-0.051723
-0.056558
-0.06115
-0.065509
-0.077666
-0.089292
-0.100404
-0.111017
-0.121147
-0.13081
-0.140022
-0.148798
-0.157154
-0.165105
-0.172664
-0.171661
-0.170707
-0.169801
-0.168939
-0.168121
-0.167343
-0.166604
-0.165902
-0.165234
-0.1646
-0.163998
-0.163425
-0.162881
-0.162364
-0.161873
-0.161407
-0.160963
-0.160542
-0.160142
-0.159761
-0.1594
-0.159057
-0.15873
-0.158421
-0.158126
-0.157846
-0.157581
-0.157328
-0.157088
-0.15686
-0.156644
-0.156438
-0.156242
-0.156057
-0.15588
-0.155713
-0.155553
-0.155402
-0.155258
-0.155122
-0.154992
-0.154869
-0.154752
-0.154641
-0.154535
-0.154434
-0.154339
-0.154248
-0.154162
-0.154081
-0.154003
-0.153929
-0.153859
-0.153792
-0.153729
-0.153669
-0.153612
-0.153558
-0.153506
-0.153457
-0.15341
-0.153366
-0.153324
-0.153284
-0.153247
-0.153211
-0.153176
-0.153144
-0.153113
-0.153084
-0.153056
-0.153029
-0.153004
-0.15298
-0.152958
-0.152936
-0.152915
-0.152896
-0.152878
-0.15286
-0.152843
-0.152827
-0.152812
-0.152798
-0.152785
-0.152772
-0.152759
-0.152748
-0.152737
-0.152726
-0.152716
-0.152707
-0.152698
-0.152689
-0.152681
-0.152673
-0.152666
-0.152659
-0.152652
-0.152646
-0.15264
-0.152634
-0.152629
-0.152624
-0.152619
-0.152614
-0.15261
-0.152606
-0.152602
-0.152598
-0.152594
-0.152591
-0.152588
-0.152585
-0.152582
-0.152579
-0.152576
-0.152574
-0.152571
-0.152569
-0.152567
-0.152565
-0.152563
-0.152561
-0.15256
-0.152558
-0.152556
-0.152555
-0.152553
-0.152552
-0.152551
-0.15255
-0.152548
-0.152547
-0.152546
-0.152545
-0.152544
-0.152543
-0.152543
-0.152542
-0.152541
-0.15254
-0.152539
-0.152539
-0.152539
-0.152539
-0.152539
-0.152539
-0.152539
-0.152539
-0.152539
-0.152539
-0.152539
-0.152539
-0.152539
-0.152539
-0.152539
-0.152539
-0.152539
-0.152539
-0.152539
-0.152539
-0.152539
-0.152539
-0.152539
-0.152539
-0.152539
-0.152539
-0.152539
-0.152539
-0.152539
-0.152539
-0.152539
-0.152539
-0.152539
-0.152539
-0.152539
-0.152539
-0.152539
-0.152539
-0.152539
-0.152539
-0.152539
-0.152539
-0.152539
-0.152539
-0.152539
-0.152539
-0.152539
-0.152539
-0.152539
-0.152539
-0.152539
-0.152539
-0.152539
-0.152539
-0.152539
-0.152539
-0.152539
-0.152539
-0.152539
-0.152539
-0.152539
-0.152539
-0.152539
-0.152539
-0.152539
-0.152539
-0.152539
-0.152539
-0.152539
-0.152539
-0.152539
-0.152539
-0.152539
-0.152539
-0.152539
-0.152539
-0.152539
-0.152539
-0.152539
-0.152539
-0.152539
-0.152539
-0.152539
-0.152539
-0.152539
-0.152539
-0.152539
-0.152539
-0.152539
-0.152539
-0.152539
-0.152539
-0.152539
-0.152539
-0.144895
-0.137525
-0.130405
-0.123512
-0.116827
-0.110328
-0.103997
-0.097818
-0.091775
-0.085854
-0.08004
-0.074321
-0.068685
-0.063122
-0.057622
-0.052176
-0.046776
-0.041413
-0.036081
-0.030774
-0.025486
-0.020211
-0.014946
-0.009686
-0.004427
0.000835
0.006101
0.011374
0.016657
0.021951
0.027257
0.032577
0.037911
0.04326
0.048624
0.054003
0.059396
0.064803
0.070224
0.061938
0.054061
0.046575
0.039459
0.032697
0.026271
0.020166
0.014364
-0.000873
-0.015461
-0.029422
-0.04278
-0.055559
-0.067782
-0.079473
-0.090653
-0.101343
-0.111564
-0.121337
-0.13068
-0.139612
-0.14815
-0.15631
-0.164109
-0.171561
-0.17868
-0.18548
-0.191973
-0.19817
-0.204083
-0.209721
-0.205225
-0.200947
-0.196877
-0.193007
-0.189325
-0.185824
-0.182495
-0.17933
-0.185166
-0.190766
-0.196138
-0.201292
-0.206236
-0.210978
-0.215527
-0.21989
-0.224074
-0.228085
-0.231931
-0.235615
-0.239145
-0.242525
-0.245759
-0.248852
-0.251807
-0.254629
-0.257319
-0.259882
-0.262319
-0.264633
-0.266825
-0.268897
-0.262699
-0.256791
-0.251162
-0.2458
-0.240693
-0.243638
-0.246465
-0.249178
-0.251779
-0.254273
-0.256662
-0.25895
-0.261138
-0.26323
-0.265227
-0.259407
-0.253861
-0.248577
-0.243544
-0.238751
-0.234187
-0.229842
-0.225705
-0.221769
-0.225721
-0.229508
-0.233133
-0.236602
-0.239919
-0.24309
-0.246118
-0.249008
-0.251764
-0.254388
-0.256885
-0.259257
-0.261507
0.263637
0.265651
0.26755
0.269335
0.271009
0.272572
0.274026
0.275371
0.276609
0.277739
0.278762
0.279679
0.280488
0.28119
0.281785
0.282271
0.282648
0.282916
0.283073
0.283119
0.283052
0.282871
0.282575
0.282162
0.281631
0.280981
0.28021
0.279316
0.278298
0.277154
0.275883
0.274483
0.272953
0.27129
0.269493
0.267561
0.265493
0.263286
0.26094
0.258453
0.255823
0.25305
0.250133
0.247071
0.243862
0.240506
0.237002
0.23335
0.229549
0.225599
0.2215
0.217251
0.212854
0.208307
0.203613
0.204475
0.205273
0.206011
0.206694
0.207327
0.207913
0.208457
0.208962
0.20943
0.209865
0.21027
0.210646
0.210996
0.211322
0.211626
0.211909
0.212174
0.21242
0.212651
0.212866
0.212445
0.211979
0.211463
0.210887
0.210248
0.209538
0.208753
0.207889
0.206942
0.205907
0.204783
0.203565
0.202252
0.20084
0.199328
0.197715
0.198716
0.199656
0.200538
0.201367
0.202147
0.202879
0.203569
0.204217
0.204828
0.205403
0.205945
0.206455
0.206936
0.20739
0.207818
0.208222
0.208603
0.208963
0.209302
0.209623
0.209926
0.210213
0.210483
0.210739
0.210981
0.21121
0.211427
0.211632
0.211826
0.212009
0.212183
0.212348
0.212503
0.212651
0.212791
0.212923
0.213049
0.213167
0.21328
0.213387
0.213488
0.213584
0.213675
0.213761
0.213843
0.213921
0.213994
0.214064
0.21413
0.214193
0.214253
0.214309
0.214363
0.214414
0.214462
0.214508
0.214552
0.214593
0.214632
0.214669
0.214705
0.213636
0.212564
0.211478
0.210367
0.209221
0.208031
0.206791
0.205491
0.204127
0.202692
0.201182
0.19959
0.197915
0.196151
0.194295
0.192345
0.190298
0.188152
0.185904
0.183553
0.181098
0.178536
0.175867
0.17309
0.170204
0.167208
0.164102
0.160886
0.157558
0.15412
0.150571
0.14691
0.143139
0.139257
0.135266
0.131164
0.126954
0.122636
0.11821
0.113678
0.10904
0.104298
0.099453
0.094506
0.089459
0.084313
0.079071
0.073733
0.068302
0.073994
0.079395
0.08452
0.089381
0.093993
0.098369
0.102521
0.106459
0.110196
0.113742
0.117106
0.120298
0.123327
0.1262
0.128927
0.131515
0.133971
0.136302
0.138514
0.140613
0.142605
0.144496
0.146291
0.147995
0.149612
0.151148
0.152605
0.153988
0.155302
0.156549
0.157733
0.158857
0.159924
0.160937
0.161899
0.162813
0.16368
0.164504
0.165286
0.166028
0.166734
0.167404
0.174043
0.180378
0.186415
0.192162
0.197623
0.202805
0.207717
0.212363
0.21675
0.220885
0.224775
0.228424
0.23184
0.235028
0.237993
0.24074
0.243275
0.245603
0.247727
0.249652
0.251382
0.25292
0.254271
0.255437
0.256422
0.257227
0.257857
0.258312
0.258596
0.25871
0.258656
0.255955
0.253372
0.250903
0.248544
0.246291
0.244139
0.242086
0.243728
0.245259
0.246678
0.247985
0.249179
0.25026
0.251229
0.252084
0.252827
0.253456
0.253972
0.254376
0.254666
0.254844
0.254908
0.25486
0.254698
0.254423
0.254035
0.253533
0.252918
0.252187
0.251343
0.250383
0.249307
0.248115
0.246807
0.245381
0.243837
0.242175
0.240394
0.238493
0.236471
0.234328
0.232063
0.229675
0.227164
0.22453
0.221771
0.218887
0.215877
0.212741
0.209479
0.20609
0.202574
0.198931
0.19516
0.191262
0.187237
0.183084
0.178804
0.174397
0.176547
0.178571
0.180477
0.182272
0.183964
0.185559
0.189237
0.192731
0.196033
0.199138
0.202044
0.204747
0.207244
0.209536
0.21162
0.213498
0.215168
0.216634
0.217894
0.218952
0.219808
0.220464
0.220922
0.221185
0.221255
0.221134
0.220824
0.220327
0.219647
0.218784
0.217742
0.216523
0.215129
0.213561
0.211824
0.209918
0.207845
0.205608
0.206238
0.206825
0.207375
0.207888
0.208368
0.208817
0.209238
0.209632
0.210002
0.210348
0.210673
0.210978
0.211264
0.211533
0.211786
0.212024
0.212247
0.212458
0.212656
0.212842
0.21376
0.214602
0.21536
0.216026
0.216592
0.217052
0.2174
0.217632
0.217744
0.217684
0.217625
0.217568
0.217513
0.217459
0.217408
0.217359
0.217311
0.217266
0.217222
0.21718
0.217139
0.2171
0.217063
0.217027
0.216993
0.21696
0.216929
0.216899
0.216871
0.216843
0.216817
0.216792
0.216768
0.217082
0.217337
0.217525
0.217638
0.21767
0.217614
0.217466
0.217221
0.216875
0.216424
0.216471
0.216511
0.216546
0.216574
0.216598
0.216618
0.21654
0.216407
0.216213
0.215951
0.215615
0.215201
0.214703
0.214858
0.214998
0.215125
0.21524
0.215345
0.215441
0.215527
0.215606
0.215677
0.215742
0.215801
0.215855
0.215904
0.215948
0.215989
0.216026
0.21606
0.21609
0.216118
0.216144
0.216167
0.216189
0.216061
0.215887
0.21566
0.21537
0.215012
0.214578
0.214065
0.213465
0.212776
0.211994
0.211114
0.210134
0.210515
0.210869
0.211199
0.211506
0.211793
0.212061
0.212312
0.212546
0.212764
0.212969
0.213161
0.21334
0.213508
0.213666
0.213814
0.213953
0.214083
0.214206
0.214321
0.214429
0.214531
0.214626
0.214716
0.214801
0.214881
0.214956
0.215027
0.215094
0.215157
0.215217
0.215273
0.215326
0.215376
0.214927
0.214447
0.213927
0.213358
0.212732
0.212042
0.211282
0.210444
0.209526
0.208521
0.207426
0.206237
0.204951
0.203565
0.202076
0.200483
0.198783
0.196975
0.195057
0.193027
0.190886
0.188631
0.186261
0.183777
0.181178
0.178462
0.17563
0.172682
0.169617
0.166436
0.168762
0.170959
0.173035
0.174997
0.176852
0.178606
0.180264
0.181832
0.183316
0.181876
0.180415
0.178924
0.177397
0.175826
0.174205
0.172529
0.170794
0.168993
0.167124
0.165183
0.163165
0.161069
0.15889
0.156628
0.154278
0.15184
0.149312
0.146691
0.143976
0.141167
0.138261
0.135258
0.132157
0.128958
0.125659
0.122261
0.118763
0.115164
0.111466
0.107666
0.103767
0.099769
0.09567
0.091473
0.087178
0.082785
0.078295
0.07371
0.06903
0.064256
0.059391
0.054435
0.049389
0.044257
0.050691
0.056797
0.062594
0.068095
0.066448
0.064747
0.062988
0.061168
0.059282
0.057328
0.055302
0.06108
0.066564
0.071769
0.076709
0.081398
0.085849
0.090072
0.094081
0.097886
0.101497
0.104924
0.108177
0.111265
0.114196
0.110103
0.106098
0.102169
0.098301
0.094483
0.090705
0.086955
0.083226
0.079507
0.075792
0.072074
0.068345
0.064601
0.060834
0.057042
0.053218
0.04936
0.045463
0.041524
0.037541
0.033511
0.029432
-0.025301
-0.021118
-0.016881
-0.01259
-0.008242
-0.003838
0.000621
0.005138
0.009711
0.01434
0.019025
0.023764
0.028556
0.033402
0.038299
0.043245
0.04824
0.053281
0.058366
0.063494
0.068662
0.073867
0.079106
0.084379
0.08968
0.095007
0.100358
0.105727
0.111114
0.116512
0.12192
0.127333
0.132746
0.138157
0.12834
0.119002
0.110119
0.101671
0.093638
0.086
0.078739
0.071836
0.065275
0.059039
0.053113
0.04748
0.042128
0.037042
0.03221
0.027618
0.023255
0.01911
0.015172
0.011431
0.007876
0.004499
0.001291
0.008612
0.015684
0.022526
0.029156
0.035588
0.04184
0.047925
0.053855
0.059645
0.065304
0.070845
0.076275
0.081605
0.086843
0.091996
0.097072
0.102076
0.107014
0.111893
0.116715
0.121486
0.126209
0.130887
0.135524
0.140121
0.14468
0.149204
0.14058
0.132377
0.124575
0.117156
0.110101
0.103394
0.097017
0.090955
0.085193
0.079716
0.074511
0.069564
0.064863
0.060395
0.056149
0.052115
0.048281
0.044639
0.041178
0.037889
0.034765
0.031797
0.028976
0.026297
0.023751
0.021332
0.019034
0.016851
0.025467
0.033762
0.041759
0.049476
0.056931
0.064142
0.071125
0.077895
0.084465
0.09085
0.097062
0.103111
0.109008
0.114764
0.120387
0.125886
0.131267
0.136539
0.141708
0.146779
0.139282
0.132152
0.125372
0.118925
0.112796
0.106969
0.10143
0.096165
0.09116
0.086403
0.081883
0.077586
0.073503
0.069623
0.065936
0.062432
0.059103
0.05594
0.052934
0.050079
0.047365
0.044787
0.042337
0.04001
0.037799
0.035698
0.033702
0.031806
0.030004
0.028293
0.026667
0.03587
0.044721
0.05324
0.061447
0.069361
0.077
0.08438
0.091518
0.098428
0.105124
0.111618
0.117924
0.124053
0.118124
0.112488
0.10713
0.102037
0.097196
0.092595
0.088222
0.084066
0.080116
0.076362
0.072796
0.069406
0.066186
0.063125
0.060217
0.057454
0.054829
0.052334
0.049964
0.047713
0.045573
0.04354
0.041609
0.039775
0.038031
0.036375
0.034802
0.033307
0.031887
0.030538
0.029256
0.028038
0.026881
0.025782
0.024738
0.023746
0.022804
0.021908
0.021058
0.02025
0.019482
0.018753
0.01806
0.017402
0.016777
0.016183
0.015618
0.015082
0.014573
0.014089
0.013629
0.013193
0.012778
0.012384
0.012009
0.011654
0.011316
0.010995
0.01069
0.0104
0.010125
0.009864
0.009615
0.009379
0.009155
0.008942
0.00874
0.008548
0.008365
0.008192
0.008027
0.00787
0.007722
0.00758
0.007446
0.007319
0.007198
0.007083
0.006974
0.00687
0.006771
0.006677
0.006588
0.006504
0.006424
0.006347
0.006275
0.006206
0.00614
0.006078
-0.004734
-0.015115
-0.025089
-0.03468
-0.04391
-0.0528
-0.061371
-0.06964
-0.077625
-0.085343
-0.09281
-0.10004
-0.107047
-0.113843
-0.120441
-0.126851
-0.133084
-0.139148
-0.145053
-0.150807
-0.156416
-0.161888
-0.167228
-0.172443
-0.177536
-0.182513
-0.187377
-0.192132
-0.19678
-0.201325
-0.205768
-0.210111
-0.214356
-0.218504
-0.222555
-0.226511
-0.23037
-0.221896
-0.213828
-0.206148
-0.198839
-0.191884
-0.185266
-0.178971
-0.172982
-0.167286
-0.172071
-0.176698
-0.181178
-0.185519
-0.189728
-0.193814
-0.197783
-0.201642
-0.205396
-0.209052
-0.212614
-0.216086
-0.219473
-0.222778
-0.226006
-0.229158
-0.232237
-0.235246
-0.238187
-0.24106
-0.243867
-0.24661
-0.249288
-0.251902
-0.254452
-0.256938
-0.25936
-0.261717
-0.264009
-0.266233
-0.26839
-0.270477
-0.272493
-0.274436
-0.276305
-0.278098
-0.279811
-0.281444
-0.282994
-0.284457
-0.285833
-0.287117
-0.288308
-0.289402
-0.290397
-0.29129
-0.292077
-0.292756
-0.293324
-0.293778
0.294115
0.294331
0.294424
0.294391
0.294228
0.293933
0.293503
0.292935
0.292225
0.291373
0.290373
0.289225
0.287926
0.286472
0.281834
0.277397
0.273156
0.269103
0.265231
0.261535
0.258007
0.25464
0.251428
0.248365
0.245445
0.247635
0.249704
0.251652
0.253481
0.255191
0.256783
0.258259
0.259619
0.260864
0.261996
0.263014
0.26392
0.264714
0.265397
0.265969
0.266431
0.266783
0.267025
0.267157
0.26718
0.267092
0.266893
0.266585
0.266165
0.265633
0.26499
0.264233
0.263364
0.26238
0.261281
0.260066
0.258734
0.257285
0.255717
0.254029
0.25222
0.25029
0.248237
0.24606
0.243759
0.241332
0.238778
0.236097
0.233287
0.230348
0.22728
0.224081
0.220751
0.217289
0.217471
0.217621
0.217744
0.217843
0.217921
0.217979
0.218022
0.21805
0.218066
0.218071
0.218067
0.218055
0.218037
0.218013
0.21799
0.217902
0.217746
0.217515
0.217205
0.216813
0.216334
0.216435
0.216522
0.216596
0.216658
0.216711
0.216754
0.21679
0.216818
0.216841
0.216858
0.216871
0.21688
0.216885
0.216887
0.216886
0.216884
0.216879
0.216873
0.216865
0.216856
0.216847
0.216836
0.216826
0.216814
0.216802
0.21679
0.216778
0.216766
0.216754
0.216742
0.21673
0.216718
0.216707
0.216696
0.216684
0.216674
0.216663
0.216653
0.216643
0.216633
0.216624
0.216615
0.216606
0.216598
0.21659
0.216582
0.216574
0.216567
0.21656
0.216553
0.216547
0.216541
0.216535
0.216529
0.216524
0.216519
0.216514
0.216509
0.216505
0.216501
0.216496
0.216492
0.216489
0.216485
0.216482
0.216479
0.216475
0.216472
0.21647
0.216467
0.216464
0.216462
0.21646
0.216457
0.216455
0.216453
0.216451
0.21645
0.216448
0.216446
0.216445
0.216443
0.216442
0.21644
0.216439
0.216438
0.216437
0.216436
0.216435
0.216434
0.216433
0.216432
0.216431
0.21643
0.216429
0.216428
0.216428
0.216427
0.216426
0.216426
0.216425
0.216425
0.216424
0.216424
0.216565
0.216675
0.206104
0.196026
0.186425
0.177282
0.168579
0.160297
0.15242
0.144928
0.137806
0.131036
0.124602
0.118488
0.112658
0.107107
0.101821
0.09679
0.092002
0.087445
0.083111
0.078987
0.075066
0.071336
0.06779
0.064418
0.061212
0.058164
0.055267
0.052513
0.060774
0.068619
0.076069
0.083144
0.089862
0.096241
0.102298
0.108049
0.113509
0.118693
0.123616
0.128289
0.121912
0.115848
0.110083
0.104602
0.099392
0.094439
0.089586
0.084961
0.080555
0.087229
0.093553
0.099746
0.105626
0.111208
0.116509
0.121542
0.12632
0.130857
0.135164
0.139254
0.143137
0.146824
0.150325
0.153648
0.156805
0.159801
0.162647
0.165348
0.167914
0.170351
0.172664
0.174861
0.176947
0.178928
0.180809
0.182596
0.184293
0.185904
0.187435
0.188888
0.190268
0.191579
0.192824
0.194007
0.19513
0.196196
0.197209
0.198172
0.199085
0.199954
0.200778
0.201561
0.202305
0.203012
0.203683
0.20432
0.204926
0.205501
0.206047
0.206566
0.207059
0.207528
0.207972
0.208395
0.208796
0.209177
0.20954
0.209883
0.21021
0.210521
0.210816
0.211096
0.211362
0.211615
0.211855
0.212083
0.212299
0.212505
0.212701
0.212887
0.213063
0.213231
0.21339
0.213541
0.213685
0.213821
0.213951
0.214074
0.214191
0.214302
0.214408
0.214508
0.214604
0.214694
0.21478
0.214862
0.214939
0.215013
0.215083
0.21515
0.215213
0.215273
0.21533
0.215384
0.215436
0.215485
0.215531
0.215575
0.215617
0.215657
0.215695
0.215731
0.215765
0.215798
0.215828
0.215858
0.215886
0.215912
0.215937
0.215961
0.215984
0.216005
0.216026
0.216045
0.216064
0.216081
0.216098
0.216113
0.216129
0.216143
0.216156
0.216169
0.216182
0.216193
0.216204
0.216215
0.216225
0.216234
0.216243
0.216252
0.21626
0.216268
0.216275
0.216282
0.216289
0.216295
0.216301
0.216306
0.216312
0.216317
0.216322
0.216327
0.216331
0.216335
0.216339
0.216343
0.216346
0.21635
0.216353
0.216356
0.216359
0.216362
0.216364
0.216367
0.216369
0.216372
0.216374
0.216376
0.216378
0.21638
0.216381
0.216383
0.216385
0.216386
0.216388
0.216389
0.21639
0.216391
0.216392
0.216394
0.216395
0.216395
0.216396
0.216398
0.216398
0.216398
0.216398
0.216398
0.216398
0.216398
0.216398
0.216398
0.216398
0.216398
0.216398
0.216398
0.216398
0.216398
0.216398
0.216398
0.216398
0.216398
0.216398
0.216398
0.216398
0.216398
0.216398
0.216398
0.216398
0.216398
0.216398
0.216398
0.216398
0.216398
0.216398
0.216398
0.216398
0.216398
0.216398
0.216398
0.216398
0.216398
0.216398
0.216398
0.216398
0.216398
0.216398
0.216398
0.216398
0.216398
0.216398
0.216398
0.216398
0.216398
0.216398
0.216398
0.216398
0.216398
0.216398
0.216398
0.216398
0.216398
0.216398
0.216398
0.216398
0.216398
0.216398
0.216398
0.216398
0.216398
0.216398
0.216398
0.216398
0.216398
0.216398
0.216398
0.216398
0.216398
0.216398
0.216398
0.216398
0.216398
0.216398
0.216398
0.216398
0.216398
0.216398
0.216398
0.216398
0.216398
0.216398
0.216398
0.216398
0.216398
0.216398
0.216398
0.216398
0.216398
0.216398
0.216398
0.216398
0.216398
0.216398
0.216398
0.216398
0.216398
0.216398
0.216398
0.216398
0.216398
0.216398
0.216398
0.216398
0.216398
0.216398
0.216398
0.216398
0.216398
0.216398
0.216398
0.216398
0.216398
0.216541
0.216653
0.216738
0.216799
0.21684
0.216863
0.21687
0.216864
0.216847
0.21682
0.216785
0.216743
0.216778
0.216807
0.216829
0.216847
0.216859
0.216868
0.216873
0.216876
0.216875
0.216873
0.216868
0.216862
0.216809
0.21672
0.216603
0.216461
0.216299
0.21612
0.215928
0.215726
0.215515
0.215299
0.215079
0.215167
0.215247
0.215323
0.215392
0.215457
0.215517
0.215573
0.215625
0.215674
0.215719
0.215761
0.2158
0.215837
0.215871
0.215903
0.215933
0.215961
0.215987
0.216012
0.216035
0.216057
0.216077
0.216096
0.216114
0.216131
0.216146
0.216161
0.216175
0.216188
0.216201
0.216212
0.216223
0.216026
0.21579
0.215507
0.215166
0.214762
0.214286
0.213732
0.213095
0.21237
0.211553
0.210639
0.209625
0.208509
0.207288
0.205959
0.20452
0.202969
0.201306
0.199528
0.197634
0.195624
0.193497
0.191252
0.188888
0.186405
0.183802
0.18108
0.178239
0.175277
0.172196
0.168995
0.165675
0.162235
0.158676
0.155
0.151205
0.147293
0.143264
0.13912
0.13486
0.130486
0.126
0.121401
0.116692
0.111873
0.106946
0.101913
0.096775
0.091534
0.086192
0.08075
0.075212
0.069578
0.063852
0.058036
0.052132
0.046143
0.040073
0.033924
0.027699
0.021402
0.015035
0.008603
-0.002109
0.004443
0.011048
0.017704
0.024405
0.031148
0.022881
0.015026
0.007562
0.000471
-0.006266
-0.012665
-0.018744
-0.024518
-0.030001
-0.03521
-0.040156
-0.044853
-0.049314
-0.053551
-0.057574
-0.061395
-0.065023
-0.068469
-0.080205
-0.091337
-0.101895
-0.111908
-0.121402
-0.130405
-0.138942
-0.147035
-0.154709
-0.161984
-0.168882
-0.175423
-0.181624
-0.187505
-0.19308
-0.198368
-0.203381
-0.208136
-0.212646
-0.216922
-0.220979
-0.224826
-0.228476
-0.231938
-0.235223
-0.238339
-0.241295
-0.2441
-0.238679
-0.233518
-0.228605
-0.223928
-0.219476
-0.21524
-0.21121
-0.207375
-0.203727
-0.200257
-0.196956
-0.193817
-0.190832
-0.187994
-0.185294
-0.182728
-0.180288
-0.177968
-0.175763
-0.173666
-0.171673
-0.169779
-0.167979
-0.166267
-0.16464
-0.163094
-0.161625
-0.160229
-0.158902
-0.15764
-0.156442
-0.155303
-0.154221
-0.153192
-0.152215
-0.151286
-0.150403
-0.149565
-0.148768
-0.148011
-0.13885
-0.130036
-0.12154
-0.113338
-0.105407
-0.097723
-0.090266
-0.083018
-0.075959
-0.069073
-0.062345
-0.055759
-0.049302
-0.042962
-0.036728
-0.030588
-0.024532
-0.018553
-0.01264
-0.006788
-0.000988
0.004764
0.010476
0.016152
0.021797
0.027415
0.033009
0.038583
0.044139
0.049679
0.055206
0.060722
0.066226
0.071721
0.077207
0.082684
0.088151
0.09361
0.099058
0.104496
0.109923
0.115336
0.120735
0.126118
0.131482
0.136827
0.142148
0.147445
0.152714
0.157953
0.163157
0.168325
0.173453
0.178538
0.183575
0.188562
0.193494
0.198368
0.203179
0.207924
0.212598
0.217197
0.207299
0.197875
0.188905
0.180368
0.172244
0.164515
0.157163
0.150169
0.143518
0.137194
0.13118
0.125462
0.120026
0.114858
0.109946
0.105276
0.100838
0.096619
0.09261
0.0888
0.085179
0.081738
0.078468
0.075361
0.072408
0.069602
0.066937
0.064404
0.061997
0.05971
0.057537
0.055473
0.053511
0.051648
0.049877
0.03748
0.025586
0.014169
0.003202
-0.007341
-0.017485
-0.027253
-0.036665
-0.045744
-0.054508
-0.062975
-0.071164
-0.079089
-0.086767
-0.094211
-0.101434
-0.108449
-0.115267
-0.121898
-0.128352
-0.134638
-0.140764
-0.134177
-0.127914
-0.121959
-0.116297
-0.110915
-0.105799
-0.100936
-0.096313
-0.09192
-0.087744
-0.083776
-0.080005
-0.076421
-0.073016
-0.06978
-0.066705
-0.063783
-0.061007
-0.058369
-0.055863
-0.053481
-0.051219
-0.059799
-0.068055
-0.076004
-0.083665
-0.091055
-0.098191
-0.105087
-0.111759
-0.118219
-0.12448
-0.130554
-0.136451
-0.142183
-0.147757
-0.153184
-0.15847
-0.163624
-0.168651
-0.173559
-0.178352
-0.183036
-0.187616
-0.192094
-0.196475
-0.200763
-0.204958
-0.209065
-0.213085
-0.217019
-0.220868
-0.224634
-0.228317
-0.231917
-0.235434
-0.226905
-0.218784
-0.211053
-0.203695
-0.196692
-0.190029
-0.18369
-0.177659
-0.171923
-0.166468
-0.16128
-0.156347
-0.151656
-0.147196
-0.142956
-0.138925
-0.135093
-0.131451
-0.127989
-0.124698
-0.111329
-0.098504
-0.086192
-0.074361
-0.062984
-0.052032
-0.052423
-0.052794
-0.053146
-0.053481
-0.053799
-0.054101
-0.054388
-0.054661
-0.05492
-0.055166
-0.0554
-0.055622
-0.055832
-0.066367
-0.076468
-0.086155
-0.09545
-0.10437
-0.112935
-0.121163
-0.129069
-0.136669
-0.143979
-0.151013
-0.157783
-0.164303
-0.170584
-0.176636
-0.18247
-0.188096
-0.193522
-0.198756
-0.203807
-0.20868
-0.213382
-0.217919
-0.222296
-0.226518
-0.230589
-0.234514
-0.238295
-0.241935
-0.245437
-0.248803
-0.252036
-0.255136
-0.258105
-0.260944
-0.263653
-0.266234
-0.268685
-0.271008
-0.273201
-0.275264
-0.277197
-0.278999
-0.280669
-0.282205
-0.275277
-0.26867
-0.262373
-0.256371
-0.250652
-0.245205
-0.240017
-0.235077
-0.230374
-0.225897
-0.221636
-0.21758
-0.213721
-0.21005
-0.206557
-0.203235
-0.200074
-0.197069
-0.19421
-0.191492
-0.188907
-0.186449
-0.184112
-0.181891
-0.179779
-0.177771
-0.175862
-0.174048
-0.172323
-0.170684
-0.169126
-0.167645
-0.166237
-0.1649
-0.163628
-0.16242
-0.161272
-0.160181
-0.159144
-0.158159
-0.157222
-0.156333
-0.155487
-0.154684
-0.153921
-0.153195
-0.152506
-0.151851
-0.151229
-0.150638
-0.150076
-0.149542
-0.149035
-0.148553
-0.148095
-0.139441
-0.131108
-0.123071
-0.115306
-0.107789
-0.1005
-0.093419
-0.086526
-0.079805
-0.073239
-0.076345
-0.079294
-0.082095
-0.084755
-0.087281
-0.089679
-0.091957
-0.094121
-0.096175
-0.098126
-0.099979
-0.101739
-0.10341
-0.104997
-0.106505
-0.107937
-0.109296
-0.110588
-0.111814
-0.112979
-0.114086
-0.115137
-0.116135
-0.117083
-0.117984
-0.118839
-0.119652
-0.120423
-0.121156
-0.121852
-0.122514
-0.123142
-0.123739
-0.124306
-0.13326
-0.141828
-0.15002
-0.157852
-0.165337
-0.172486
-0.179313
-0.185829
-0.18345
-0.181189
-0.179039
-0.176995
-0.175052
-0.173205
-0.17145
-0.169781
-0.168195
-0.166688
-0.165255
-0.163894
-0.1626
-0.16137
-0.160201
-0.159091
-0.158035
-0.157032
-0.156079
-0.155174
-0.154313
-0.153495
-0.152718
-0.15198
-0.151278
-0.150612
-0.149979
-0.149377
-0.148805
-0.148262
-0.147746
-0.147255
-0.146789
-0.154602
-0.162078
-0.169228
-0.176063
-0.182596
-0.188837
-0.194796
-0.200483
-0.205909
-0.211082
-0.216012
-0.220706
-0.216918
-0.213313
-0.209884
-0.206621
-0.203518
-0.200566
-0.197759
-0.195089
-0.19255
-0.190136
-0.179921
-0.170105
-0.160658
-0.151553
-0.142764
-0.134266
-0.126035
-0.118049
-0.110289
-0.102735
-0.09537
-0.088176
-0.081138
-0.074242
-0.067475
-0.060825
-0.054279
-0.047828
-0.041461
-0.035171
-0.028948
-0.022786
-0.016677
-0.010616
-0.004596
0.001386
0.007336
0.013258
0.019154
0.02503
0.030885
0.036724
0.042548
0.048358
0.054156
0.059942
0.065717
0.071481
0.077234
0.082975
0.088705
0.094421
0.100124
0.105811
0.111481
0.117133
0.122764
0.128372
0.133954
0.139509
0.145033
0.150524
0.155978
0.161393
0.166764
0.172089
0.177364
0.182585
0.187748
0.192849
0.183024
0.173673
0.164775
0.156308
0.148254
0.140592
0.133306
0.126377
0.119788
0.113524
0.107568
0.101907
0.096525
0.09141
0.086548
0.081927
0.077536
0.073362
0.069396
0.065627
0.062046
0.058643
0.05541
0.052337
0.049418
0.046644
0.044009
0.041505
0.039126
0.036866
0.034718
0.032678
0.03074
0.028898
0.027149
0.036233
0.044971
0.053383
0.061489
0.069307
0.076856
0.084152
0.09121
0.098046
0.104672
0.111102
0.117347
0.123419
0.117429
0.111734
0.106321
0.101175
0.096284
0.091635
0.087217
0.083017
0.079027
0.075234
0.071631
0.068206
0.064952
0.06186
0.058922
0.056131
0.053478
0.050958
0.048564
0.046289
0.044127
0.042073
0.040122
0.038268
0.036507
0.034834
0.033244
0.031734
0.030299
0.028936
0.027641
0.026411
0.025242
0.024132
0.023077
0.022075
0.021122
0.020218
0.019358
0.018542
0.017767
0.01703
0.01633
0.015665
0.015033
0.014433
0.013863
0.013321
0.012807
0.012318
0.011854
0.011413
0.010993
0.010595
0.010217
0.009858
0.009516
0.009192
0.008884
0.008591
0.008313
0.008049
0.007798
0.00756
0.007333
0.007118
0.006914
0.00672
0.006535
0.00636
0.006194
0.006036
0.005885
0.005743
0.005607
0.005478
0.005356
0.00524
0.00513
0.005025
0.004925
0.00483
0.00474
0.004655
0.004574
0.004497
0.004423
0.004354
0.004288
0.004225
0.004166
0.004109
0.004055
0.004004
0.003955
0.003909
0.003865
0.003824
0.003784
0.003747
0.003711
0.003677
0.003645
0.003614
0.003585
0.003558
0.003531
0.003506
0.003483
0.00346
0.003439
0.003419
0.003399
0.003381
0.003364
0.003347
0.003332
0.003317
0.003303
0.003289
0.003276
0.003264
0.003253
0.003242
0.003231
0.003221
0.003212
0.003203
0.003195
0.003187
0.003179
0.003172
0.003165
0.003158
0.003152
0.003147
0.003141
0.003135
0.003131
0.003126
0.003121
0.003117
0.003113
0.003109
0.003105
0.003102
0.003098
0.003095
0.003092
-0.007665
-0.017994
-0.027918
-0.037461
-0.046644
-0.055489
-0.064016
-0.072242
-0.080186
-0.087864
-0.095291
-0.102482
-0.109451
-0.11621
-0.12277
-0.129144
-0.13534
-0.141368
-0.147236
-0.152954
-0.158527
-0.163963
-0.169267
-0.174445
-0.179502
-0.184441
-0.189268
-0.193986
-0.198596
-0.203103
-0.207507
-0.211812
-0.216017
-0.220125
-0.224135
-0.22805
-0.231867
-0.235588
-0.239212
-0.242738
-0.246166
-0.249495
-0.252722
-0.255847
-0.258868
-0.261783
-0.264591
-0.267289
-0.269875
-0.272346
-0.2747
-0.276935
-0.279048
-0.281037
-0.282898
-0.284628
-0.286226
-0.287687
-0.280043
-0.272754
-0.265804
-0.259181
-0.25287
-0.246858
-0.241132
-0.235679
-0.230488
-0.225546
-0.220842
-0.216365
-0.212106
-0.208053
-0.204197
-0.20053
-0.197041
-0.193723
-0.190568
-0.187567
-0.184714
-0.182001
-0.179422
-0.176969
-0.174638
-0.172422
-0.170315
-0.168313
-0.160095
-0.15226
-0.144792
-0.137678
-0.130901
-0.124447
-0.118304
-0.106008
-0.094285
-0.083115
-0.072477
-0.06235
-0.052713
-0.043546
-0.034829
-0.02654
-0.018662
-0.011175
-0.004061
0.002698
0.009118
0.015216
0.021008
0.026509
0.023028
0.019723
0.010029
0.000816
-0.007938
-0.016255
-0.024155
-0.031659
-0.038786
-0.045554
-0.051982
-0.058085
-0.06388
-0.075925
-0.087348
-0.098178
-0.108444
-0.118175
-0.118783
-0.119357
-0.119899
-0.120411
-0.120896
-0.121354
-0.121789
-0.122201
-0.122592
-0.122962
-0.123314
-0.123648
-0.115369
-0.107496
-0.100012
-0.092898
-0.086136
-0.079711
-0.073606
-0.067805
-0.062294
-0.057059
-0.060738
-0.064231
-0.067547
-0.070695
-0.064973
-0.059445
-0.05409
-0.048887
-0.043819
-0.038867
-0.034017
-0.029255
-0.024566
-0.01994
-0.015365
-0.010832
-0.006331
-0.001855
0.002603
0.007051
0.011494
0.015937
0.020385
0.024843
0.029313
0.033798
0.026594
0.01975
0.013249
0.007072
0.001206
-0.004367
-0.00966
-0.014687
-0.019462
-0.023996
-0.028303
-0.023019
-0.01788
-0.01287
-0.007975
-0.003182
0.001521
0.006147
0.010705
0.015205
0.019656
0.024067
0.028443
0.032793
0.037122
0.041436
0.04574
0.050038
0.054334
0.058633
0.062936
0.067246
0.071567
0.075899
0.080245
0.084605
0.088981
0.093373
0.097781
0.102205
0.106646
0.111102
0.115573
0.120058
0.124557
0.129066
0.133586
0.138113
0.142647
0.147185
0.151724
0.156263
0.160798
0.165327
0.169846
0.174353
0.178845
0.183317
0.187767
0.192191
0.182239
0.172766
0.163751
0.144659
0.126469
0.109147
0.092659
0.076971
0.062048
0.047858
0.034369
0.021548
0.009364
-0.002211
-0.013208
-0.023652
-0.033573
-0.042993
-0.051939
-0.060434
-0.0685
-0.076158
-0.083428
-0.090331
-0.096884
-0.103106
-0.109012
-0.11462
-0.119943
-0.124997
-0.119242
-0.11377
-0.097988
-0.082867
-0.068375
-0.05448
-0.041152
-0.02836
-0.016078
-0.004276
0.007069
0.017984
0.028492
0.038614
0.048372
0.057786
0.066875
0.075655
0.084144
0.092357
0.100307
0.10801
0.115477
0.122719
0.129749
0.136574
0.143206
0.149651
0.155919
0.149369
0.143139
0.137216
0.131585
0.12623
0.12114
0.116301
0.111701
0.107329
0.103174
0.099224
0.09547
0.091903
0.088513
0.085292
0.071574
0.05842
0.0458
0.033684
0.022044
0.010854
0.000088
-0.010278
-0.020268
-0.029903
-0.039204
-0.048189
-0.056878
-0.065286
-0.073431
-0.081326
-0.088986
-0.096423
-0.10365
-0.110678
-0.117516
-0.111588
-0.105952
-0.100594
-0.095501
-0.090661
-0.08606
-0.081688
-0.077533
-0.073584
-0.069831
-0.066266
-0.062877
-0.059658
-0.056598
-0.053691
-0.050929
-0.048305
-0.045812
-0.043443
-0.041192
-0.039054
-0.037022
-0.035092
-0.033258
-0.031515
-0.02986
-0.028287
-0.026793
-0.025374
-0.024025
-0.022744
-0.021527
-0.020371
-0.019272
-0.00758
0.003528
0.014081
0.024104
0.033624
0.042665
0.051251
0.059404
0.067145
0.074495
0.081474
0.088205
0.094704
0.100987
0.107067
0.112958
0.118673
0.124222
0.129617
0.134869
0.139985
0.144976
0.149849
0.154612
0.159271
0.163833
0.156382
0.149294
0.142553
0.136143
0.130048
0.124253
0.118743
0.113506
0.097957
0.083059
0.068779
0.055086
0.041949
0.029339
0.017228
0.005588
-0.005605
-0.016378
-0.026752
-0.03675
-0.046392
-0.055699
-0.064688
-0.073378
-0.081783
-0.08992
-0.085513
-0.081325
-0.077344
-0.073562
-0.069967
-0.066552
-0.063306
-0.060222
-0.057292
-0.054507
-0.051862
-0.049348
-0.036215
-0.023622
-0.011542
0.000053
0.01119
0.021893
0.032186
0.042093
0.029454
0.017443
0.006029
-0.004814
-0.015115
-0.024899
-0.034191
-0.043016
-0.051397
-0.048722
-0.046181
-0.043766
-0.041472
-0.028649
-0.016463
-0.004779
0.006432
0.017195
0.027534
0.037473
0.047036
0.056241
0.065111
0.073664
0.081918
0.08989
0.097595
0.105048
0.112264
0.119255
0.126033
0.13261
0.138995
0.145199
0.15123
0.157096
0.162805
0.168364
0.173779
0.179055
0.184197
0.189211
0.1941
0.198867
0.203516
0.20805
0.200144
0.19262
0.185461
0.178649
0.172169
0.166006
0.160144
0.15457
0.149269
0.144229
0.139437
0.134881
0.130551
0.126434
0.122521
0.118801
0.115266
0.111906
0.108712
0.105677
0.102793
0.100053
0.097448
0.084521
0.072119
0.060212
0.04877
0.037767
0.027174
0.016969
0.007126
-0.002376
-0.011558
-0.020441
-0.029042
-0.03738
-0.04547
-0.053327
-0.060967
-0.068401
-0.075643
-0.082703
-0.089592
-0.096319
-0.102895
-0.109326
-0.11562
-0.121784
-0.127825
-0.133746
-0.139555
-0.145255
-0.15085
-0.156343
-0.161738
-0.167036
-0.158932
-0.151222
-0.143888
-0.136914
-0.130282
-0.123975
-0.117979
-0.112279
-0.10686
-0.112397
-0.117762
-0.122967
-0.128022
-0.132939
-0.137728
-0.142397
-0.146954
-0.151409
-0.155768
-0.160038
-0.164225
-0.168334
-0.172371
-0.17634
-0.180246
-0.184091
-0.187879
-0.191613
-0.195296
-0.198928
-0.202513
-0.20605
-0.209542
-0.212989
-0.216391
-0.219749
-0.223061
-0.226329
-0.229551
-0.232726
-0.235853
-0.238931
-0.241958
-0.244933
-0.247854
-0.250718
-0.253524
-0.256269
-0.25895
-0.261566
-0.264112
-0.266587
-0.268987
-0.27131
-0.273552
-0.27571
-0.27778
-0.279759
-0.281644
-0.283432
-0.285118
-0.286699
-0.288172
-0.289533
-0.290778
-0.291904
-0.292908
-0.293784
-0.286281
-0.279123
-0.272297
-0.265788
-0.259585
-0.253673
-0.248042
-0.242678
-0.229649
-0.217204
-0.205322
-0.193984
-0.18317
-0.172861
-0.163036
-0.153676
-0.144761
-0.136273
-0.128194
-0.120504
-0.113188
-0.099332
-0.086125
-0.073544
-0.061565
-0.050164
-0.039316
-0.028999
-0.019188
-0.009861
-0.000997
0.007427
0.01543
0.023033
0.030256
0.037115
0.04363
0.049816
0.055691
0.061269
0.066565
0.071594
0.076369
0.080902
0.085206
0.089292
0.093172
0.096855
0.100352
0.103672
0.106824
0.109817
0.112658
0.115356
0.117918
0.12035
0.122659
0.124852
0.126934
0.128911
0.130788
0.132571
0.134263
0.135871
0.137397
0.13196
0.126784
0.113581
0.101006
0.089034
0.077641
0.066802
0.056494
0.046693
0.037376
0.028522
0.020108
0.012115
0.004521
-0.002692
-0.009543
-0.024479
-0.038725
-0.052308
-0.065251
-0.07758
-0.08932
-0.100494
-0.111128
-0.121242
-0.13086
-0.140002
-0.148689
-0.15694
-0.164773
-0.172206
-0.179255
-0.185936
-0.192264
-0.198251
0.203912
0.209258
0.214301
0.219051
0.223518
0.220359
0.217352
0.21449
0.211768
0.209178
0.206714
0.20437
0.202141
0.200021
0.198005
0.196088
0.194265
0.192531
0.198026
0.20327
0.208271
0.213036
0.217574
0.221891
0.225995
0.229892
0.226545
0.223359
0.220328
0.217443
0.214697
0.212086
0.209601
0.207237
0.204989
0.202851
0.200818
0.198884
0.197046
0.195297
0.200645
0.205751
0.210624
0.215269
0.219693
0.223903
0.227904
0.231703
0.235305
0.238717
0.235126
0.231707
0.228453
0.225355
0.222406
0.2196
0.21693
0.21439
0.211973
0.209674
0.207487
0.205407
0.203429
0.201548
0.199759
0.198058
0.19644
0.194903
0.193441
0.192051
0.190729
0.189473
0.18828
0.187145
0.186066
0.185041
0.184066
0.18314
0.182259
0.181423
0.180628
0.179872
0.179154
0.178472
0.177823
0.177207
0.176621
0.176065
0.175536
0.175034
0.174556
0.174103
0.173672
0.173262
0.172873
0.172503
0.172152
0.171818
0.171501
0.1712
0.170913
0.170641
0.170383
0.170137
0.169904
0.169682
0.169472
0.169272
0.169082
0.168901
0.168729
0.168566
0.168411
0.168264
0.168124
0.167992
0.167865
0.167745
0.167632
0.167523
0.167421
0.167323
0.16723
0.167142
0.167058
0.173893
0.180421
0.186651
0.192591
0.198249
0.203633
0.208751
0.213611
0.218219
0.222584
0.226712
0.23061
0.234284
0.23774
0.240984
0.244022
0.246858
0.249497
0.251945
0.254205
0.256281
0.258176
0.259895
0.26144
0.262813
0.258996
0.255356
0.251883
0.248573
0.245417
0.24241
0.239545
0.236815
0.234215
0.23174
0.229382
0.232583
0.235624
0.238509
0.241238
0.243814
0.24624
0.248518
0.25065
0.252638
0.254483
0.256189
0.257757
0.259189
0.260486
0.26165
0.262682
0.263584
0.264357
0.265001
0.265518
0.262094
0.258824
0.255701
0.25272
0.249876
0.247162
0.244574
0.242106
0.239753
0.237511
0.235374
0.233338
0.231399
0.229553
0.227794
0.22612
0.224526
0.223009
0.221565
0.22019
0.218883
0.217639
0.216455
0.215329
0.214258
0.213239
0.212269
0.211348
0.210471
0.209638
0.208845
0.208092
0.207375
0.197189
0.187486
0.178247
0.169449
0.161076
0.153107
0.145524
0.13831
0.131448
0.124922
0.118715
0.112813
0.107201
0.101866
0.096794
0.091972
0.087389
0.083033
0.078893
0.074958
0.061486
0.048674
0.036494
0.024916
0.013913
0.003458
0.003285
0.003121
0.002965
0.002817
0.002676
0.012301
0.021445
0.030128
0.038376
0.046207
0.053644
0.060706
0.067411
0.073778
0.079822
0.085561
0.09101
0.096183
0.101094
0.105757
0.110184
0.114387
0.118378
0.127007
0.135196
0.142959
0.150308
0.157258
0.16382
0.170008
0.175834
0.18131
0.186448
0.191259
0.195754
0.199944
0.203837
0.207443
0.210772
0.213831
0.21319
0.212577
0.211989
0.211428
0.21089
0.210376
0.209884
0.209414
0.208965
0.204587
0.20039
0.196368
0.192517
0.188831
0.185305
0.172045
0.1594
0.147348
0.135867
0.124936
0.114532
0.104634
0.095219
0.086267
0.077758
0.069669
0.061984
0.054681
0.047744
0.041155
0.034897
0.028953
0.027543
0.026199
0.029138
0.031965
0.034667
0.037234
0.039655
0.041924
0.044034
0.056095
0.067502
0.078276
0.088439
0.098013
0.107019
0.115478
0.12341
0.130834
0.13777
0.144236
0.150249
0.155826
0.160983
0.165736
0.170098
0.174083
0.177704
0.180973
0.183902
0.186502
0.188783
0.190754
0.192425
0.193805
0.194902
0.195722
0.196274
0.196565
0.1966
0.196385
0.195927
0.197031
0.19807
0.199048
0.199969
0.200837
0.201653
0.202423
0.202486
0.202497
0.202461
0.202386
0.202276
0.202137
0.201975
0.201791
0.201591
0.201377
0.201153
0.20092
0.200682
0.20044
0.200195
0.199949
0.199704
0.19946
0.199219
0.198981
0.19986
0.20069
0.201476
0.202219
0.202921
0.203586
0.204214
0.204809
0.205373
0.205906
0.206411
0.206889
0.207341
0.20777
0.208176
0.208561
0.208926
0.210243
0.211461
0.212589
0.213634
0.214602
0.2155
0.216332
0.217105
0.217823
0.218468
0.219034
0.219515
0.219906
0.220202
0.220398
0.220491
0.220478
0.220356
0.220123
0.219777
0.219316
0.218738
0.218042
0.217227
0.216292
0.215236
0.214059
0.212759
0.211336
0.20979
0.208121
0.207987
0.207858
0.208428
0.209606
0.210655
0.211589
0.212418
0.213153
0.213804
0.21438
0.214889
0.215337
0.21573
0.216076
0.216378
0.216642
0.216871
0.21707
0.217241
0.217389
0.217515
0.217621
0.217711
0.217786
0.217848
0.217899
0.217939
0.21797
0.217994
0.218011
0.218021
0.218027
0.218028
0.218026
0.21802
0.218012
0.218042
0.21806
0.218049
0.217977
0.217852
0.217682
0.217475
0.217236
0.216973
0.216689
0.216389
0.216076
0.215755
0.215427
0.215096
0.214763
0.214431
0.2141
0.213773
0.213928
0.214072
0.214207
0.214333
0.214451
0.214561
0.214664
0.214761
0.214852
0.214937
0.215016
0.215091
0.215162
0.215228
0.21529
0.215348
0.215403
0.215455
0.215504
0.21555
0.215593
0.215981
0.21632
0.216616
0.216873
0.217095
0.217287
0.217451
0.217591
0.21771
0.21781
0.217764
0.217718
0.217672
0.217626
0.217581
0.217536
0.217491
0.217448
0.217405
0.217363
0.217322
0.217282
0.217243
0.217206
0.217169
0.217134
0.2171
0.217067
0.217036
0.217005
0.216976
0.216948
0.216921
0.216895
0.21687
0.216846
0.216823
0.216801
0.216779
0.216759
0.21674
0.216721
0.216704
0.216687
0.216671
0.216655
0.216641
0.216627
0.216613
0.2166
0.216588
0.216577
0.216565
0.216555
0.216545
0.216535
0.216526
0.216517
0.216509
0.216501
0.216494
0.216486
0.21648
0.216473
0.216467
0.216461
0.216456
0.21645
0.216445
0.21644
0.216436
0.216431
0.216427
0.216423
0.216419
0.216416
0.216412
0.216409
0.216406
0.216403
0.216401
0.216398
0.216395
0.216393
0.216391
0.216389
0.216387
0.216385
0.216383
0.216381
0.216379
0.216378
0.216376
0.216375
0.216373
0.216372
0.216371
0.21637
0.216369
0.216368
0.216366
0.216366
0.216365
0.216364
0.216363
0.216362
0.216362
0.216361
0.21636
0.21636
0.216359
0.216358
0.216358
0.216357
0.216357
0.216356
0.216356
0.216356
0.216355
0.216355
0.216354
0.216354
0.216354
0.216353
0.216353
0.216353
0.216353
0.216352
0.216352
0.216352
0.216352
0.216351
0.216351
0.216351
0.216351
0.216351
0.216351
0.21635
0.21635
0.21635
0.21635
0.21635
0.21635
0.21635
0.216349
0.216349
0.216349
0.216349
0.216349
0.216349
0.216349
0.216349
0.216349
0.216349
0.216349
0.216349
0.216349
0.216348
0.216348
0.216348
0.216348
0.216348
0.216348
0.216348
0.216348
0.216348
0.216348
0.216348
0.216348
0.216348
0.216348
0.216348
0.216348
0.216348
0.216348
0.216348
0.216348
0.216348
0.216348
0.216348
0.216348
0.216348
0.216348
0.216348
0.216348
0.216348
0.216348
0.216348
0.216348
0.216348
0.216348
0.216348
0.216348
0.216348
0.216348
0.216348
0.216348
0.216348
0.216348
0.216348
0.216348
0.216348
0.216348
0.216348
0.216348
0.216348
0.216348
0.216348
0.216348
0.216348
0.216348
0.216348
0.216348
0.216348
0.216348
0.216348
0.216348
0.216348
0.216348
0.216348
0.216348
0.216348
0.216348
0.216348
0.216348
0.216348
0.216348
0.216348
0.216348
0.216348
0.216348
0.216348
0.216348
0.216348
0.216348
0.216348
0.216348
0.216348
0.216348
0.216348
0.216348
0.216348
0.216348
0.216348
0.216348
0.216348
0.216348
0.216348
0.216348
0.216348
0.216348
0.216348
0.216348
0.216348
0.216348
0.216348
0.216348
0.216348
0.216348
0.216348
0.216348
0.216348
0.216348
0.216348
0.216348
0.216348
0.216348
0.216348
0.216348
0.216348
0.216348
0.216348
0.216348
0.216348
0.216348
0.216348
0.216348
0.216348
0.216348
0.216348
0.216348
0.216348
0.216348
0.216348
0.216348
0.216348
0.216348
0.216348
0.216348
0.216348
0.216348
0.216348
0.216348
0.216348
0.216348
0.216348
0.216348
0.216348
0.216348
0.216348
0.216348
0.216348
0.216348
0.216348
0.216348
0.216348
0.216348
0.216348
0.216348
0.216348
0.216348
0.216348
0.216348
0.216348
0.216348
0.216348
0.216348
0.216348
0.216348
0.216348
0.216348
0.216348
0.216348
0.216348
0.216348
0.216348
0.216348
0.216639
0.216875
0.217046
0.217144
0.217162
0.217094
0.216935
0.216678
0.216321
0.215858
0.215288
0.214606
0.213811
0.2129
0.213139
0.213359
0.213563
0.213751
0.213926
0.214087
0.214238
0.214377
0.214506
0.214626
0.214737
0.214841
0.214937
0.215027
0.21511
0.215188
0.215261
0.215329
0.215392
0.215452
0.215507
0.215559
0.215608
0.215653
0.215696
0.215736
0.215773
0.215808
0.215841
0.215872
0.215901
0.215928
0.215954
0.215978
0.216001
0.216023
0.216043
0.216062
0.21608
0.216097
0.216113
0.216128
0.216142
0.216155
0.216168
0.21618
0.216192
0.216202
0.216212
0.216222
0.216231
0.216239
0.216248
0.216255
0.216262
0.216269
0.216276
0.216282
0.216288
0.216293
0.216507
0.216684
0.216831
0.216949
0.217044
0.217116
0.217171
0.217209
0.217232
0.217244
0.217245
0.217237
0.217221
0.217235
0.217243
0.217246
0.217244
0.217238
0.217229
0.217217
0.217203
0.217119
0.216997
0.216845
0.216666
0.216466
0.216249
0.216018
0.215776
0.215526
0.215271
0.215013
0.214752
0.214491
0.214612
0.214724
0.214829
0.214926
0.215016
0.215101
0.21518
0.215253
0.215321
0.215385
0.215445
0.215501
0.215553
0.215602
0.215648
0.215691
0.215731
0.215769
0.215804
0.215837
0.215869
0.215898
0.215925
0.215951
0.215976
0.215999
0.216021
0.216041
0.21606
0.216078
0.216095
0.216111
0.216127
0.216141
0.216154
0.216167
0.216179
0.216191
0.216201
0.216211
0.216221
0.21623
0.216239
0.216247
0.216255
0.216262
0.216269
0.216275
0.216281
0.216287
0.216293
0.216298
0.216303
0.216308
0.216312
0.216316
0.216321
0.216324
0.216328
0.216331
0.216335
0.216338
0.216341
0.216343
0.216346
0.216349
0.216351
0.216353
0.216355
0.216357
0.216359
0.216361
0.216363
0.216364
0.216366
0.216134
0.215867
0.215555
0.215188
0.214759
0.21426
0.213685
0.213028
0.212284
0.211447
0.210515
0.209484
0.208349
0.20711
0.205763
0.204306
0.202737
0.201054
0.199257
0.197345
0.195315
0.193167
0.190901
0.188516
0.186012
0.183388
0.180644
0.177779
0.174795
0.171691
0.168466
0.165122
0.161659
0.158076
0.154375
0.150556
0.153505
0.156294
0.158933
0.16143
0.163792
0.166028
0.168144
0.173534
0.178605
0.183378
0.187871
0.192101
0.196131
0.19996
0.203585
0.207004
0.210218
0.213226
0.216029
0.218627
0.221023
0.223217
0.225212
0.227009
0.228611
0.23002
0.231237
0.232573
0.233833
0.235024
0.236147
0.237209
0.238211
0.236888
0.23333
0.229888
0.226544
0.223279
0.220078
0.216925
0.213805
0.210707
0.207618
0.204528
0.201427
0.198306
0.195157
0.191972
0.188745
0.185471
0.186535
0.187545
0.188502
0.18941
0.19027
0.191087
0.191861
0.192595
0.193292
0.193952
0.19458
0.195174
0.195739
0.196274
0.196782
0.197265
0.19438
0.19156
0.18879
0.186055
0.183344
0.180645
0.177948
0.175243
0.172521
0.169775
0.166998
0.164182
0.161322
0.158413
0.155449
0.152426
0.14934
0.146187
0.142965
0.139669
0.136299
0.13285
0.129322
0.125712
0.122018
0.118241
0.114378
0.110429
0.106393
0.110695
0.114775
0.118643
0.12231
0.125788
0.129086
0.132214
0.13518
0.137993
0.140661
0.143191
0.145592
0.147869
0.150029
0.157282
0.164138
0.17062
0.176749
0.182543
0.188022
0.193202
0.198101
0.202735
0.207118
0.20629
0.205503
0.204755
0.204044
0.203368
0.202726
0.197097
0.191722
0.186591
0.181697
0.177028
0.172576
0.168333
0.164289
0.160437
0.156767
0.153272
0.155155
0.156942
0.158637
0.160246
0.161772
0.163221
0.164596
0.165901
0.167139
0.168315
0.16943
0.17049
0.171495
0.172449
0.173355
0.174215
0.175032
0.175807
0.176543
0.177242
0.177905
0.178535
0.179134
0.179702
0.180241
0.180753
0.18124
0.181702
0.18214
0.182557
0.182952
0.183328
0.183685
0.184024
0.184346
0.184651
0.184941
0.185217
0.185479
0.185728
0.185964
0.186188
0.186402
0.186604
0.186796
0.186979
0.187152
0.187317
0.187474
0.187622
0.187764
0.187898
0.188025
0.188146
0.188261
0.188371
0.183394
0.178647
0.17412
0.169805
0.165692
0.161773
0.15804
0.154485
0.151099
0.147876
0.144807
0.141887
0.139107
0.141718
0.144194
0.146543
0.148772
0.150886
0.152891
0.154794
0.156599
0.153029
0.149535
0.146103
0.142719
0.139372
0.13605
0.132744
0.129445
0.126143
0.122831
0.126135
0.129269
0.132241
0.13506
0.137735
0.140272
0.142679
0.144963
0.147129
0.149185
0.151136
0.152987
0.154743
0.15641
0.157992
0.159493
0.160918
0.156783
0.152754
0.148814
0.14495
0.141148
0.137395
0.133679
0.129989
0.126317
0.122653
0.118988
0.115316
0.111629
0.107921
0.104186
0.10042
0.096617
0.092772
0.088884
0.084947
0.080958
0.076916
0.072818
0.068661
0.064443
0.060164
0.055822
0.051416
0.046946
0.042409
0.037808
0.033141
0.028408
0.02361
-0.018747
-0.01382
-0.00883
-0.003777
0.001336
0.006509
0.01174
0.017027
0.022369
0.027762
0.033207
0.038699
0.044236
0.049816
0.055436
0.061092
0.066783
0.072505
0.078254
0.084026
0.089819
0.095628
0.10145
0.10728
0.113114
0.118949
0.124779
0.130601
0.136409
0.142199
0.147966
0.153706
0.159412
0.165081
0.170706
0.176283
0.181807
0.187271
0.192671
0.198
0.187747
0.177986
0.168696
0.159856
0.151446
0.143446
0.135836
0.128599
0.121717
0.115174
0.119627
0.123966
0.128201
0.132342
0.136396
0.140371
0.144275
0.148113
0.151892
0.144096
0.136682
0.129631
0.122926
0.116552
0.110491
0.104729
0.099252
0.094045
0.078489
0.063693
0.049622
0.036245
0.023531
0.011448
-0.000031
-0.010937
-0.021296
-0.031136
-0.04048
-0.049354
-0.05778
-0.065781
-0.073378
-0.08059
-0.087438
-0.09394
-0.100113
-0.105973
-0.111537
-0.116819
-0.111263
-0.095392
-0.080291
-0.065926
-0.052267
-0.039281
-0.026937
-0.015207
-0.004061
0.006528
0.016587
0.026141
0.035215
0.043833
0.052016
0.059788
0.067167
0.074173
0.080826
0.087143
0.09314
0.088237
0.083576
0.079147
0.074938
0.070938
0.067137
0.063524
0.060092
0.056831
0.053732
0.050787
0.04799
0.045332
0.042806
0.040406
0.038127
0.035961
0.033903
0.031948
0.03009
0.028326
0.026649
0.025056
0.023543
0.022105
0.020739
0.019442
0.018209
0.017038
0.015925
0.014869
0.013865
0.012911
0.012004
0.011143
0.010326
0.009549
0.008811
0.008109
0.007443
0.00681
0.006209
0.005638
0.005095
0.00458
0.00409
0.003625
0.003183
0.002763
0.002364
0.001986
0.001626
0.001284
0.000959
0.00065
0.000357
0.000078
-0.000186
-0.000437
-0.000676
-0.000903
-0.001118
-0.001323
-0.001518
-0.001703
-0.001878
-0.002045
-0.002203
-0.002354
-0.002497
-0.002632
-0.002762
-0.002884
-0.003
-0.003111
-0.003216
-0.003316
-0.003411
-0.003501
-0.003586
-0.003668
-0.003745
-0.003818
-0.003888
-0.003954
-0.004017
-0.004077
-0.004133
-0.004187
-0.004239
-0.004287
-0.004333
-0.004377
-0.004419
-0.004459
0.00615
0.016228
0.025801
0.034893
0.043527
0.051726
0.059512
0.066906
0.073926
0.080591
0.08692
0.092929
0.088036
0.083386
0.078966
0.074766
0.070775
0.066982
0.063378
0.059954
0.056699
0.053607
0.050669
0.047878
0.045225
0.042705
0.040311
0.038036
0.035875
0.033822
0.031871
0.030017
0.028257
0.026584
0.024995
0.023485
0.02205
0.020687
0.019393
0.018163
0.016994
0.015884
0.01483
0.013828
0.012876
0.011972
0.011113
0.010297
0.009522
0.008785
0.008085
0.007421
0.006789
0.006189
0.005619
0.005078
0.004564
0.004075
0.003611
0.00317
0.002751
0.002353
0.001975
0.001616
0.001275
0.00095
0.000642
0.00035
0.000072
-0.000192
-0.000443
-0.000681
-0.000907
-0.001122
-0.001327
-0.001521
-0.001705
-0.00188
-0.002047
-0.002205
-0.002355
-0.002498
-0.002633
-0.002762
-0.002884
-0.003
-0.00311
-0.003215
-0.003315
-0.003409
-0.003499
-0.003585
-0.003666
-0.003743
-0.003816
-0.003886
-0.003952
-0.004015
-0.004074
-0.004131
-0.004185
-0.004236
-0.004284
-0.00433
-0.004374
-0.004416
-0.004455
-0.004493
-0.004528
-0.004562
-0.004594
-0.004625
-0.004654
-0.004682
-0.004708
-0.004733
-0.004756
-0.004779
-0.0048
-0.004821
-0.00484
-0.004858
-0.004875
-0.004892
-0.015659
-0.025996
-0.035925
-0.04547
-0.054653
-0.063495
-0.072013
-0.080229
-0.088157
-0.095816
-0.10322
-0.110383
-0.11732
-0.124042
-0.130561
-0.136889
-0.143034
-0.149007
-0.154816
-0.160469
-0.165972
-0.171334
-0.176559
-0.181653
-0.186621
-0.191467
-0.196196
-0.20081
-0.205312
-0.209706
-0.213993
-0.218175
-0.222253
-0.226229
-0.230104
-0.233877
-0.237548
-0.241119
-0.244588
-0.247955
-0.251219
-0.254379
-0.257433
-0.260381
-0.263221
-0.265951
-0.268569
-0.271072
-0.27346
-0.27573
-0.277878
-0.279904
-0.281804
-0.283575
-0.285215
-0.277508
-0.270158
-0.263152
-0.256476
-0.250115
-0.244056
-0.238285
-0.232791
-0.227561
-0.222582
-0.217843
-0.213334
-0.209043
-0.204961
-0.201078
-0.197385
-0.193872
-0.19053
-0.187353
-0.184332
-0.181459
-0.178727
-0.176131
-0.182262
-0.188139
-0.19377
-0.199166
-0.204335
-0.209286
-0.214027
-0.218565
-0.222909
-0.227065
-0.231039
-0.234839
-0.238469
-0.241935
-0.245242
-0.248394
-0.251396
-0.254252
-0.256965
-0.259537
-0.261973
-0.264274
-0.266442
-0.268481
-0.27039
-0.272172
0.273828
0.275358
0.276764
0.278045
0.27228
0.266782
0.254658
0.243052
0.231952
0.221341
0.211206
0.201529
0.192294
0.183485
0.175086
0.167081
0.159453
0.152186
0.145267
0.138678
0.132407
0.126438
0.120758
0.115354
0.110214
0.105324
0.100674
0.096252
0.092047
0.088049
0.084249
0.080635
0.0772
0.073936
0.070832
0.067883
0.06508
0.062416
0.059884
0.064884
0.06963
0.074136
0.078414
0.082475
0.08633
0.089989
0.093464
0.096762
0.099893
0.102866
0.105688
0.108368
0.110912
0.113327
0.11562
0.117797
0.119864
0.121827
0.123691
0.12546
0.12714
0.128736
0.130251
0.13169
0.133056
0.134354
0.135586
0.136756
0.137867
0.138922
0.139924
0.140876
0.14178
0.142638
0.143454
0.144228
0.144963
0.145662
0.146325
0.146956
0.147554
0.148123
0.148663
0.149175
0.149662
0.150125
0.150565
0.150982
0.151379
0.151755
0.152113
0.152453
0.152776
0.153083
0.153374
0.15365
0.146661
0.140005
0.13367
0.12764
0.121902
0.116443
0.111249
0.106309
0.101611
0.104496
0.107236
0.109837
0.112307
0.114651
0.116877
0.118991
0.120998
0.122903
0.124713
0.126431
0.128062
0.129611
0.131082
0.132479
0.133806
0.135065
0.136261
0.137397
0.138476
0.139501
0.140474
0.141398
0.142276
0.143109
0.143901
0.144653
0.145367
0.146045
0.146689
0.147301
0.140615
0.13425
0.128192
0.122428
0.116943
0.111725
0.106761
0.102041
0.097552
0.093283
0.089224
0.085365
0.081697
0.07821
0.074895
0.071744
0.06875
0.065903
0.063199
0.060628
0.058185
0.055864
0.053658
0.051562
0.04957
0.047678
0.045879
0.051588
0.057008
0.062153
0.067038
0.071675
0.076077
0.080257
0.084224
0.087991
0.091566
0.09496
0.098183
0.101242
0.104147
0.106904
0.109522
0.112007
0.114367
0.116608
0.118735
0.120755
0.122673
0.124494
0.126223
0.127864
0.129423
0.130904
0.13231
0.133645
0.134913
0.136116
0.13726
0.138346
0.139377
0.140356
0.141286
0.142169
0.143008
0.143805
0.144562
0.14528
0.145963
0.146611
0.147227
0.147812
0.148368
0.148895
0.149396
0.149872
0.150325
0.150754
0.158403
0.165651
0.172518
0.179024
0.185188
0.191029
0.196565
0.20181
0.206781
0.211492
0.215958
0.22019
0.224202
0.228006
0.231612
0.235031
0.238273
0.241347
0.244262
0.247026
0.249648
0.252135
0.254495
0.256732
0.258855
0.260869
0.26278
0.264593
0.266313
0.261093
0.256117
0.251375
0.246857
0.242553
0.238455
0.234552
0.230836
0.227299
0.223932
0.220728
0.21062
0.200969
0.19176
0.182976
0.174601
0.166618
0.159012
0.151767
0.144867
0.138298
0.132044
0.126093
0.12043
0.115042
0.109917
0.112382
0.114723
0.116946
0.119056
0.121059
0.122962
0.124768
0.126483
0.128112
0.129659
0.131127
0.132522
0.133846
0.135104
0.136298
0.137432
0.138509
0.139532
0.140503
0.141426
0.142302
0.143135
0.143925
0.144676
0.145389
0.146066
0.146709
0.14732
0.1479
0.148451
0.148975
0.149472
0.149944
0.150393
0.150819
0.151223
0.158848
0.166072
0.172917
0.179402
0.185546
0.191369
0.196886
0.202115
0.20707
0.211766
0.216217
0.213387
0.210695
0.208134
0.205698
0.203381
0.201177
0.199082
0.197089
0.195195
0.193393
0.184534
0.176086
0.168033
0.16036
0.153051
0.14609
0.139461
0.133152
0.127147
0.121433
0.123317
0.125105
0.126803
0.128416
0.129947
0.131401
0.132782
0.134093
0.135338
0.136521
0.137644
0.13871
0.139723
0.140685
