0.707107
0.707065
0.706947
0.706765
0.706528
0.706246
0.705926
0.705576
0.705201
0.704807
0.704399
0.70398
0.703555
0.703125
0.702694
0.702265
0.701839
0.701417
0.701001
0.700593
0.700193
0.699802
0.69942
0.699049
0.698688
0.698338
0.697999
0.697671
0.697354
0.697048
0.696753
0.696469
0.696195
0.695932
0.695679
0.695437
0.695204
0.694981
0.694766
0.694561
0.694365
0.694177
0.693997
0.693825
0.69366
0.693503
0.693353
0.69321
0.693073
0.692942
0.692818
0.692699
0.692585
0.692477
0.692374
0.692275
0.692182
0.692092
0.692007
0.691926
0.691849
0.691776
0.691706
0.691639
0.691576
0.691515
0.691458
0.691403
0.691351
0.691301
0.691254
0.69121
0.691167
0.691126
0.691088
0.691051
0.691016
0.690983
0.690951
0.690921
0.690893
0.690866
0.69084
0.690815
0.690792
0.69077
0.690749
0.690729
0.69071
0.690692
0.690674
0.690658
0.690643
0.690628
0.690614
0.6906
0.690588
0.690576
0.690564
0.690553
0.690543
0.690533
0.690524
0.690515
0.690506
0.690498
0.690491
0.690484
0.690477
0.69047
0.690464
0.690458
0.690452
0.690447
0.690442
0.690437
0.690433
0.690428
0.690424
0.69042
0.690417
0.690413
0.69041
0.690407
0.690404
0.690401
0.690398
0.690395
0.690393
0.69039
0.690388
0.690386
0.690384
0.690382
0.69038
0.690379
0.690377
0.690375
0.690374
0.690373
0.690371
0.69037
0.690369
0.690368
0.690367
0.690365
0.690365
0.690364
0.690363
0.690362
0.690361
0.69036
0.69036
0.690359
0.690358
0.690358
0.690357
0.690356
0.690356
0.690355
0.690355
0.690354
0.690354
0.690354
0.690353
0.690353
0.690352
0.690352
0.690352
0.690352
0.690351
0.690351
0.690351
0.690351
0.69035
0.69035
0.69035
0.69035
0.690349
0.690349
0.690349
0.690349
0.690349
0.690349
0.690349
0.690349
0.690349
0.690349
0.690349
0.690349
0.690349
0.690349
0.690349
0.690349
0.690349
0.690349
0.690349
0.690349
0.690349
0.690349
0.692313
0.694449
0.696764
0.699263
0.70195
0.704829
0.7079
0.711164
0.71462
0.718267
0.722101
0.726119
0.730318
0.734692
0.739235
0.743942
0.748806
0.753819
0.758975
0.764264
0.769679
0.76947
0.769234
0.768977
0.768703
0.768415
0.768117
0.767812
0.767503
0.768169
0.769074
0.770216
0.771593
0.773201
0.775035
0.777093
0.779368
0.781854
0.784546
0.787438
0.79052
0.793787
0.797231
0.800842
0.804613
0.808534
0.812596
0.81679
0.821105
0.825532
0.830059
0.834676
0.839372
0.844135
0.848955
0.853819
0.858716
0.863633
0.868557
0.873477
0.878379
0.88325
0.888079
0.89285
0.897551
0.902169
0.906689
0.911098
0.915383
0.919529
0.923522
0.927349
0.930995
0.934446
0.937689
0.940709
0.943492
0.946024
0.947611
0.949024
0.95028
0.951396
0.952386
0.953263
0.95299
0.952797
0.95268
0.952637
0.952664
0.952755
0.952906
0.953113
0.953367
0.953664
0.954845
0.955896
0.95683
0.95766
0.958395
0.959047
0.959623
0.960132
0.960581
0.960976
0.961323
0.961627
0.961892
0.962123
0.962324
0.962498
0.962648
0.962776
0.962886
0.962978
0.963056
0.963121
0.963174
0.963217
0.963251
0.963278
0.963297
0.963311
0.963319
0.963323
0.963323
0.96332
0.963314
0.963305
0.963295
0.963283
0.963269
0.963398
0.963514
0.963623
0.963732
0.963844
0.963962
0.964088
0.96422
0.964359
0.964502
0.964647
0.96479
0.964925
0.965049
0.965155
0.965237
0.965287
0.9653
0.965266
0.965177
0.966119
0.966963
0.96772
0.968398
0.969006
0.96955
0.970036
0.970472
0.97086
0.971208
0.971517
0.971794
0.97204
0.972259
0.972454
0.972627
0.972781
0.972918
0.973038
0.973145
0.973239
0.973322
0.973395
0.973459
0.973515
0.973564
0.973607
0.973644
0.973676
0.973703
0.973727
0.973747
0.973764
0.973778
0.97379
0.9738
0.973807
0.973814
0.973818
0.973822
0.973824
0.973826
0.973826
0.973826
0.973825
0.973824
0.973826
0.973764
0.973646
0.97348
0.973273
0.973027
0.972746
0.972431
0.972082
0.971699
0.971279
0.97082
0.970317
0.969768
0.970405
0.970979
0.971495
0.97196
0.972378
0.972755
0.973093
0.973398
0.973671
0.973917
0.974139
0.974337
0.974516
0.974676
0.97482
0.974949
0.975065
0.975169
0.975262
0.975346
0.975421
0.975488
0.975547
0.975601
0.975649
0.975692
0.975921
0.975983
0.975895
0.975671
0.975324
0.974862
0.974294
0.973626
0.973781
0.973923
0.974051
0.974169
0.974276
0.974373
0.974462
0.974542
0.974616
0.974684
0.974745
0.974801
0.974853
0.9749
0.974943
0.974982
0.975018
0.975051
0.975081
0.975109
0.975134
0.974797
0.974359
0.973829
0.973213
0.972519
0.971749
0.970905
0.969991
0.969005
0.967947
0.966815
0.965607
0.964319
0.962947
0.961486
0.959932
0.958277
0.956516
0.954642
0.955793
0.956842
0.957798
0.958669
0.959463
0.960187
0.960849
0.961452
0.962004
0.962508
0.962969
0.962151
0.961257
0.960289
0.95925
0.958138
0.956953
0.955694
0.954359
0.952944
0.953969
0.954904
0.955757
0.956537
0.95725
0.957901
0.958496
0.959041
0.95954
0.959998
0.960416
0.9608
0.961153
0.961476
0.961773
0.962046
0.961233
0.960321
0.959312
0.958212
0.957021
0.955741
0.954371
0.95291
0.951358
0.94971
0.947964
0.946116
0.944162
0.942096
0.939914
0.937609
0.935174
0.932604
0.929892
0.931431
0.932839
0.934129
0.93531
0.936392
0.937385
0.938296
0.939132
0.939899
0.940605
0.941254
0.941851
0.9424
0.942906
0.943373
0.943803
0.9442
0.944567
0.944906
0.945219
0.945509
0.945777
0.947134
0.948378
0.94953
0.950607
0.951622
0.952589
0.953515
0.95441
0.955278
0.956124
0.956949
0.957755
0.958541
0.959307
0.960049
0.960764
0.961449
0.962097
0.962703
0.96326
0.963762
0.964201
0.964839
0.965408
0.965913
0.966362
0.96676
0.967112
0.967424
0.9677
0.967942
0.968156
0.968344
0.968509
0.968653
0.968778
0.968887
0.968982
0.969063
0.969133
0.969193
0.969243
0.969286
0.969321
0.969206
0.969078
0.968942
0.968803
0.968664
0.968524
0.968386
0.968247
0.968106
0.967959
0.967805
0.967637
0.967452
0.967243
0.967005
0.966731
0.966413
0.966044
0.965616
0.965121
0.964549
0.963893
0.963141
0.962286
0.961317
0.960223
0.958996
0.957624
0.956097
0.954405
0.952537
0.950482
0.948229
0.945768
0.943088
0.940178
0.937027
0.933625
0.92996
0.926024
0.921804
0.917291
0.919602
0.921714
0.923645
0.925411
0.927027
0.928507
0.929863
0.931105
0.932244
0.933288
0.934247
0.935128
0.935937
0.936681
0.937366
0.937996
0.938577
0.940569
0.942389
0.944063
0.945614
0.947062
0.948423
0.949711
0.950938
0.952113
0.953242
0.954332
0.955385
0.956404
0.957389
0.95834
0.959255
0.96013
0.960963
0.961748
0.96248
0.963153
0.963761
0.964296
0.964749
0.965114
0.965817
0.966445
0.967005
0.967504
0.967948
0.968343
0.968694
0.969005
0.969281
0.969525
0.969741
0.969931
0.970099
0.970246
0.970375
0.970488
0.970587
0.970673
0.970747
0.970812
0.970867
0.970914
0.970954
0.970988
0.971016
0.97104
0.971059
0.971074
0.971086
0.971095
0.971102
0.971106
0.971108
0.971109
0.971109
0.971107
0.971104
0.9711
0.971096
0.97109
0.971085
0.971079
0.971073
0.971066
0.971059
0.971053
0.971046
0.971039
0.971032
0.971025
0.971018
0.971012
0.971005
0.970999
0.970992
0.970986
0.97098
0.970975
0.970969
0.970964
0.970958
0.970953
0.970948
0.970944
0.970939
0.970935
0.97093
0.970926
0.970922
0.970919
0.970915
0.970912
0.970908
0.970905
0.970902
0.970899
0.970897
0.970894
0.970891
0.970889
0.970887
0.970884
0.970882
0.97088
0.970878
0.970877
0.970875
0.970873
0.970872
0.97087
0.970869
0.970867
0.970866
0.970865
0.970864
0.970862
0.970861
0.97086
0.970859
0.970858
0.970858
0.970857
0.970856
0.970855
0.970854
0.970854
0.970853
0.970852
0.970852
0.970851
0.970851
0.97085
0.97085
0.970849
0.970849
0.970848
0.970848
0.970848
0.970847
0.970847
0.970847
0.970846
0.970846
0.970846
0.970846
0.970845
0.970845
0.970845
0.970845
0.970845
0.970844
0.970844
0.970844
0.970844
0.970844
0.970843
0.970843
0.970843
0.970843
0.970843
0.970843
0.970843
0.970843
0.970843
0.970842
0.970842
0.970842
0.970842
0.970842
0.970842
0.970842
0.970842
0.970842
0.970842
0.970842
0.970842
0.970842
0.970842
0.970842
0.970842
0.970841
0.970841
0.970841
0.970841
0.970841
0.970841
0.970841
0.970841
0.970841
0.970841
0.970841
0.970841
0.970841
0.970841
0.970841
0.970841
0.970841
0.970841
0.970841
0.970841
0.970841
0.970841
0.970841
0.970841
0.971081
0.97125
0.971357
0.971413
0.971425
0.971398
0.971337
0.971243
0.971118
0.970963
0.970775
0.970553
0.970294
0.969994
0.969648
0.969251
0.968798
0.968281
0.967694
0.967029
0.966278
0.965434
0.964486
0.965596
0.9666
0.967507
0.968327
0.969068
0.969739
0.970345
0.970893
0.971389
0.971837
0.972242
0.972609
0.972941
0.973241
0.973513
0.973758
0.973981
0.974182
0.974364
0.974529
0.975221
0.975717
0.976041
0.97621
0.97624
0.976143
0.975929
0.975608
0.975186
0.974667
0.974817
0.974952
0.975075
0.975186
0.975286
0.975377
0.975459
0.975533
0.9756
0.975661
0.975716
0.975766
0.975811
0.975852
0.975889
0.975922
0.975953
0.97598
0.976005
0.976028
0.976048
0.976067
0.976084
0.976099
0.976113
0.976125
0.976137
0.976147
0.976157
0.976165
0.976173
0.97618
0.976187
0.976193
0.976198
0.976203
0.976207
0.976211
0.976215
0.976218
0.976222
0.976224
0.976227
0.976229
0.976231
0.976233
0.976235
0.976237
0.976238
0.97624
0.976241
0.976242
0.976243
0.976244
0.976245
0.976246
0.976247
0.976247
0.976248
0.976249
0.976249
0.97625
0.97625
0.976251
0.976251
0.976251
0.976252
0.976252
0.976252
0.976253
0.976253
0.976253
0.976253
0.976254
0.976254
0.976254
0.976254
0.976254
0.976254
0.976255
0.976255
0.976255
0.976255
0.976255
0.976255
0.976255
0.976255
0.976256
0.976256
0.976256
0.976256
0.976256
0.976256
0.976256
0.976256
0.976256
0.976256
0.976256
0.976256
0.976256
0.976256
0.976256
0.976256
0.976256
0.976256
0.976256
0.976256
0.976256
0.976257
0.976257
0.976257
0.976256
0.976257
0.976257
0.976257
0.976257
0.976257
0.976257
0.976257
0.976257
0.976257
0.976257
0.976257
0.976257
0.976257
0.976257
0.976257
0.976257
0.976257
0.976257
0.976257
0.976257
0.976257
0.976257
0.976257
0.976257
0.976257
0.976257
0.976257
0.976257
0.976257
0.976257
0.976257
0.976257
0.976257
0.976257
0.976257
0.976257
0.976257
0.976257
0.976257
0.976257
0.976257
0.976223
0.976083
0.975847
0.975526
0.975126
0.974654
0.974113
0.973507
0.972836
0.972102
0.971303
0.970438
0.969504
0.968497
0.967413
0.966247
0.964993
0.963646
0.962199
0.960644
0.958975
0.957183
0.95526
0.953197
0.950986
0.948618
0.946084
0.943373
0.940478
0.937388
0.934093
0.935867
0.937488
0.938968
0.940321
0.941558
0.942689
0.943724
0.944672
0.945541
0.946337
0.945398
0.944365
0.943237
0.942014
0.940697
0.939284
0.937773
0.936161
0.934444
0.93262
0.930683
0.92863
0.926454
0.924151
0.921714
0.919137
0.916414
0.913538
0.910502
0.907298
0.903919
0.900358
0.896606
0.892656
0.888499
0.884129
0.879535
0.874711
0.869648
0.864338
0.858773
0.852943
0.846843
0.840463
0.833795
0.826833
0.819567
0.811992
0.804099
0.795881
0.787332
0.778444
0.769212
0.75963
0.749692
0.739391
0.728724
0.717685
0.70627
0.694474
0.697492
0.700289
0.702881
0.705285
0.707517
0.709589
0.711515
0.713305
0.714971
0.716521
0.715115
0.713433
0.711478
0.709251
0.706752
0.703984
0.700947
0.697639
0.694061
0.690211
0.686089
0.681692
0.67702
0.67207
0.66684
0.661327
0.65553
0.649445
0.643069
0.636399
0.629434
0.622169
0.614602
0.606729
0.598548
0.590056
0.58125
0.572126
0.562684
0.552918
0.542829
0.532413
0.521668
0.510592
0.499185
0.487443
0.475367
0.462956
0.450208
0.437124
0.423703
0.409947
0.395855
0.381429
0.366672
0.351583
0.336166
0.320423
0.304358
0.287974
0.271276
0.254267
0.236953
0.219339
0.201432
0.183237
0.164761
0.146012
0.126999
0.107728
0.08821
0.068454
0.048469
0.028266
0.007857
-0.012747
-0.033535
-0.054494
-0.075609
-0.096869
-0.118259
-0.116149
-0.114131
-0.112203
-0.110362
-0.108604
-0.106926
-0.105326
-0.103799
-0.102342
-0.100954
-0.099631
-0.09837
-0.097169
-0.096025
-0.094936
-0.093898
-0.09291
-0.09197
-0.091075
-0.090223
-0.089412
-0.08864
-0.087906
-0.087208
-0.086544
-0.085912
-0.085311
-0.084739
-0.084195
-0.083678
-0.083187
-0.082719
-0.082275
-0.081852
-0.081451
-0.081069
-0.080706
-0.08036
-0.080032
-0.079721
-0.079424
-0.076329
-0.072884
-0.069092
-0.064953
-0.06047
-0.055645
-0.05048
-0.044978
-0.03914
-0.03297
-0.02647
-0.019643
-0.012491
-0.005018
0.002773
0.010879
0.019298
0.028024
0.037057
0.04639
0.056021
0.065946
0.076159
0.086658
0.097437
0.108491
0.119815
0.118248
0.116752
0.115325
0.113965
0.112667
0.11143
0.110251
0.109128
0.108057
0.107038
0.106067
0.105143
0.104262
0.103424
0.102627
0.099108
0.095252
0.091062
0.086537
0.081681
0.076495
0.070981
0.065141
0.058977
0.052492
0.045688
0.038568
0.031133
0.023387
0.015333
0.006973
0.007955
0.008888
0.009774
0.010615
0.011415
0.012174
0.012895
0.01358
0.014231
0.014849
0.015436
0.015994
0.016523
0.017026
0.017504
0.017958
0.01839
0.018799
0.019188
0.019558
0.019908
0.020242
0.020559
0.02086
0.021145
0.021417
0.021675
0.021919
0.022152
0.022373
0.022583
0.022782
0.022972
0.023152
0.023323
0.023485
0.02364
0.023786
0.023926
0.024058
0.024184
0.024303
0.024417
0.024524
0.024627
0.024724
0.024816
0.024904
0.024988
0.025067
0.025142
0.025214
0.025282
0.025346
0.025408
0.025466
0.025522
0.025574
0.025624
0.025672
0.025717
0.02576
0.025801
0.025839
0.025876
0.025911
0.025945
0.025976
0.026006
0.026035
0.026062
0.026088
0.026112
0.026136
0.026158
0.026179
0.026199
0.026218
0.026236
0.026253
0.026269
0.026285
0.0263
0.026314
0.026327
0.02634
0.026352
0.026363
0.026374
0.026385
0.026394
0.026404
0.026413
0.026421
0.026429
0.026437
0.026445
0.023613
0.020426
0.016885
0.012992
0.008748
0.004157
-0.000781
-0.006062
-0.011684
-0.017643
-0.023937
-0.030563
-0.037518
-0.044798
-0.0524
-0.060321
-0.068556
-0.077102
-0.085955
-0.09511
-0.104564
-0.114311
-0.124346
-0.134666
-0.145263
-0.156134
-0.167271
-0.17867
-0.190323
-0.202225
-0.214368
-0.226746
-0.239351
-0.252175
-0.265209
-0.278448
-0.29188
-0.305498
-0.319292
-0.333252
-0.347368
-0.36163
-0.376027
-0.390549
-0.405183
-0.419919
-0.434744
-0.449646
-0.464612
-0.479629
-0.494683
-0.509762
-0.52485
-0.539935
-0.555001
-0.570034
-0.585018
-0.599938
-0.614778
-0.629523
-0.644156
-0.658661
-0.673022
-0.687221
-0.701243
0.71507
0.728685
0.728699
0.728637
0.728509
0.728327
0.728099
0.727832
0.727534
0.72721
0.726865
0.726505
0.726133
0.725753
0.724248
0.722299
0.71993
0.717163
0.714016
0.710505
0.706644
0.702447
0.697923
0.693082
0.687932
0.688183
0.68842
0.688644
0.688856
0.689056
0.689245
0.689424
0.689594
0.689754
0.689906
0.690049
0.690185
0.690313
0.690435
0.690551
0.69066
0.690763
0.690861
0.690954
0.691042
0.691126
0.691205
0.69128
0.691351
0.691418
0.691482
0.691543
0.6916
0.691655
0.691706
0.691756
0.691802
0.691846
0.691888
0.691928
0.691966
0.692002
0.692035
0.692068
0.692098
0.692127
0.692155
0.692181
0.692206
0.69223
0.692252
0.692273
0.692294
0.692313
0.692331
0.692348
0.692365
0.69238
0.692395
0.692409
0.692422
0.692435
0.692447
0.692459
0.692469
0.69248
0.69249
0.692499
0.692508
0.692516
0.692524
0.692532
0.692539
0.692546
0.692552
0.692558
0.692564
0.69257
0.692575
0.69258
0.692585
0.692589
0.692594
0.692598
0.692601
0.692605
0.692609
0.692612
0.692615
0.692618
0.692621
0.692624
0.692626
0.692629
0.692631
0.692633
0.692635
0.692637
0.692639
0.692641
0.692643
0.692644
0.692646
0.692647
0.692649
0.69265
0.692651
0.692652
0.692654
0.692655
0.692656
0.692657
0.692658
0.692658
0.692659
0.69266
0.692661
0.692661
0.692662
0.692663
0.692663
0.692664
0.692665
0.692665
0.692666
0.692666
0.692666
0.692667
0.692667
0.692668
0.692668
0.692668
0.692669
0.692669
0.692669
0.69267
0.69267
0.69267
0.69267
0.692671
0.692671
0.692671
0.692671
0.692671
0.692672
0.692672
0.692672
0.692672
0.692672
0.692672
0.692672
0.692672
0.692672
0.692672
0.692672
0.692672
0.692672
0.692672
0.692672
0.692672
0.692672
0.692672
0.692672
0.692672
0.692672
0.692672
0.692672
0.692672
0.692672
0.692672
0.692672
0.692672
0.692672
0.692672
0.692672
0.692672
0.692672
0.692672
0.692672
0.692672
0.692672
0.692672
0.692672
0.692672
0.692672
0.692672
0.692672
0.692672
0.692672
0.692672
0.692672
0.692672
0.692672
0.692672
0.692672
0.692672
0.692672
0.692672
0.692672
0.692672
0.692672
0.692672
0.692672
0.692672
0.692672
0.692672
0.692672
0.692672
0.692672
0.692672
0.692672
0.692672
0.692672
0.692672
0.692672
0.692672
0.692672
0.692672
0.692672
0.692672
0.692672
0.692672
0.692672
0.692672
0.692672
0.692672
0.692672
0.692672
0.692672
0.692672
0.692672
0.692672
0.692672
0.692672
0.692672
0.692672
0.692672
0.692672
0.692672
0.692672
0.692672
0.69463
0.696759
0.699064
0.701554
0.70423
0.707097
0.710156
0.713406
0.716847
0.720478
0.724295
0.728296
0.732475
0.736829
0.741352
0.746037
0.750878
0.755868
0.760999
0.766263
0.771652
0.777156
0.782765
0.788472
0.794265
0.800133
0.806067
0.812055
0.818087
0.824149
0.830231
0.83632
0.842405
0.848472
0.85451
0.860504
0.866443
0.872311
0.878097
0.87872
0.87924
0.879668
0.880016
0.880293
0.880509
0.88067
0.880783
0.8807
0.880168
0.879219
0.877882
0.876181
0.87414
0.871777
0.869108
0.866148
0.862909
0.859399
0.855628
0.851602
0.847326
0.842802
0.838035
0.833024
0.827771
0.822275
0.816535
0.810548
0.804314
0.797827
0.798996
0.800083
0.801094
0.802035
0.802912
0.803729
0.804492
0.805204
0.803629
0.801814
0.799764
0.797481
0.794968
0.792225
0.789253
0.786053
0.782623
0.778964
0.775072
0.770947
0.766586
0.761986
0.757144
0.752057
0.746722
0.741134
0.735289
0.729184
0.722813
0.716174
0.70926
0.702069
0.704412
0.706587
0.708607
0.710485
0.712232
0.710922
0.709333
0.707468
0.705328
0.702914
0.700227
0.697267
0.694034
0.690527
0.686745
0.688965
0.691028
0.692946
0.694731
0.696393
0.697941
0.699384
0.70073
0.701985
0.70041
0.698552
0.696413
0.693997
0.691304
0.688336
0.685094
0.681577
0.677785
0.673718
0.669375
0.664755
0.659855
-0.654675
-0.649211
-0.643463
-0.637428
-0.631103
-0.624485
-0.617573
-0.610363
-0.602852
-0.595038
-0.586918
-0.578489
-0.569748
-0.560694
-0.551323
-0.541632
-0.53162
-0.521285
-0.510625
-0.499637
-0.488321
-0.476674
-0.464697
-0.452388
-0.439745
-0.426771
-0.413463
-0.399823
-0.385853
-0.371551
-0.356921
-0.341963
-0.326681
-0.311077
-0.295154
-0.278915
-0.262364
-0.245507
-0.228348
-0.210892
-0.193144
-0.175112
-0.156802
-0.138221
-0.119378
-0.10028
-0.080937
-0.061357
-0.04155
-0.021528
-0.0013
0.019122
0.039727
0.060501
0.081432
0.079241
0.077151
0.075158
0.073259
0.071448
0.069724
0.068081
0.066516
0.065026
0.063608
0.062257
0.060972
0.059749
0.058586
0.057479
0.056425
0.055423
0.054471
0.053564
0.052703
0.054679
0.057045
0.059798
0.062934
0.066451
0.070343
0.074608
0.079241
0.08424
0.089598
0.095313
0.10138
0.107794
0.114552
0.121647
0.129077
0.127531
0.126055
0.124646
0.123303
0.122021
0.120799
0.119634
0.118523
0.117465
0.116457
0.115497
0.114582
0.113711
0.112882
0.112092
0.111341
0.110625
0.109945
0.109297
0.108681
0.108094
0.107537
0.107006
0.106501
0.106022
0.105565
0.105131
0.104718
0.104326
0.103952
0.103598
0.10326
0.10294
0.102635
0.102345
0.10207
0.101808
0.101559
0.101323
0.101098
0.100884
0.100681
0.100488
0.100305
0.100131
0.099965
0.099808
0.099658
0.099516
0.099381
0.099253
0.099132
0.099016
0.098906
0.098801
0.098702
0.098608
0.098518
0.098433
0.098352
0.098275
0.101014
0.104096
0.107521
0.11129
0.1154
0.11985
0.124639
0.129763
0.135221
0.141009
0.147124
0.153562
0.160321
0.167397
0.174784
0.18248
0.190479
0.198777
0.207368
0.216248
0.225412
0.234853
0.244565
0.254544
0.264781
0.275272
0.286008
0.296982
0.308188
0.319617
0.331261
0.343111
0.35516
0.367398
0.379816
0.392405
0.405154
0.418053
0.431093
0.444261
0.457547
0.47094
0.484427
0.497997
0.511637
0.525335
0.539077
0.55285
0.566641
0.565926
0.565194
0.564451
0.563701
0.562951
0.562203
0.561461
0.560727
0.560005
0.559296
0.558601
0.557923
0.557261
0.556618
0.555993
0.555387
0.554799
0.554231
0.553683
0.553154
0.552644
0.552152
0.55168
0.551225
0.550789
0.550369
0.549967
0.549582
0.549212
0.548858
0.548519
0.548195
0.547885
0.547588
0.547305
0.547034
0.546775
0.546528
0.546292
0.546067
0.545852
0.545648
0.54319
0.540369
0.537193
0.53367
0.529806
0.525608
0.521081
0.51623
0.511057
0.505567
0.499761
0.493643
0.487213
0.480474
0.473425
0.466068
0.458403
0.45043
0.44215
0.433561
0.424665
0.415461
0.405948
0.396126
0.385996
0.375555
0.364806
0.353747
0.34238
0.330703
0.318718
0.320892
0.322935
0.324858
0.326666
0.328369
0.329971
0.331481
0.329819
0.32777
0.32534
0.32253
0.319345
0.315787
0.311859
0.307565
0.302906
0.297885
0.292504
0.286766
0.280672
0.274225
0.267426
0.260279
0.252783
0.244942
0.236757
0.22823
0.219363
0.210159
0.20062
0.190747
0.180544
0.170014
0.159158
0.14798
0.136484
0.124672
0.112549
0.100118
0.087384
0.07435
0.061022
0.047404
0.033502
0.019321
0.004869
-0.009851
-0.02483
-0.040062
-0.055539
-0.071254
-0.087198
-0.103363
-0.11974
-0.13632
-0.153093
-0.170049
-0.187177
-0.204467
-0.202614
-0.200832
-0.199121
-0.197478
-0.195903
-0.194393
-0.190431
-0.186121
-0.181467
-0.176473
-0.171143
-0.165482
-0.159494
-0.153182
-0.146551
-0.139604
-0.132344
-0.124774
-0.116897
-0.108717
-0.100236
-0.091457
-0.082384
-0.073017
-0.063362
-0.053419
-0.043193
-0.032686
-0.021902
-0.010843
0.000487
0.012085
0.023947
0.036068
0.048445
0.061074
0.073949
0.087065
0.085564
0.084134
0.082771
0.081473
0.080238
0.079061
0.077941
0.076875
0.07586
0.074895
0.073976
0.073102
0.07227
0.071479
0.070727
0.070011
0.06933
0.068683
0.068068
0.067483
0.064123
0.060426
0.056393
0.052025
0.047323
0.042289
0.036925
0.031232
0.025212
0.025732
0.026226
0.026694
0.02714
0.027562
0.027964
0.028345
0.028708
0.029052
0.029379
0.029689
0.029984
0.030264
0.030531
0.030783
0.031024
0.031252
0.031469
0.031674
0.03187
0.032055
0.032232
0.032399
0.032558
0.029867
0.026813
0.023398
0.019625
0.015496
0.011013
0.006179
0.000997
-0.004531
-0.010401
-0.009363
-0.008377
-0.00744
-0.00655
-0.005704
-0.0049
-0.006975
-0.009438
-0.012286
-0.015517
-0.019126
-0.02311
-0.027465
-0.026229
-0.025055
-0.023938
-0.022877
-0.021868
-0.020909
-0.019998
-0.019132
-0.018309
-0.017527
-0.016784
-0.016077
-0.015406
-0.014769
-0.014163
-0.013587
-0.013039
-0.01252
-0.012026
-0.011556
-0.01111
-0.010686
-0.013118
-0.015921
-0.019092
-0.02263
-0.026532
-0.030794
-0.035414
-0.04039
-0.045717
-0.051393
-0.057413
-0.063775
-0.062509
-0.061304
-0.060157
-0.059066
-0.058028
-0.057041
-0.056102
-0.055209
-0.05436
-0.053552
-0.052784
-0.052053
-0.051359
-0.050699
-0.050071
-0.049474
-0.048907
-0.048368
-0.047855
-0.047368
-0.046905
-0.046465
-0.046046
-0.045649
-0.045271
-0.044912
-0.044571
-0.044246
-0.043938
-0.043645
-0.043367
-0.043103
-0.042851
-0.045436
-0.048381
-0.051684
-0.055345
-0.05936
-0.063727
-0.068445
-0.073509
-0.078918
-0.084667
-0.090754
-0.097176
-0.103927
-0.111006
-0.118407
-0.126127
-0.134161
-0.142504
-0.151152
-0.160101
-0.169344
-0.178877
-0.188694
-0.198789
-0.209156
-0.219789
-0.230682
-0.241827
-0.253218
-0.264847
-0.263371
-0.26195
-0.260583
-0.259269
-0.258007
-0.256795
-0.255634
-0.254521
-0.253454
-0.25489
-0.25672
-0.25894
-0.261546
-0.264533
-0.267897
-0.271632
-0.275734
-0.280196
-0.285015
-0.290182
-0.295694
-0.301545
-0.307726
-0.314233
-0.321058
-0.328196
-0.335638
-0.343378
-0.351408
-0.359722
-0.36831
-0.377166
-0.386281
-0.395647
-0.405254
-0.415093
-0.425157
-0.435434
-0.445917
-0.456594
-0.467456
-0.478491
-0.48969
-0.50104
-0.512532
-0.524154
-0.535893
-0.547738
-0.559676
-0.571694
-0.583781
-0.595921
-0.608103
-0.620313
-0.61982
-0.61929
-0.618731
-0.61815
-0.618675
-0.619544
-0.620749
-0.622286
-0.624149
-0.62633
-0.628822
-0.628287
-0.62773
-0.627156
-0.626571
-0.625979
-0.625384
-0.624789
-0.624198
-0.623612
-0.623035
-0.622467
-0.621909
-0.621364
-0.620832
-0.621918
-0.623302
-0.624982
-0.626955
-0.629218
-0.631767
-0.634597
-0.637704
-0.641081
-0.644723
-0.648623
-0.652775
-0.657171
-0.661804
-0.666667
-0.67175
-0.677046
-0.682546
-0.68824
-0.694119
-0.700174
-0.706395
0.712771
0.719293
0.725948
0.732727
0.739618
0.746609
0.753689
0.760846
0.768067
0.775341
0.782654
0.789994
0.797348
0.804702
0.812044
0.819359
0.826633
0.833854
0.841006
0.848076
0.855049
0.861911
0.868647
0.875242
0.881682
0.887952
0.894038
0.899923
0.905594
0.911035
0.916232
0.921169
0.925832
0.930205
0.93161
0.932849
0.933939
0.934897
0.935735
0.936468
0.937107
0.937661
0.938141
0.938554
0.938908
0.93921
0.939465
0.939679
0.939857
0.940003
0.940121
0.940215
0.940287
0.94034
0.940376
0.940398
0.940408
0.940494
0.94065
0.940877
0.941178
0.941552
0.941997
0.942513
0.943097
0.943744
0.94445
0.945211
0.946021
0.946873
0.947761
0.948678
0.949616
0.950566
0.951521
0.95247
0.953406
0.954318
0.955197
0.956032
0.956813
0.95753
0.958171
0.958726
0.960029
0.961194
0.962236
0.963168
0.964
0.964742
0.965404
0.965994
0.966519
0.966987
0.967402
0.96777
0.968096
0.968385
0.968641
0.968866
0.969065
0.969239
0.969393
0.969527
0.969644
0.969746
0.969834
0.96991
0.969976
0.970032
0.97008
0.97012
0.969984
0.969832
0.969671
0.969504
0.969333
0.96916
0.968985
0.968808
0.968625
0.968435
0.968234
0.968018
0.967781
0.967518
0.967223
0.96689
0.966511
0.966078
0.965584
0.96502
0.96613
0.967131
0.968033
0.968847
0.969579
0.970239
0.970834
0.97137
0.971852
0.972287
0.972678
0.97303
0.973347
0.973632
0.973889
0.97412
0.974327
0.974514
0.974682
0.974833
0.974968
0.97509
0.9752
0.975298
0.975386
0.975466
0.975536
0.9756
0.975657
0.975708
0.975754
0.975468
0.975119
0.974714
0.974259
0.973758
0.973213
0.972625
0.971995
0.971321
0.970602
0.969835
0.969018
0.968144
0.968885
0.969555
0.970162
0.970711
0.971208
0.971657
0.972064
0.972432
0.972766
0.973068
0.973341
0.973588
0.973813
0.974016
0.9742
0.974367
0.974518
0.974655
0.974779
0.974892
0.974995
0.975088
0.975172
0.975248
0.975318
0.975381
0.975438
0.975491
0.975538
0.975581
0.975621
0.975656
0.975689
0.975718
0.975746
0.97577
0.975793
0.975813
0.975832
0.975849
0.975865
0.975879
0.975892
0.975904
0.975915
0.975925
0.975934
0.975942
0.97595
0.975957
0.975964
0.97597
0.975975
0.97598
0.975985
0.975989
0.975993
0.975997
0.976
0.976004
0.976006
0.976009
0.976012
0.976014
0.976016
0.976018
0.97602
0.976022
0.976023
0.976025
0.976026
0.976027
0.976028
0.97603
0.97603
0.976031
0.976032
0.976033
0.976034
0.976035
0.976035
0.976036
0.976037
0.976037
0.976038
0.976038
0.976039
0.976039
0.97604
0.97604
0.976057
0.975971
0.975793
0.975533
0.975198
0.974794
0.974325
0.973795
0.973205
0.972554
0.971843
0.97107
0.970232
0.969324
0.968344
0.967286
0.966145
0.964914
0.963587
0.962156
0.960615
0.958954
0.957167
0.955243
0.953176
0.950954
0.94857
0.946014
0.943276
0.940346
0.937215
0.933873
0.93031
0.926516
0.922481
0.918195
0.913648
0.915743
0.917661
0.919416
0.921025
0.922499
0.923851
0.925091
0.926229
0.927275
0.926275
0.925157
0.923921
0.922566
0.921092
0.919498
0.917781
0.915939
0.913969
0.911866
0.909627
0.907248
0.904723
0.902048
0.899216
0.896222
0.893059
0.889721
0.886202
0.882495
0.878593
0.874488
0.870174
0.865642
0.860887
0.855899
0.850672
0.845198
0.839469
0.833478
0.827218
0.820681
0.813859
0.806746
0.799334
0.791616
0.783586
0.775237
0.766562
0.757555
0.748211
0.738523
0.728487
0.718096
0.707347
0.696234
0.684753
0.672901
0.660674
0.648068
-0.635082
-0.621714
-0.60796
-0.593821
-0.579294
-0.564381
-0.54908
-0.533393
-0.51732
-0.500863
-0.484025
-0.466808
-0.449216
-0.431251
-0.434297
-0.437143
-0.439806
-0.442297
-0.44463
-0.446814
-0.44886
-0.450778
-0.452577
-0.454265
-0.455849
-0.454245
-0.452277
-0.449949
-0.447264
-0.444225
-0.440835
-0.437095
-0.433008
-0.428576
-0.423799
-0.418679
-0.413217
-0.407415
-0.401273
-0.394791
-0.387971
-0.380813
-0.373318
-0.365487
-0.357319
-0.348815
-0.339977
-0.330805
-0.321299
-0.311461
-0.301292
-0.290793
-0.279964
-0.268809
-0.257328
-0.245523
-0.233398
-0.220952
-0.208191
-0.195116
-0.181731
-0.168038
-0.154043
-0.139749
-0.125161
-0.110283
-0.095121
-0.07968
-0.063967
-0.047987
-0.031747
-0.015254
0.001483
0.018458
0.016172
0.013998
0.011932
0.009968
0.008101
0.006328
0.004642
0.003041
0.00152
0.000074
-0.001298
-0.002603
-0.003842
-0.005019
-0.003284
-0.001145
0.001394
0.00433
0.007659
0.011375
0.015476
0.01399
0.012576
0.011233
0.009957
0.008744
0.007592
0.006497
0.005456
0.004468
0.003529
0.002637
0.001789
0.000984
0.000219
-0.000508
-0.001198
-0.001854
-0.002478
-0.003069
-0.003632
-0.004166
-0.004673
-0.005155
-0.005613
-0.006048
-0.006461
-0.006853
-0.007226
-0.00758
-0.007917
-0.008236
-0.00854
-0.008828
-0.009102
-0.009362
-0.009609
-0.009844
-0.010067
-0.010278
-0.01048
-0.010671
-0.010852
-0.011025
-0.011189
-0.011344
-0.011492
-0.011633
-0.011766
-0.011893
-0.012013
-0.012127
-0.012236
-0.012339
-0.012437
-0.01253
-0.012618
-0.012702
-0.012782
-0.012857
-0.012929
-0.012998
-0.013063
-0.013124
-0.013183
-0.013238
-0.013291
-0.013341
-0.013389
-0.013434
-0.013477
-0.013518
-0.013557
-0.013593
-0.013628
-0.013662
-0.013693
-0.013723
-0.013752
-0.013779
-0.013804
-0.013829
-0.013852
-0.013874
-0.013895
-0.013914
-0.013933
-0.013951
-0.013968
-0.013984
-0.013999
-0.014014
-0.014027
-0.01404
-0.014053
-0.014065
-0.014076
-0.014086
-0.014096
-0.014106
-0.014115
-0.014123
-0.014132
-0.014139
-0.014147
-0.011792
-0.009554
-0.007798
-0.006322
-0.005094
-0.004086
-0.00327
-0.002624
-0.002127
-0.00176
-0.001507
-0.001351
-0.001282
-0.001286
-0.002582
-0.003752
-0.004809
-0.005764
-0.006626
-0.007405
-0.008108
-0.008742
-0.009315
-0.009832
-0.010299
-0.010721
-0.011101
-0.011445
-0.011755
-0.012035
-0.011768
-0.011552
-0.01138
-0.011247
-0.011148
-0.011079
-0.011035
-0.011013
-0.01101
-0.011023
-0.011051
-0.011091
-0.011434
-0.011744
-0.012025
-0.012277
-0.012506
-0.012712
-0.013876
-0.014876
-0.015731
-0.01671
-0.017767
-0.017798
-0.017807
-0.017798
-0.017773
-0.017734
-0.017684
-0.017624
-0.017557
-0.017482
-0.017404
-0.01732
-0.017234
-0.017145
-0.017056
-0.016965
-0.016874
-0.016783
-0.016693
-0.016604
-0.016516
-0.01643
-0.016345
-0.016263
-0.016182
-0.016104
-0.016028
-0.015954
-0.015882
-0.015813
-0.015746
-0.015681
-0.015619
-0.015559
-0.015501
-0.015445
-0.015392
-0.01534
-0.015291
-0.015244
-0.015198
-0.015155
-0.015113
-0.015073
-0.015035
-0.014999
-0.014964
-0.014931
-0.014899
-0.014868
-0.014839
-0.014812
-0.014785
-0.01476
-0.014736
-0.014713
-0.014691
-0.01467
-0.01465
-0.014631
-0.014613
-0.014595
-0.014579
-0.014563
-0.014548
-0.014534
-0.01452
-0.014507
-0.014495
-0.014483
-0.014472
-0.014461
-0.014451
-0.014441
-0.014432
-0.014423
-0.014415
-0.014407
-0.014399
-0.014392
-0.014385
-0.014379
-0.014372
-0.014366
-0.014361
-0.014356
-0.01435
-0.014345
-0.014341
-0.014336
-0.014331
-0.014328
-0.014324
-0.01432
-0.014316
-0.014313
-0.01431
-0.014306
-0.014303
-0.014301
-0.014298
-0.014295
-0.014293
-0.014291
-0.014289
-0.014287
-0.014285
-0.014283
-0.014281
-0.014279
-0.014278
-0.014276
-0.014274
-0.014273
-0.014271
-0.01427
-0.014269
-0.014267
-0.014266
-0.014265
-0.014264
-0.014263
-0.014262
-0.014261
-0.01426
-0.014259
-0.014258
-0.014257
-0.014256
-0.014255
-0.014254
-0.014254
-0.014253
-0.014253
-0.014252
-0.014251
-0.01425
-0.01425
-0.014249
-0.014248
-0.014248
-0.014248
-0.014247
-0.014247
-0.014246
-0.014246
-0.014245
-0.014245
-0.014244
-0.014244
-0.014244
-0.014243
-0.014243
-0.014242
-0.014242
-0.014242
-0.014241
-0.014241
-0.014241
-0.014241
-0.01424
-0.01424
-0.014239
-0.014239
-0.014239
-0.014238
-0.014238
-0.014238
-0.014238
-0.014238
-0.014237
-0.014237
-0.014237
-0.014236
-0.014236
-0.014236
-0.014236
-0.014236
-0.014236
-0.014236
-0.014236
-0.014236
-0.014236
-0.014236
-0.014236
-0.014236
-0.014236
-0.014236
-0.014236
-0.014236
-0.014236
-0.014236
-0.014236
-0.014236
-0.014236
-0.014236
-0.014236
-0.014236
-0.014236
-0.014236
-0.014236
-0.014236
-0.014236
-0.014236
-0.014236
-0.014236
-0.014236
-0.014236
-0.014236
-0.014236
-0.014236
-0.014236
-0.014236
-0.014236
-0.014236
-0.014236
-0.014236
-0.014236
-0.014236
-0.014236
-0.014236
-0.014236
-0.014236
-0.014236
-0.014236
-0.014236
-0.014236
-0.014236
-0.014236
-0.014236
-0.014236
-0.014236
-0.014236
-0.014236
-0.014236
-0.014236
-0.014236
-0.014236
-0.014236
-0.014236
-0.014236
-0.014236
-0.014236
-0.014236
-0.014236
-0.014236
-0.014236
-0.014236
-0.014236
-0.014236
-0.014236
-0.014236
-0.014236
-0.014236
-0.014236
-0.014236
-0.014236
-0.014236
-0.014236
-0.014236
-0.014236
-0.014236
-0.014236
-0.014236
-0.014236
-0.014236
-0.014236
-0.014236
-0.014236
-0.014236
-0.014236
-0.014236
-0.014236
-0.014236
-0.014236
-0.014236
-0.014236
-0.014236
-0.014236
-0.014236
-0.014236
-0.014236
-0.014236
-0.014236
-0.014236
-0.014236
-0.014236
-0.014236
-0.014236
-0.014236
-0.014236
-0.014236
-0.011875
-0.00963
-0.007496
-0.005468
-0.003542
-0.001711
0.000028
0.001681
0.00325
0.004741
0.006158
0.007503
0.006417
0.005384
0.004404
0.003471
0.002586
0.001745
0.000946
0.000187
-0.000534
-0.001219
-0.00187
-0.002488
-0.005441
-0.008245
-0.010907
-0.013436
-0.015835
-0.018113
-0.020275
-0.022328
-0.024275
-0.026124
-0.027878
-0.027198
-0.02655
-0.025936
-0.025351
-0.024797
-0.024269
-0.023768
-0.023291
-0.022838
-0.022408
-0.022
-0.021611
-0.021242
-0.020892
-0.020559
-0.020242
-0.019941
-0.019656
-0.019384
-0.019126
-0.01888
-0.018648
-0.018426
-0.018216
-0.018016
-0.017826
-0.017646
-0.017474
-0.017312
-0.017157
-0.01701
-0.01687
-0.019572
-0.022631
-0.026045
-0.029814
-0.033935
-0.038405
-0.043223
-0.048386
-0.053891
-0.059736
-0.065916
-0.07243
-0.079272
-0.086441
-0.093931
-0.101739
-0.109861
-0.118293
-0.12703
-0.136068
-0.145401
-0.155025
-0.164935
-0.175124
-0.185588
-0.19632
-0.207314
-0.218564
-0.230062
-0.241803
-0.253778
-0.26598
-0.278401
-0.291033
-0.303868
-0.316896
-0.330109
-0.343496
-0.357049
-0.370757
-0.38461
-0.398596
-0.412706
-0.426927
-0.441248
-0.455656
-0.470139
-0.484685
-0.49928
-0.513911
-0.528565
-0.543227
-0.557884
-0.57252
-0.587121
-0.601671
-0.616156
-0.63056
-0.644867
-0.659061
-0.673127
-0.687046
-0.700804
0.714382
0.727766
0.740936
0.753877
0.76657
0.779
0.779287
0.779478
0.779586
0.779623
0.779598
0.77952
0.779398
0.779238
0.779046
0.778828
0.778589
0.778333
0.778063
0.777783
0.777495
0.777203
0.776908
0.776612
0.775488
0.774256
0.772938
0.771552
0.770115
0.768642
0.767145
0.765635
0.764122
0.762613
0.761115
0.759634
0.758176
0.756743
0.75534
0.753969
0.752632
0.751332
0.750068
0.748842
0.747655
0.746508
0.745399
0.744329
0.743298
0.742304
0.741349
0.74043
0.742195
0.743835
0.74536
0.746779
0.748099
0.749329
0.750475
0.751544
0.752541
0.753472
0.754342
0.755155
0.755915
0.756626
0.757292
0.757915
0.758499
0.759047
0.759561
0.760043
0.760496
0.760921
0.761321
0.761697
0.76205
0.762383
0.762695
0.76299
0.763268
0.76353
0.763776
0.764009
0.764228
0.764435
0.76463
0.764815
0.764989
0.765154
0.765309
0.765456
0.767451
0.769549
0.771761
0.774097
0.776562
0.779163
0.781904
0.784786
0.787811
0.790978
0.794286
0.797734
0.801317
0.805032
0.808873
0.812836
0.816915
0.821102
0.825391
0.829773
0.83424
0.838784
0.843395
0.848064
0.85278
0.857534
0.862315
0.867112
0.871913
0.876707
0.881482
0.886227
0.890929
0.895575
0.900152
0.904649
0.909052
0.913348
0.917523
0.921564
0.925459
0.929192
0.932751
0.936122
0.939291
0.942244
0.944968
0.947449
0.949672
0.951626
0.953295
0.954667
0.955728
0.956465
0.956865
0.956914
0.9566
0.955911
0.954834
0.953357
0.951468
0.949156
0.951367
0.953371
0.955189
0.956838
0.958334
0.959691
0.960922
0.96204
0.963054
0.963976
0.964812
0.965573
0.966263
0.966891
0.967462
0.967981
0.968454
0.968884
0.969275
0.969632
0.969956
0.970252
0.970522
0.970768
0.970993
0.971198
0.971386
0.971557
0.971713
0.971857
0.971987
0.972107
0.972217
0.972318
0.972411
0.973001
0.973453
0.973784
0.974008
0.974138
0.974183
0.974152
0.97405
0.973882
0.973651
0.973358
0.973004
0.972587
0.972106
0.971557
0.970937
0.970241
0.969465
0.968602
0.967645
0.966588
0.965423
0.966361
0.96721
0.967979
0.968675
0.969306
0.969878
0.970396
0.970866
0.971292
0.971678
0.972028
0.972346
0.972634
0.972895
0.973133
0.973348
0.973544
0.973722
0.973884
0.974031
0.974165
0.974286
0.97378
0.973203
0.97256
0.971857
0.971095
0.970277
0.969402
0.968471
0.967481
0.966431
0.965318
0.964137
0.962884
0.961555
0.960143
0.958642
0.957047
0.955348
0.953541
0.951616
0.949566
0.947382
0.945057
0.94258
0.939944
0.937138
0.934155
0.930984
0.927616
0.924042
0.920252
0.916235
0.911984
0.907488
0.909658
0.911646
0.913466
0.915135
0.916666
0.91807
0.91936
0.920544
0.921633
0.922634
0.923555
0.924403
0.925184
0.925904
0.926568
0.927181
0.927747
0.92827
0.928753
0.929201
0.931028
0.93273
0.93433
0.935849
0.937303
0.938706
0.938684
0.938663
0.938643
0.938624
0.938606
0.938589
0.938572
0.938556
0.938541
0.938527
0.938513
0.9385
0.938487
0.937676
0.936656
0.935439
0.934037
0.932456
0.930704
0.928786
0.926704
0.924463
0.922062
0.919503
0.916785
0.913906
0.910863
0.907655
0.904278
0.900726
0.896997
0.893084
0.888982
0.884686
0.880189
0.875484
0.870566
0.865427
0.860061
0.85446
0.848616
0.842524
0.836176
0.829563
0.82268
0.815519
0.808072
0.800332
0.792294
0.783949
0.775292
0.766315
0.757013
0.74738
0.73741
0.727097
0.716436
0.705422
0.708155
0.710688
0.713037
0.715217
0.717241
0.719122
0.72087
0.722496
0.724009
0.725419
0.726732
0.727957
0.729099
0.730165
0.731161
0.732092
0.732962
0.733776
0.734537
0.735251
0.73592
0.736546
0.737134
0.737685
0.738203
0.738689
0.739146
0.739576
0.739979
0.740359
0.740717
0.741053
0.74137
0.741669
0.741951
0.742216
0.742467
0.742703
0.742926
0.743137
0.743335
0.743523
0.743701
0.743868
0.744026
0.744176
0.744318
0.744452
0.744579
0.744699
0.744812
0.74492
0.745021
0.745118
0.745209
0.747169
0.749255
0.751476
0.753841
0.756356
0.759024
0.761849
0.764832
0.767973
0.771273
0.770971
0.770674
0.770381
0.770093
0.769811
0.769535
0.769266
0.769005
0.768751
0.768504
0.768266
0.768035
0.767811
0.767596
0.767389
0.767189
0.766996
0.766811
0.766634
0.766463
0.766299
0.766142
0.765992
0.765847
0.765709
0.765577
0.765451
0.76533
0.765214
0.765104
0.764998
0.764898
0.764802
0.76471
0.762917
0.760807
0.758391
0.755678
0.752677
0.749394
0.745835
0.742005
0.742597
0.743152
0.743673
0.744162
0.744622
0.745054
0.74546
0.745842
0.746201
0.746539
0.746858
0.747158
0.747441
0.747707
0.747959
0.748196
0.74842
0.748631
0.74883
0.749019
0.749196
0.749365
0.749524
0.749674
0.749816
0.74995
0.750077
0.750197
0.750311
0.750419
0.750521
0.750617
0.750708
0.748848
0.746687
0.744234
0.741496
0.738478
0.735187
0.731626
0.727797
0.723703
0.719346
0.714726
0.709843
0.71101
0.7121
0.713118
0.714071
0.714961
0.715795
0.716576
0.717307
0.717993
0.718636
0.721567
0.724547
0.727595
0.730726
0.733952
0.737284
0.740729
0.744295
0.747985
0.751804
0.755751
0.759828
0.764035
0.768369
0.772827
0.777406
0.782102
0.786909
0.791822
0.796833
0.801937
0.807124
0.812387
0.817718
0.823107
0.828545
0.834021
0.839526
0.845049
0.850578
0.856104
0.861613
0.867094
0.872535
0.877924
0.883247
0.888494
0.893649
0.898701
0.903637
0.908441
0.913102
0.917605
0.921937
0.926084
0.930032
0.933767
0.937275
0.940543
0.943556
0.946301
0.948764
0.950931
0.952788
0.954322
0.95552
0.956368
0.956853
0.956962
0.956683
0.958611
0.96035
0.961916
0.963328
0.964601
0.965747
0.96678
0.96771
0.968548
0.969302
0.969981
0.970592
0.971142
0.971637
0.972082
0.972482
0.972842
0.973166
0.973457
0.973718
0.973953
0.974164
0.974353
0.974523
0.974675
0.974812
0.974934
0.975044
0.975143
0.975231
0.975309
0.97538
0.975443
0.975499
0.97555
0.975267
0.974928
0.974538
0.974104
0.973628
0.973113
0.97256
0.971969
0.971338
0.970667
0.969951
0.969188
0.968373
0.969117
0.96979
0.970398
0.970948
0.971446
0.971895
0.972302
0.972669
0.973002
0.973302
0.973574
0.97382
0.974042
0.974244
0.974426
0.97459
0.97474
0.974875
0.974997
0.975108
0.975208
0.975299
0.975381
0.975455
0.975523
0.975584
0.975639
0.97569
0.975735
0.975777
0.975814
0.975848
0.975879
0.975907
0.975933
0.975956
0.975977
0.975996
0.976014
0.976029
0.976044
0.976057
0.976069
0.97608
0.97609
0.976099
0.976107
0.976115
0.976122
0.976128
0.976134
0.976139
0.976143
0.976148
0.976152
0.976156
0.976159
0.976162
0.976165
0.976168
0.97617
0.976172
0.976174
0.976176
0.976178
0.976179
0.976181
0.976182
0.976184
0.976185
0.976186
0.976187
0.976188
0.976189
0.976189
0.97619
0.976191
0.976191
0.976192
0.976192
0.976193
0.976193
0.976194
0.976194
0.976195
0.976195
0.976195
0.976196
0.976196
0.976196
0.976197
0.976197
0.976197
0.976197
0.976197
0.976197
0.976198
0.976198
0.976198
0.976198
0.976198
0.976198
0.976199
0.976199
0.976199
0.976199
0.976199
0.976199
0.976199
0.976199
0.976199
0.976199
0.976199
0.976199
0.976199
0.9762
0.9762
0.9762
0.9762
0.9762
0.9762
0.9762
0.9762
0.9762
0.9762
0.9762
0.9762
0.9762
0.9762
0.9762
0.9762
0.9762
0.9762
0.9762
0.9762
0.9762
0.9762
0.9762
0.9762
0.9762
0.9762
0.9762
0.9762
0.9762
0.9762
0.9762
0.9762
0.9762
0.9762
0.976181
0.976057
0.97584
0.975538
0.97516
0.974711
0.974195
0.973616
0.972974
0.97227
0.971503
0.970671
0.969771
0.968801
0.967755
0.966629
0.965417
0.964113
0.96271
0.961202
0.95958
0.957837
0.955964
0.953953
0.951796
0.949483
0.947004
0.944351
0.941514
0.938484
0.93525
0.931803
0.928133
0.92423
0.920085
0.915687
0.911026
0.906094
0.90088
0.895375
0.88957
0.883456
0.877022
0.870262
0.863166
0.855725
0.847932
0.839779
0.831258
0.822362
0.813085
0.803419
0.793359
0.782898
0.772032
0.760756
0.749065
0.736954
0.739893
0.742611
0.745127
0.747457
0.749616
0.751617
0.753474
0.755197
0.756798
0.758285
0.759669
0.760956
0.762154
0.763271
0.764312
0.765282
0.766188
0.767034
0.767824
0.768562
0.769253
0.7699
0.770505
0.771072
0.771604
0.772102
0.77257
0.773008
0.775559
0.777863
0.779945
0.781825
0.783523
0.785057
0.786442
0.789115
0.791366
0.793244
0.794792
0.79605
0.797052
0.79783
0.798411
0.798822
0.799084
0.799216
0.799238
0.799164
0.799008
0.798784
0.798501
0.79817
0.798098
0.797996
0.79828
0.798437
0.798482
0.798433
0.798302
0.798102
0.797844
0.797537
0.79719
0.79681
0.796403
0.79552
0.794457
0.793245
0.791913
0.790484
0.790321
0.790134
0.789925
0.7897
0.789461
0.789212
0.788955
0.788693
0.788428
0.788161
0.787894
0.787629
0.788671
0.789571
0.790344
0.791005
0.791567
0.792041
0.792437
0.792765
0.793032
0.793246
0.792798
0.792354
0.791914
0.79148
0.792098
0.792938
0.794001
0.795285
0.796787
0.798504
0.800431
0.802562
0.804894
0.807419
0.81013
0.813021
0.816083
0.81931
0.822691
0.826219
0.829885
0.833678
0.837589
0.841609
0.845725
0.84993
0.850089
0.850183
0.850221
0.850211
0.850159
0.850072
0.849956
0.849814
0.849652
0.849473
0.849281
0.849613
0.850138
0.850854
0.851759
0.852849
0.85412
0.855568
0.857188
0.858973
0.860918
0.863016
0.86526
0.867641
0.870153
0.872785
0.87553
0.878378
0.88132
0.884346
0.887446
0.89061
0.893826
0.897085
0.900374
0.903682
0.906999
0.910311
0.913607
0.916875
0.920103
0.923277
0.926386
0.929416
0.932355
0.935189
0.937906
0.940493
0.942935
0.94522
0.947335
0.949265
0.950999
0.952521
0.95382
0.954881
0.955692
0.956239
0.956509
0.956489
0.958426
0.960171
0.961742
0.964791
0.967336
0.969437
0.971145
0.972508
0.973568
0.974363
0.974927
0.97529
0.975479
0.975516
0.975425
0.975224
0.974929
0.974556
0.974116
0.973623
0.973086
0.972513
0.971914
0.971294
0.97066
0.970016
0.969368
0.968719
0.968072
0.96743
0.968155
0.968811
0.970533
0.971959
0.973122
0.974052
0.974775
0.975311
0.975681
0.975898
0.975978
0.975929
0.975762
0.975481
0.975093
0.974601
0.974005
0.973308
0.972507
0.971601
0.970587
0.969462
0.968221
0.966858
0.965369
0.963746
0.961982
0.960071
0.958004
0.959047
0.959996
0.96086
0.961647
0.962364
0.963018
0.963614
0.964158
0.964654
0.965107
0.965521
0.965899
0.966244
0.96656
0.96685
0.968012
0.968994
0.969817
0.970504
0.971069
0.971527
0.971889
0.972165
0.972363
0.972487
0.972541
0.972528
0.972449
0.972303
0.972089
0.971804
0.971446
0.971009
0.970488
0.969879
0.969174
0.969874
0.970506
0.971076
0.97159
0.972053
0.972471
0.972848
0.973188
0.973495
0.973771
0.97402
0.974245
0.974447
0.97463
0.974794
0.974942
0.975076
0.975196
0.975304
0.975402
0.97549
0.975569
0.975641
0.975705
0.975763
0.975815
0.975862
0.975904
0.975942
0.975976
0.976006
0.976034
0.976059
0.976081
0.976242
0.976265
0.97617
0.975974
0.975692
0.975339
0.974925
0.974462
0.97396
0.973425
0.972866
0.972275
0.971656
0.97101
0.970338
0.96964
0.968915
0.968161
0.967374
0.966552
0.965691
0.964785
0.96383
0.962821
0.961749
0.96061
0.961852
0.962977
0.963998
0.964924
0.965764
0.966527
0.967219
0.967848
0.969545
0.970963
0.972135
0.973088
0.973847
0.974433
0.974864
0.975156
0.97532
0.975366
0.975304
0.975138
0.974874
0.974513
0.974059
0.97351
0.972865
0.972123
0.97252
0.97288
0.973204
0.973497
0.973762
0.974002
0.974218
0.974414
0.97459
0.97475
0.974894
0.975025
0.975604
0.975996
0.97622
0.976294
0.976232
0.976047
0.975748
0.975343
0.975806
0.976095
0.976232
0.976239
0.976134
0.975933
0.975652
0.975303
0.974897
0.975034
0.975158
0.975269
0.97537
0.97583
0.976112
0.976235
0.976215
0.976069
0.975807
0.975441
0.974978
0.974424
0.973784
0.973062
0.972259
0.971375
0.970409
0.969361
0.968228
0.967007
0.965692
0.96428
0.962764
0.961139
0.959399
0.957536
0.955543
0.953411
0.951134
0.948702
0.946106
0.943339
0.940391
0.937252
0.933914
0.930367
0.932099
0.933683
0.935132
0.936457
0.93767
0.93878
0.939798
0.940731
0.941587
0.942372
0.943093
0.943755
0.944364
0.944924
0.945439
0.945914
0.946351
0.946754
0.947126
0.94747
0.947787
0.94808
0.948352
0.949691
0.950912
0.952035
0.953076
0.95405
0.95497
0.955845
0.956683
0.957489
0.958268
0.959022
0.959752
0.960458
0.961139
0.961793
0.962415
0.963002
0.963549
0.96405
0.964499
0.964888
0.96521
0.965458
0.965622
0.965694
0.965665
0.965524
0.965263
0.96487
0.964336
0.963651
0.962802
0.961781
0.963153
0.964394
0.965515
0.966529
0.967445
0.968274
0.969022
0.969699
0.970312
0.969678
0.969026
0.968355
0.967664
0.966951
0.966216
0.965453
0.964661
0.963834
0.962968
0.962058
0.961098
0.960081
0.959002
0.957853
0.956626
0.955315
0.953911
0.952407
0.950792
0.94906
0.947201
0.945205
0.943064
0.940769
0.938309
0.935675
0.932858
0.929847
0.926633
0.923206
0.919557
0.915674
0.911549
0.907172
0.902533
0.897623
0.892432
0.88695
0.88117
0.87508
0.868673
0.86194
0.854873
0.847463
0.839702
0.831583
0.823098
0.814241
0.805004
0.795381
0.785366
0.774953
0.764137
0.752914
0.741279
0.729227
0.716756
0.703862
0.706947
0.709804
0.712451
0.714904
0.71718
0.719292
0.721254
0.723076
0.727319
0.731133
0.734558
0.737633
0.740393
0.742868
0.745086
0.747072
0.748851
0.750442
0.751864
0.753135
0.75427
0.756756
0.758857
0.760617
0.762075
0.763267
0.764225
0.764977
0.765549
0.765963
0.76624
0.766399
0.766455
0.766422
0.766314
0.766141
0.765914
0.765642
0.765333
0.764992
0.764628
0.764243
0.763844
0.763435
0.763018
0.762598
0.762176
0.761755
0.761336
0.760923
0.760515
0.760114
0.759721
0.759337
0.758962
0.758597
0.758242
0.757898
0.757565
0.757242
0.756931
0.75663
0.756339
0.75606
0.755791
0.756694
0.757497
0.759492
0.761158
0.762533
0.763651
0.764544
0.765238
0.76576
0.76613
0.766368
0.766493
0.766519
0.766461
0.766331
0.766139
0.765371
0.764051
0.76222
0.759913
0.75716
0.75399
0.750425
0.746487
0.742194
0.737559
0.732597
0.727319
0.721733
0.715846
0.709665
0.703195
0.696439
0.689399
0.682078
-0.674475
-0.666593
-0.658429
-0.649983
-0.641254
-0.642377
-0.64343
-0.644418
-0.645344
-0.646214
-0.647031
-0.647798
-0.64852
-0.649198
-0.649835
-0.650436
-0.651001
-0.651533
-0.649557
-0.647267
-0.644669
-0.641766
-0.638564
-0.635065
-0.631271
-0.627184
-0.628417
-0.629572
-0.630654
-0.631668
-0.63262
-0.633513
-0.634351
-0.635139
-0.635879
-0.636574
-0.637228
-0.637844
-0.638423
-0.638968
-0.636971
-0.634657
-0.632032
-0.6291
-0.625865
-0.62233
-0.618496
-0.614367
-0.609943
-0.605224
-0.606635
-0.607956
-0.609193
-0.610352
-0.611438
-0.612457
-0.613413
-0.61431
-0.615153
-0.615945
-0.61669
-0.617389
-0.618047
-0.618667
-0.61925
-0.6198
-0.620317
-0.620805
-0.621265
-0.621698
-0.622107
-0.622493
-0.622858
-0.623202
-0.623527
-0.623834
-0.624124
-0.624398
-0.624657
-0.624902
-0.625134
-0.625353
-0.62556
-0.625757
-0.625943
-0.626118
-0.626285
-0.626442
-0.626592
-0.626733
-0.626867
-0.626994
-0.627114
-0.627228
-0.627336
-0.627438
-0.627535
-0.627627
-0.627715
-0.627797
-0.627876
-0.62795
-0.628021
-0.628088
-0.628151
-0.628211
-0.628269
-0.628323
-0.628375
-0.628424
-0.62847
-0.628514
-0.628556
-0.628596
-0.628633
-0.628669
-0.628703
-0.628735
-0.628765
-0.628795
-0.628822
-0.628848
-0.628873
-0.628896
-0.628919
-0.626715
-0.624173
-0.6213
-0.618103
-0.614589
-0.610762
-0.606626
-0.602186
-0.597444
-0.592402
-0.587062
-0.581425
-0.575492
-0.569263
-0.562738
-0.555917
-0.548798
-0.541382
-0.533667
-0.525652
-0.517336
-0.508717
-0.499794
-0.490565
-0.481029
-0.483095
-0.485029
-0.486842
-0.48854
-0.490133
-0.491627
-0.49303
-0.494347
-0.495584
-0.496747
-0.49784
-0.495952
-0.493716
-0.491134
-0.488212
-0.48495
-0.481352
-0.47742
-0.473155
-0.468559
-0.463633
-0.458378
-0.452796
-0.446885
-0.440648
-0.434083
-0.427193
-0.419975
-0.412432
-0.404562
-0.396366
-0.398638
-0.400769
-0.402768
-0.404646
-0.406408
-0.408064
-0.409621
-0.411084
-0.412461
-0.413756
-0.414976
-0.416124
-0.417205
-0.418224
-0.419184
-0.42009
-0.420944
-0.42175
-0.42251
-0.423228
-0.423905
-0.424545
-0.42515
-0.425722
-0.426262
-0.426772
-0.427255
-0.427712
-0.428144
-0.428553
-0.428939
-0.429306
-0.429652
-0.431295
-0.43278
-0.434121
-0.435333
-0.436427
-0.437415
-0.438308
-0.439114
-0.439841
-0.440499
-0.441092
-0.441627
-0.442111
-0.442548
-0.442942
-0.443297
-0.443619
-0.443909
-0.44417
-0.444406
-0.44506
-0.445576
-0.445972
-0.446263
-0.446462
-0.446581
-0.446582
-0.446584
-0.446585
-0.446586
-0.446587
-0.446502
-0.446378
-0.446221
-0.446036
-0.445829
-0.445603
-0.445363
-0.445111
-0.444851
-0.444584
-0.444314
-0.444041
-0.443769
-0.443497
-0.443227
-0.442961
-0.442699
-0.442441
-0.440396
-0.437872
-0.43489
-0.431467
-0.427622
-0.423369
-0.41872
-0.413687
-0.408281
-0.40251
-0.396383
-0.389905
-0.383083
-0.375922
-0.368427
-0.360602
-0.35245
-0.353487
-0.354476
-0.35542
-0.35632
-0.357179
-0.357998
-0.358778
-0.359523
-0.360232
-0.363161
-0.365896
-0.368452
-0.370841
-0.373075
-0.375164
-0.377843
-0.380124
-0.382053
-0.383669
-0.385009
-0.386105
-0.386986
-0.387679
-0.388207
-0.38859
-0.388848
-0.388997
-0.389052
-0.389026
-0.388931
-0.388776
-0.388572
-0.388048
-0.387576
-0.386854
-0.385724
-0.384187
-0.382244
-0.379899
-0.377154
-0.374011
-0.37027
-0.365915
-0.360983
-0.355509
-0.349523
-0.343051
-0.336118
-0.328746
-0.320953
-0.312757
-0.304172
-0.295213
-0.28589
-0.276215
-0.266197
-0.255844
-0.245165
-0.234165
-0.222852
-0.211231
-0.199308
-0.187087
-0.174574
-0.161773
-0.148689
-0.135327
-0.12169
-0.107783
-0.093612
-0.07918
-0.064493
-0.049555
-0.050969
-0.052334
-0.053649
-0.054915
-0.056133
-0.057304
-0.058429
-0.061721
-0.064866
-0.06787
-0.070735
-0.073469
-0.076076
-0.078561
-0.080928
-0.083184
-0.085332
-0.087376
-0.089323
-0.091176
-0.092939
-0.094616
-0.096211
-0.097729
-0.099172
-0.100544
-0.101849
-0.100915
-0.100023
-0.09917
-0.098355
-0.097577
-0.096833
-0.096124
-0.095447
-0.094801
-0.094185
-0.093598
-0.093038
-0.092504
-0.091995
-0.091511
-0.091049
-0.090609
-0.087902
-0.085313
-0.082838
-0.080473
-0.078214
-0.076057
-0.073999
-0.072036
-0.070163
-0.067902
-0.065256
-0.062229
-0.058824
-0.055043
-0.050892
-0.046372
-0.041487
-0.036242
-0.030638
-0.024681
-0.018373
-0.011717
-0.004719
0.002619
0.010293
0.018299
0.026634
0.035292
0.044269
0.053562
0.063165
0.063719
0.064245
0.062474
0.058505
0.054714
0.051094
0.047641
0.044348
0.041209
0.038219
0.03537
0.032658
0.030075
0.027618
0.02528
0.023055
0.02094
0.018928
0.017015
0.015196
0.013467
0.011823
0.010261
0.008776
0.007365
0.006025
0.00475
0.00354
0.00239
0.001297
0.000258
-0.000728
-0.001665
-0.002555
-0.003401
-0.004205
-0.00259
-0.001055
0.002781
0.006425
0.009886
0.013171
0.016289
0.019249
0.022057
0.024721
0.02725
0.029648
0.031923
0.034081
0.036128
0.03807
0.039911
0.041659
0.043316
0.042557
0.041835
0.041149
0.040497
0.039878
0.039289
0.038729
0.038196
0.037691
0.03721
0.036753
0.036319
0.035907
0.035515
0.035142
0.034788
0.034452
0.034132
0.033829
0.03354
0.033266
0.030651
0.028163
0.025796
0.023544
0.021403
0.019367
0.017431
0.01559
0.013841
0.012178
0.012973
0.013729
0.014447
0.015129
0.015777
0.016392
0.016976
0.017531
0.018058
0.018559
0.019034
0.019486
0.019915
0.020323
0.02071
0.021078
0.021427
0.021759
0.022074
0.022373
0.022657
0.022928
0.023184
0.023428
0.023659
0.023879
0.024089
0.024287
0.024476
0.024655
0.024825
0.024987
0.02514
0.025287
0.025425
0.025557
0.025682
0.025801
0.025914
0.026021
0.026123
0.02622
0.026312
0.0264
0.026483
0.026562
0.026637
0.026708
0.026776
0.02684
0.026901
0.026959
0.027014
0.027067
0.027117
0.027164
0.027209
0.027252
0.027292
0.027331
0.027368
0.027402
0.027435
0.027467
0.027497
0.027525
0.027552
0.027578
0.027602
0.027626
0.027648
0.027669
0.027689
0.027708
0.027726
0.027743
0.027759
0.027775
0.02779
0.027804
0.027817
0.02783
0.027842
0.027853
0.027864
0.027874
0.027884
0.027893
0.027902
0.027911
0.027919
0.027927
0.027934
0.027941
0.027948
0.027954
0.02796
0.027965
0.027971
0.027976
0.027981
0.027986
0.02799
0.027995
0.027999
0.028003
0.028006
0.02801
0.028013
0.028016
0.02802
0.028022
0.028025
0.028028
0.028031
0.028033
0.028035
0.028037
0.028039
0.028041
0.028043
0.028045
0.028047
0.028048
0.02805
0.028051
0.028053
0.028054
0.028056
0.028057
0.028059
0.02806
0.028061
0.028062
0.028063
0.028064
0.028065
0.028066
0.028067
0.028067
0.028068
0.028069
0.02807
0.028071
0.028071
0.028072
0.028073
0.028073
0.028074
0.028075
0.028075
0.028076
0.028076
0.028077
0.028078
0.028078
0.028079
0.028079
0.028079
0.02808
0.02808
0.028081
0.028081
0.028082
0.028082
0.028082
0.028082
0.028082
0.028082
0.028082
0.028082
0.028082
0.028082
0.028082
0.028082
0.028082
0.028082
0.028082
0.028082
0.028082
0.028082
0.028082
0.028082
0.028082
0.028082
0.028082
0.028082
0.028082
0.028082
0.028082
0.028082
0.028082
0.028082
0.028082
0.028082
0.028082
0.028082
0.028082
0.028082
0.028082
0.028082
0.028082
0.028082
0.028082
0.028082
0.028082
0.028082
0.028082
0.028082
0.028082
0.028082
0.028082
0.028082
0.028082
0.028082
0.028082
0.028082
0.028082
0.028082
0.028082
0.028082
0.028082
0.028082
0.028082
0.028082
0.028082
0.028082
0.028082
0.028082
0.028082
0.028082
0.028082
0.028082
0.028082
0.028082
0.028082
0.028082
0.028082
0.028082
0.028082
0.028082
0.028082
0.028082
0.028082
0.028082
0.028082
0.028082
0.028082
0.028082
0.028082
0.028082
0.028082
0.028082
0.028082
0.028082
0.028082
0.028082
0.028082
0.028082
0.028082
0.028082
0.028082
0.028082
0.028082
0.028082
0.028082
0.028082
0.028082
0.028082
0.028082
0.028082
0.028082
0.028082
0.028082
0.028082
0.028082
0.028082
0.028082
0.028082
0.028082
0.028082
0.028082
0.028082
0.028082
0.028082
0.028082
0.028082
0.028082
0.028082
0.028082
0.028082
0.028082
0.028082
0.028082
0.028082
0.028082
0.028082
0.028082
0.028082
0.028082
0.028082
0.028082
0.028082
0.028082
0.028082
0.028082
0.028082
0.028082
0.028082
0.028082
0.028082
0.028082
0.028082
0.028082
0.028082
0.028082
0.028082
0.025244
0.02205
0.018503
0.014604
0.010354
0.005757
0.000814
-0.004472
-0.010099
-0.016064
-0.022363
-0.028995
-0.035954
-0.04324
-0.042049
-0.040916
-0.039839
-0.038815
-0.037842
-0.036916
-0.036036
-0.0352
-0.034404
-0.033648
-0.03293
-0.032247
-0.031597
-0.030981
-0.030394
-0.029837
-0.029307
-0.028804
-0.028325
-0.027871
-0.027438
-0.027028
-0.026638
-0.026267
-0.025915
-0.025581
-0.025262
-0.02496
-0.024673
-0.0244
-0.024141
-0.023895
-0.023661
-0.023438
-0.023227
-0.023027
-0.022836
-0.022655
-0.022483
-0.022319
-0.022164
-0.022016
-0.021876
-0.021742
-0.021615
-0.021495
-0.021381
-0.021272
-0.021169
-0.02107
-0.020977
-0.020889
-0.020805
-0.020725
-0.020649
-0.020577
-0.020508
-0.020443
-0.020381
-0.020322
-0.017906
-0.015608
-0.013423
-0.011346
-0.009373
-0.007497
-0.005714
-0.004021
-0.002411
-0.000883
0.00057
0.00195
0.003261
0.002136
0.001068
0.000054
-0.00091
-0.001826
-0.002695
-0.003522
-0.004307
-0.007421
-0.010379
-0.013186
-0.015851
-0.018381
-0.020782
-0.02306
-0.025223
-0.027274
-0.029221
-0.031068
-0.032821
-0.034484
-0.033723
-0.033
-0.032313
-0.031659
-0.031038
-0.030448
-0.029887
-0.029354
-0.028847
-0.028366
-0.027908
-0.027474
-0.02706
-0.026668
-0.026295
-0.02594
-0.025603
-0.025283
-0.024979
-0.02469
-0.024415
-0.024154
-0.023906
-0.023671
-0.023447
-0.023234
-0.023032
-0.02284
-0.022658
-0.022485
-0.02232
-0.022164
-0.022015
-0.021874
-0.021739
-0.021612
-0.021491
-0.021375
-0.021266
-0.021162
-0.021063
-0.020969
-0.02088
-0.020795
-0.020715
-0.020638
-0.020566
-0.020497
-0.020431
-0.020369
-0.02031
-0.020253
-0.0202
-0.020149
-0.020101
-0.020055
-0.020011
-0.01997
-0.019931
-0.019893
-0.019857
-0.019824
-0.019791
-0.019761
-0.019732
-0.019704
-0.019678
-0.019653
-0.01963
-0.019607
-0.019586
-0.019565
-0.019546
-0.019528
-0.01951
-0.022329
-0.025499
-0.029019
-0.032888
-0.037103
-0.041664
-0.046567
-0.051812
-0.057393
-0.063311
-0.06956
-0.076138
-0.083042
-0.090268
-0.097812
-0.105672
-0.113842
-0.122318
-0.131097
-0.140173
-0.149543
-0.1592
-0.169139
-0.179356
-0.189844
-0.200598
-0.211611
-0.222877
-0.234389
-0.246141
-0.258124
-0.270332
-0.282757
-0.29539
-0.308223
-0.321247
-0.319849
-0.318495
-0.317187
-0.315923
-0.314705
-0.313531
-0.312401
-0.30944
-0.306541
-0.30371
-0.300951
-0.298269
-0.295211
-0.291785
-0.287994
-0.283844
-0.279341
-0.274489
-0.269292
-0.263754
-0.257878
-0.251668
-0.245126
-0.238256
-0.231059
-0.223539
-0.215698
-0.214257
-0.21288
-0.211565
-0.21031
-0.209112
-0.207969
-0.209475
-0.213918
-0.218564
-0.223422
-0.228503
-0.233814
-0.239361
-0.245149
-0.251183
-0.257464
-0.263994
-0.270775
-0.277806
-0.285088
-0.29262
-0.300398
-0.308422
-0.307779
-0.307165
-0.306579
-0.306018
-0.305484
-0.304974
-0.304488
-0.304024
-0.303581
-0.30316
-0.302757
-0.302374
-0.302009
-0.301661
-0.30133
-0.301014
-0.303306
-0.305926
-0.308876
-0.312154
-0.31576
-0.319691
-0.323947
-0.328523
-0.333417
-0.338626
-0.344145
-0.349969
-0.356095
-0.362517
-0.36923
-0.376228
-0.383506
-0.391056
-0.398873
-0.40695
-0.41528
-0.423854
-0.432667
-0.441709
-0.450973
-0.460451
-0.470132
-0.480009
-0.490071
-0.489117
-0.488175
-0.48725
-0.486342
-0.485453
-0.484587
-0.483743
-0.482922
-0.482126
-0.481354
-0.480607
-0.479885
-0.479188
-0.478516
-0.476181
-0.473861
-0.471566
-0.469303
-0.467079
-0.464901
-0.462772
-0.460696
-0.458675
-0.456712
-0.457087
-0.457441
-0.457776
-0.458093
-0.458393
-0.458678
-0.461124
-0.463384
-0.465474
-0.467406
-0.469194
-0.470849
-0.472383
-0.473804
-0.475122
-0.476345
-0.477481
-0.476872
-0.476287
-0.475725
-0.475185
-0.474667
-0.474171
-0.473695
-0.47324
-0.472803
-0.472386
-0.471987
-0.471605
-0.47124
-0.470891
-0.470558
-0.47024
-0.469937
-0.469647
-0.469371
-0.469107
-0.468856
-0.468616
-0.468387
-0.468169
-0.467962
-0.467764
-0.467575
-0.467396
-0.467225
-0.467062
-0.466907
-0.466759
-0.466619
-0.466485
-0.466358
-0.466237
-0.466122
-0.466012
-0.465907
-0.465808
-0.465714
-0.465624
-0.465538
-0.465457
-0.465379
-0.465306
-0.465236
-0.465169
-0.465106
-0.465046
-0.464988
-0.464934
-0.464882
-0.464833
-0.464786
-0.464742
-0.466728
-0.468565
-0.470266
-0.471841
-0.473301
-0.474654
-0.47591
-0.477075
-0.478158
-0.479165
-0.480101
-0.480972
-0.481783
-0.481021
-0.480284
-0.479572
-0.478885
-0.478223
-0.477586
-0.476972
-0.476382
-0.477929
-0.479801
-0.481999
-0.48452
-0.487361
-0.490519
-0.49399
-0.497769
-0.501852
-0.506233
-0.50542
-0.504628
-0.503857
-0.503108
-0.502382
-0.50168
-0.501
-0.500344
-0.499711
-0.499101
-0.498514
-0.497949
-0.497406
-0.496884
-0.496383
-0.495902
-0.495442
-0.497151
-0.499166
-0.501487
-0.504113
-0.507043
-0.510273
-0.513802
-0.517625
-0.521739
-0.526138
-0.530818
-0.535773
-0.540997
-0.546484
-0.552228
-0.558221
-0.564456
-0.570925
-0.577621
-0.584534
-0.591657
-0.598981
-0.606496
-0.614194
-0.622063
-0.630095
-0.638279
-0.646604
-0.65506
-0.663636
-0.672319
-0.681099
-0.689964
-0.698901
0.707898
0.716944
0.726023
0.735125
0.744234
0.753339
0.762425
0.771479
0.780485
0.789431
0.798301
0.807082
0.815757
0.824313
0.832734
0.841006
0.849113
0.857039
0.864771
0.872291
0.879586
0.886638
0.893434
0.899957
0.906192
0.912124
0.917737
0.923016
0.927947
0.932514
0.936703
0.940498
0.943886
0.946853
0.949383
0.951465
0.953083
0.954226
0.95488
0.955033
0.957102
0.958965
0.960642
0.962153
0.963513
0.964736
0.965837
0.966827
0.967718
0.968518
0.967999
0.967493
0.966999
0.966516
0.96604
0.965568
0.965096
0.96462
0.964135
0.965331
0.966409
0.96738
0.968255
0.969043
0.969752
0.970392
0.970967
0.971485
0.972865
0.973946
0.974764
0.975353
0.975743
0.975959
0.976026
0.975965
0.975794
0.97553
0.975187
0.974778
0.974315
0.973807
0.973264
0.972694
0.972102
0.971495
0.970879
0.970256
0.969633
0.96901
0.969664
0.971354
0.972719
0.973798
0.974626
0.975236
0.975655
0.975908
0.976018
0.976005
0.975886
0.975677
0.975391
0.975042
0.97464
0.974194
0.973713
0.973204
0.972674
0.972129
0.971573
0.97203
0.972442
0.972812
0.973146
0.973445
0.973715
0.973957
0.974175
0.974371
0.974547
0.974705
0.974846
0.974973
0.975088
0.97519
0.975282
0.975364
0.975438
0.975504
0.975563
0.975616
0.975663
0.975705
0.975743
0.975777
0.975807
0.975833
0.975857
0.975878
0.975897
0.975914
0.975928
0.975942
0.975953
0.975963
0.975972
0.97598
0.975987
0.975993
0.975999
0.976003
0.976007
0.976011
0.976014
0.976016
0.976018
0.97602
0.976022
0.976023
0.976024
0.976025
0.976026
0.976026
0.976026
0.976027
0.976027
0.976027
0.976027
0.976027
0.976027
0.976027
0.976026
0.976026
0.976026
0.976026
0.976025
0.976025
0.976025
0.976024
0.976024
0.976024
0.976023
0.976023
0.976022
0.976022
0.976022
0.976021
0.976021
0.976021
0.976021
0.97602
0.97602
0.97602
0.976019
0.976019
0.976019
0.976019
0.976018
0.976018
0.976018
0.976018
0.976017
0.976017
0.976017
0.976017
0.976008
0.975892
0.975686
0.975403
0.975056
0.974656
0.974211
0.973731
0.973224
0.972694
0.972149
0.971593
0.972049
0.972459
0.972828
0.973159
0.973458
0.973726
0.973967
0.974184
0.974379
0.974554
0.974711
0.974852
0.974979
0.975093
0.975194
0.975286
0.975368
0.975441
0.975507
0.975566
0.975618
0.975665
0.975707
0.975745
0.975778
0.975808
0.975835
0.975858
0.975879
0.975898
0.975915
0.975929
0.975943
0.975954
0.975964
0.975973
0.975981
0.975988
0.975994
0.975999
0.976004
0.976008
0.976011
0.976014
0.976017
0.976019
0.976021
0.976022
0.976024
0.976025
0.976026
0.976026
0.976027
0.976027
0.976027
0.976027
0.976027
0.976027
0.976027
0.976027
0.976027
0.976027
0.976027
0.976026
0.976026
0.976026
0.976026
0.976025
0.976025
0.976024
0.976024
0.976024
0.976023
0.976023
0.976023
0.976022
0.976022
0.976022
0.976021
0.976021
0.976021
0.97602
0.97602
0.97602
0.97602
0.976019
0.976019
0.976019
0.976019
0.976019
0.976018
0.976018
0.976018
0.976018
0.976018
0.976017
0.976017
0.976017
0.976017
0.976017
0.976017
0.976017
0.976016
0.976016
0.976016
0.976016
0.976016
0.976016
0.976016
0.976016
0.976016
0.976016
0.975891
0.975648
0.975298
0.974849
0.974311
0.973689
0.972987
0.972207
0.971353
0.970423
0.969417
0.968334
0.967171
0.965925
0.964591
0.963164
0.96164
0.960012
0.958274
0.956418
0.954438
0.952325
0.950072
0.947671
0.945112
0.942387
0.939488
0.936404
0.933126
0.929646
0.925953
0.922039
0.917893
0.913507
0.908869
0.903972
0.898806
0.893361
0.887628
0.881598
0.875263
0.868612
0.861639
0.854333
0.846688
0.838695
0.830347
0.821636
0.812556
0.803099
0.79326
0.783032
0.772409
0.761387
0.749961
0.752847
0.755516
0.757984
0.760269
0.762386
0.764347
0.766166
0.767853
0.769419
0.770875
0.772227
0.773485
0.774656
0.775746
0.776761
0.777708
0.778592
0.779416
0.780186
0.780905
0.781578
0.782207
0.782796
0.781123
0.779193
0.777011
0.77458
0.771904
0.768984
0.765822
0.762419
0.758773
0.754885
0.750754
0.746379
0.741756
0.736885
0.731762
0.726385
0.72075
0.714854
0.708694
0.702266
0.695565
0.688589
0.681333
0.673793
0.665965
0.657844
-0.649428
-0.640712
-0.631692
-0.622364
-0.624907
-0.627274
-0.632293
-0.636844
-0.640971
-0.644712
-0.648103
-0.651177
-0.653964
-0.656489
-0.658779
-0.660855
-0.662737
-0.664443
-0.66599
-0.667393
-0.668666
-0.66982
-0.670867
-0.671817
-0.67268
-0.673463
-0.674174
-0.674819
-0.675406
-0.675938
-0.676423
-0.676863
-0.677263
-0.677627
-0.677959
-0.67826
-0.678535
-0.678785
-0.679013
-0.678554
-0.678083
-0.677605
-0.677124
-0.676641
-0.67616
-0.675683
-0.675211
-0.674746
-0.67429
-0.673843
-0.673406
-0.67298
-0.672565
-0.672162
-0.671772
-0.671393
-0.671027
-0.670674
-0.670333
-0.670004
-0.669687
-0.669382
-0.669089
-0.668807
-0.668537
-0.668277
-0.668028
-0.66779
-0.667561
-0.667342
-0.667133
-0.666933
-0.666741
-0.666558
-0.666383
-0.666216
-0.666056
-0.665904
-0.665758
-0.665619
-0.665487
-0.665361
-0.66524
-0.665126
-0.665016
-0.664912
-0.664812
-0.664718
-0.664628
-0.664542
-0.66446
-0.664382
-0.664308
-0.664237
-0.66417
-0.664106
-0.665685
-0.667116
-0.668414
-0.669592
-0.67066
-0.67163
-0.672509
-0.673308
-0.674033
-0.673592
-0.673161
-0.672741
-0.672334
-0.671938
-0.671554
-0.671183
-0.670824
-0.670477
-0.670143
-0.669821
-0.669511
-0.669213
-0.668927
-0.668651
-0.668387
-0.668134
-0.667891
-0.667658
-0.667435
-0.667222
-0.667017
-0.666822
-0.666635
-0.666457
-0.666287
-0.666124
-0.665968
-0.66582
-0.665678
-0.665543
-0.666988
-0.668298
-0.669486
-0.670564
-0.671543
-0.672431
-0.673236
-0.673968
-0.674632
-0.675236
-0.675784
-0.676282
-0.676735
-0.677147
-0.677522
-0.677863
-0.678173
-0.678456
-0.678713
-0.678947
-0.679161
-0.679356
-0.679534
-0.679696
-0.679844
-0.679979
-0.680103
-0.679694
-0.679261
-0.678809
-0.678344
-0.67787
-0.67739
-0.676908
-0.676426
-0.675946
-0.675471
-0.675002
-0.674541
-0.674088
-0.673646
-0.673214
-0.672793
-0.672384
-0.671986
-0.671601
-0.671228
-0.670868
-0.67052
-0.670184
-0.66986
-0.669549
-0.669249
-0.668961
-0.668685
-0.668419
-0.668164
-0.66792
-0.667686
-0.667462
-0.667248
-0.667042
-0.666846
-0.666658
-0.666479
-0.666307
-0.666143
-0.665987
-0.665838
-0.665695
-0.665559
-0.66543
-0.665306
-0.665188
-0.665076
-0.664969
-0.664867
-0.664769
-0.662988
-0.661215
-0.659457
-0.65772
-0.656011
-0.654334
-0.652693
-0.65109
-0.649528
-0.648009
-0.646535
-0.645106
-0.643722
-0.642385
-0.641094
-0.639848
-0.638648
-0.637493
-0.636382
-0.635314
-0.634288
-0.633303
-0.632359
-0.631454
-0.630586
-0.629756
-0.628961
-0.6282
-0.627473
-0.629663
-0.631704
-0.633605
-0.635379
-0.637035
-0.63858
-0.640024
-0.641374
-0.642636
-0.643817
-0.644922
-0.648294
-0.65135
-0.65412
-0.656632
-0.658908
-0.660972
-0.662843
-0.664539
-0.666077
-0.667472
-0.668737
-0.669885
-0.670926
-0.671871
-0.672728
-0.672321
-0.671925
-0.671542
-0.671171
-0.670813
-0.670467
-0.670133
-0.669811
-0.669502
-0.669204
-0.668918
-0.668643
-0.668379
-0.668126
-0.667883
-0.667651
-0.667428
-0.667215
-0.667011
-0.666816
-0.66663
-0.666452
-0.666281
-0.666119
-0.665964
-0.665815
-0.665674
-0.665539
-0.66541
-0.665288
-0.665171
-0.665059
-0.664953
-0.664851
-0.664755
-0.664663
-0.662882
-0.661109
-0.659352
-0.657617
-0.65591
-0.654235
-0.652596
-0.650995
-0.649436
-0.64792
-0.646448
-0.647388
-0.648269
-0.649096
-0.649872
-0.650601
-0.651286
-0.651929
-0.652534
-0.653104
-0.653639
-0.656196
-0.658513
-0.660613
-0.662518
-0.664245
-0.66581
-0.66723
-0.668518
-0.669686
-0.670745
-0.670402
-0.67007
-0.669751
-0.669443
-0.669148
-0.668864
-0.668591
-0.668329
-0.668078
-0.667838
-0.667607
-0.667387
-0.667175
-0.666973
