0.0
0.0
0.0
0.0
0.0
0.0
0.0
0.0
0.0
0.0
0.0
0.0
0.0
0.0
0.0
0.0
0.0
0.0
0.0
0.0
0.0
0.0
0.0
0.0
0.0
0.0
0.0
0.0
0.0
0.0
0.0
0.0
0.0
0.0
0.0
0.0
0.0
0.0
0.0
0.0
0.0
0.0
0.0
0.0
0.0
0.0
0.0
0.0
0.0
0.0
0.0
0.0
0.0
0.0
0.0
0.0
0.0
0.0
0.0
0.0
0.0
0.0
0.0
0.0
0.0
0.0
0.0
0.0
0.0
0.0
0.0
0.0
0.0
0.0
0.0
0.0
0.0
0.0
0.0
0.0
0.0
0.0
0.0
0.0
0.0
0.0
0.0
0.0
0.0
0.0
0.0
0.0
0.0
0.0
0.0
0.0
0.0
0.0
0.0
0.0
0.0
0.0
0.0
0.0
0.0
0.0
0.0
0.0
0.0
0.0
0.0
0.0
0.0
0.0
0.0
0.0
0.0
0.0
0.0
0.0
0.0
0.0
0.0
0.0
0.0
0.0
0.0
0.0
0.0
0.0
0.0
0.0
0.0
0.0
0.0
0.0
0.0
0.0
0.0
0.0
0.0
0.0
0.0
0.0
0.0
0.0
0.0
0.0
0.0
0.0
0.0
0.0
0.0
0.0
0.0
0.0
0.0
0.0
0.0
0.0
0.0
0.0
0.0
0.0
0.0
0.0
0.0
0.0
0.0
0.0
0.0
0.0
0.0
0.0
0.0
0.0
0.0
0.0
0.0
0.0
0.0
0.0
0.0
0.0
0.0
0.0
0.0
0.0
0.0
0.0
0.0
0.0
0.0
0.0
0.0
0.0
0.0
0.0
0.0
0.0
0.0
0.0
0.0
0.0
0.0
0.0
0.0
0.0
0.0
0.0
0.0
0.0
0.0
0.0
0.0
0.0
0.0
0.0
0.0
0.0
0.0
0.0
0.0
0.0
0.0
0.0
0.0
0.0
0.0
0.0
0.0
0.0
0.0
0.0
0.0
0.0
0.0
0.0
0.0
0.0
0.0
0.0
0.0
0.0
0.0
0.0
0.0
0.0
0.0
0.0
0.0
0.0
0.0
0.0
0.0
0.0
0.0
0.0
0.0
0.0
0.0
0.0
0.0
0.0
0.0
0.0
0.0
0.0
0.0
0.0
0.0
0.0
0.0
0.0
0.0
0.0
0.0
0.0
0.0
0.0
0.0
0.0
0.0
0.0
0.0
0.0
0.0
0.0
0.0
0.0
0.0
0.0
0.0
0.0
0.0
0.0
0.0
0.0
0.0
0.0
0.0
0.0
0.0
0.0
0.0
0.0
0.0
0.0
0.0
0.0
0.0
0.0
0.0
0.0
0.0
0.0
0.0
0.0
0.0
0.0
0.0
0.0
0.0
0.0
0.0
0.0
0.0
0.0
0.0
0.0
0.0
0.0
0.0
0.0
0.0
0.0
0.0
0.0
0.0
0.0
0.0
0.0
0.0
0.0
0.0
0.0
0.0
0.0
0.0
0.0
0.0
0.0
0.0
0.0
0.0
0.0
0.0
0.0
0.0
0.0
0.0
0.0
0.0
0.0
0.0
0.0
0.0
0.0
0.0
0.0
0.0
0.0
0.0
0.0
0.0
0.0
0.0
0.0
0.0
0.0
0.0
0.0
0.0
0.0
0.0
0.0
0.0
0.0
0.0
0.0
0.0
0.0
0.0
0.0
0.0
0.0
0.0
0.0
0.0
0.0
0.0
0.0
0.0
0.0
0.0
0.0
0.0
0.0
0.0
0.0
0.0
0.0
0.0
0.0
0.0
0.0
0.0
0.0
0.0
0.0
0.0
0.0
0.0
0.0
0.0
0.0
0.0
0.0
0.0
0.0
0.0
0.0
0.0
0.0
0.0
0.0
0.0
0.0
0.0
0.0
0.0
0.0
0.0
0.0
0.0
0.0
0.0
0.0
0.0
0.0
0.0
0.0
0.0
0.0
0.0
0.0
0.0
0.0
0.0
0.0
0.0
0.0
0.0
0.0
0.0
0.0
0.0
0.0
0.0
0.0
0.0
0.0
0.0
0.0
0.0
0.0
0.0
0.0
0.0
0.0
0.0
0.0
0.0
0.0
0.0
0.0
0.0
0.0
0.0
0.0
0.0
0.0
0.0
0.0
0.0
0.0
0.0
0.0
0.0
0.0
0.0
0.0
0.0
0.0
0.0
0.0
0.0
0.0
0.0
0.0
0.0
0.0
0.0
0.0
0.0
0.0
0.0
0.0
0.0
0.0
0.0
0.0
0.0
0.0
0.0
0.0
0.0
0.0
0.0
0.0
0.0
0.0
0.0
0.0
0.0
0.0
0.0
0.0
0.0
0.0
0.0
0.0
0.0
0.0
0.0
0.0
0.0
0.0
0.0
0.0
0.0
0.0
0.0
0.0
0.0
0.0
0.0
0.0
0.0
0.0
0.0
0.0
0.0
0.0
0.0
0.0
0.0
0.0
0.0
0.0
0.0
0.0
0.0
0.0
0.0
0.0
0.0
0.0
0.0
0.0
0.0
0.0
0.0
0.0
0.0
0.0
0.0
0.0
0.0
0.0
0.0
0.0
0.0
0.0
0.0
0.0
0.0
0.0
0.0
0.0
0.0
0.0
0.0
0.0
0.0
0.0
0.0
0.0
0.0
0.0
0.0
0.0
0.0
0.0
0.0
0.0
0.0
0.0
0.0
0.0
0.0
0.0
0.0
0.0
0.0
0.0
0.0
0.0
0.0
0.0
0.0
0.0
0.0
0.0
0.0
0.0
0.0
0.0
0.0
0.0
0.0
0.0
0.0
0.0
0.0
0.0
0.0
0.0
0.0
0.0
0.0
0.0
0.018
0.081
0.165
0.264
0.376
0.49
0.605
0.718
0.83
0.941
1.05
1.157
1.264
1.368
1.472
1.573
1.662
1.716
1.704
1.669
1.636
1.603
1.571
1.54
1.509
1.479
1.449
1.42
1.392
1.364
1.337
1.31
1.284
1.258
1.233
1.208
1.184
1.16
1.137
1.114
1.092
1.07
1.049
1.028
1.007
0.987
0.967
0.948
0.929
0.91
0.892
0.874
0.857
0.84
0.823
0.806
0.79
0.774
0.759
0.744
0.729
0.714
0.7
0.686
0.672
0.659
0.646
0.633
0.62
0.608
0.595
0.584
0.572
0.56
0.549
0.538
0.527
0.517
0.507
0.496
0.486
0.477
0.467
0.458
0.449
0.44
0.431
0.422
0.414
0.406
0.397
0.389
0.382
0.374
0.366
0.359
0.352
0.345
0.338
0.331
0.325
0.318
0.312
0.305
0.299
0.293
0.287
0.234
0.128
0.005
-0.127
-0.258
-0.387
-0.515
-0.641
-0.765
-0.888
-1.009
-1.128
-1.246
-1.362
-1.449
-1.491
-1.461
-1.432
-1.403
-1.375
-1.348
-1.321
-1.294
-1.268
-1.243
-1.218
-1.194
-1.17
-1.147
-1.124
-1.101
-1.079
-1.058
-1.036
-1.016
-0.995
-0.976
-0.956
-0.937
-0.918
-0.9
-0.882
-0.864
-0.847
-0.83
-0.813
-0.797
-0.781
-0.766
-0.75
-0.735
-0.721
-0.706
-0.692
-0.678
-0.665
-0.651
-0.638
-0.626
-0.613
-0.601
-0.589
-0.577
-0.566
-0.554
-0.543
-0.532
-0.522
-0.511
-0.501
-0.491
-0.481
-0.472
-0.462
-0.453
-0.444
-0.435
-0.426
-0.418
-0.41
-0.401
-0.393
-0.385
-0.378
-0.37
-0.363
-0.356
-0.348
-0.342
-0.335
-0.328
-0.321
-0.315
-0.309
-0.303
-0.297
-0.291
-0.285
-0.272
-0.253
-0.233
-0.213
-0.193
-0.173
-0.154
-0.135
-0.116
-0.098
-0.096
-0.094
-0.092
-0.09
-0.088
-0.086
-0.085
-0.083
-0.081
-0.08
-0.078
-0.077
-0.075
-0.074
-0.072
-0.071
-0.069
-0.068
-0.067
-0.065
-0.064
-0.063
-0.061
-0.06
-0.059
-0.058
-0.057
-0.056
-0.055
-0.053
-0.052
-0.051
-0.05
-0.049
-0.048
-0.047
-0.046
-0.046
-0.045
-0.044
-0.043
-0.042
-0.041
-0.04
-0.04
-0.039
-0.038
-0.037
-0.037
-0.036
-0.035
-0.034
-0.034
-0.033
-0.032
-0.032
-0.031
-0.031
-0.03
-0.029
-0.029
-0.028
-0.028
-0.027
-0.027
-0.026
-0.026
-0.025
-0.025
-0.024
-0.024
-0.023
-0.023
-0.022
-0.022
-0.021
-0.021
-0.021
-0.02
-0.02
-0.019
-0.019
-0.019
-0.018
-0.017
0.008
0.042
0.082
0.123
0.165
0.208
0.252
0.298
0.347
0.395
0.442
0.489
0.535
0.58
0.625
0.645
0.642
0.629
0.616
0.604
0.592
0.58
0.568
0.557
0.546
0.535
0.524
0.514
0.503
0.493
0.484
0.474
0.464
0.455
0.446
0.437
0.428
0.42
0.411
0.403
0.395
0.387
0.379
0.372
0.364
0.357
0.35
0.343
0.336
0.329
0.323
0.316
0.31
0.304
0.298
0.292
0.286
0.28
0.274
0.269
0.264
0.258
0.253
0.248
0.243
0.238
0.233
0.229
0.224
0.22
0.215
0.211
0.207
0.203
0.198
0.195
0.191
0.187
0.183
0.179
0.176
0.172
0.169
0.165
0.162
0.159
0.156
0.153
0.149
0.146
0.144
0.141
0.138
0.135
0.132
0.13
0.127
0.125
0.122
0.12
0.117
0.115
0.113
0.11
0.108
0.106
0.104
0.102
0.1
0.098
0.096
0.094
0.092
0.09
0.088
0.086
0.085
0.083
0.081
0.08
0.078
0.076
0.075
0.073
0.072
0.071
0.069
0.068
0.066
0.065
0.064
0.062
0.061
0.06
0.058
0.057
0.056
0.054
0.053
0.052
0.051
0.05
0.048
0.047
0.046
0.045
0.044
0.043
0.042
0.041
0.04
0.039
0.038
0.038
0.037
0.036
0.035
0.034
0.033
0.033
0.032
0.031
0.031
0.03
0.029
0.028
0.028
0.027
0.027
0.026
0.025
0.025
0.024
0.024
0.023
0.023
0.022
0.022
0.021
0.021
0.02
0.02
0.019
0.019
0.018
0.018
0.017
0.017
0.017
0.016
0.016
0.016
0.015
0.015
0.015
0.014
0.014
0.014
0.013
0.013
0.013
0.013
0.012
0.012
0.012
0.012
0.011
0.011
0.011
0.011
0.01
0.01
0.01
0.01
0.01
0.009
0.009
0.009
0.009
0.009
0.008
0.008
0.008
0.008
0.008
0.008
0.007
0.007
0.007
0.007
0.007
0.007
0.006
0.006
0.006
0.006
0.006
0.006
0.006
0.006
0.005
0.005
0.005
0.005
0.005
0.005
0.005
0.005
0.005
0.004
0.004
0.004
0.004
0.004
0.004
0.004
0.004
0.004
0.004
0.004
0.003
0.003
0.003
0.003
0.003
0.003
0.003
0.003
0.003
0.003
0.003
0.003
0.003
0.003
0.002
0.002
0.002
0.002
0.002
0.002
0.002
0.002
0.002
0.002
0.002
0.002
0.002
0.002
0.002
0.009
0.024
0.038
0.053
0.067
0.081
0.095
0.109
0.122
0.135
0.156
0.185
0.219
0.258
0.3
0.354
0.414
0.476
0.537
0.601
0.67
0.743
0.816
0.889
0.96
1.03
1.1
1.168
1.212
1.24
1.234
1.21
1.185
1.162
1.138
1.116
1.093
1.071
1.05
1.029
1.019
1.051
1.12
1.212
1.311
1.409
1.505
1.601
1.695
1.787
1.876
1.962
2.046
2.128
2.219
2.318
2.418
2.518
2.617
2.715
2.811
2.907
3.002
3.096
3.189
3.28
3.371
3.46
3.549
3.636
3.721
3.806
3.89
3.972
4.054
4.134
4.213
4.291
4.368
4.445
4.52
4.594
4.667
4.739
4.81
4.88
4.95
5.018
5.085
5.152
5.218
5.282
5.346
5.409
5.472
5.533
5.593
5.653
5.712
5.77
5.828
5.884
5.932
5.954
5.94
5.879
5.762
5.646
5.534
5.423
5.314
5.208
5.104
5.002
4.902
4.804
4.708
4.613
4.521
4.431
4.342
4.255
4.17
4.087
4.005
3.925
3.846
3.769
3.694
3.62
3.548
3.477
3.407
3.339
3.272
3.207
3.143
3.08
3.018
2.958
2.899
2.841
2.784
2.728
2.674
2.62
2.568
2.516
2.466
2.417
2.368
2.321
2.275
2.229
2.184
2.141
2.098
2.056
2.015
1.975
1.935
1.896
1.858
1.821
1.785
1.749
1.714
1.68
1.646
1.613
1.581
1.514
1.398
1.255
1.104
0.955
0.808
0.663
0.52
0.394
0.334
0.327
0.321
0.314
0.308
0.302
0.296
0.29
0.283
0.277
0.271
0.265
0.259
0.253
0.188
-0.04
-0.314
-0.602
-0.883
-1.159
-1.428
-1.579
-1.543
-1.508
-1.474
-1.441
-1.409
-1.377
-1.346
-1.316
-1.286
-1.257
-1.229
-1.201
-1.174
-1.148
-1.122
-1.096
-1.072
-1.048
-1.024
-1.001
-0.978
-0.956
-0.935
-0.914
-0.893
-0.873
-0.853
-0.834
-0.815
-0.797
-0.779
-0.762
-0.744
-0.728
-0.711
-0.695
-0.68
-0.664
-0.649
-0.635
-0.62
-0.606
-0.593
-0.579
-0.566
-0.554
-0.541
-0.53
-0.52
-0.509
-0.499
-0.489
-0.479
-0.47
-0.46
-0.451
-0.442
-0.433
-0.425
-0.416
-0.408
-0.4
-0.392
-0.384
-0.376
-0.369
-0.361
-0.354
-0.347
-0.34
-0.333
-0.327
-0.313
-0.288
-0.258
-0.228
-0.198
-0.168
-0.139
-0.11
-0.084
-0.058
-0.032
-0.004
0.025
0.059
0.096
0.134
0.171
0.208
0.244
0.28
0.315
0.35
0.365
0.368
0.366
0.358
0.351
0.344
0.337
0.33
0.324
0.317
0.311
0.305
0.299
0.293
0.287
0.281
0.275
0.27
0.265
0.259
0.254
0.249
0.244
0.239
0.234
0.23
0.225
0.22
0.216
0.212
0.207
0.203
0.199
0.195
0.191
0.187
0.184
0.18
0.176
0.173
0.169
0.166
0.163
0.159
0.156
0.153
0.152
0.151
0.148
0.145
0.142
0.139
0.136
0.134
0.131
0.128
0.126
0.123
0.121
0.118
0.116
0.114
0.111
0.109
0.107
0.105
0.103
0.1
0.098
0.096
0.094
0.092
0.09
0.087
0.086
0.084
0.082
0.08
0.078
0.076
0.075
0.073
0.071
0.07
0.068
0.154
0.384
0.661
0.941
1.215
1.483
1.745
1.996
2.233
2.464
2.68
2.888
3.088
3.284
3.444
3.482
3.455
3.377
3.301
3.227
3.154
3.083
3.013
2.945
2.879
2.814
2.751
2.689
2.628
2.569
2.511
2.454
2.399
2.345
2.292
2.241
2.19
2.141
2.092
2.045
1.999
1.954
1.91
1.872
1.834
1.798
1.762
1.726
1.692
1.658
1.625
1.592
1.561
1.529
1.499
1.469
1.439
1.411
1.382
1.355
1.328
1.301
1.275
1.249
1.224
1.2
1.176
1.152
1.129
1.107
1.085
1.063
1.042
1.021
1.0
0.98
0.961
0.882
0.742
0.598
0.456
0.315
0.177
0.04
-0.095
-0.228
-0.359
-0.489
-0.617
-0.743
-0.867
-0.981
-1.039
-1.038
-1.018
-0.997
-0.977
-0.958
-0.939
-0.92
-0.957
-1.059
-1.177
-1.296
-1.413
-1.528
-1.642
-1.755
-1.866
-1.975
-2.083
-2.19
-2.295
-2.399
-2.501
-2.602
-2.702
-2.8
-2.897
-2.993
-3.058
-3.055
-2.986
-2.919
-2.853
-2.789
-2.726
-2.665
-2.605
-2.546
-2.489
-2.433
-2.378
-2.324
-2.272
-2.221
-2.171
-2.122
-2.074
-2.027
-1.982
-1.937
-1.893
-1.851
-1.809
-1.768
-1.728
-1.689
-1.676
-1.726
-1.83
-2.022
-2.22
-2.414
-2.539
-2.515
-2.459
-2.403
-2.349
-2.296
-2.245
-2.194
-2.145
-2.096
-2.049
-2.003
-1.958
-1.914
-1.871
-1.828
-1.787
-1.747
-1.708
-1.669
-1.632
-1.595
-1.559
-1.524
-1.489
-1.456
-1.423
-1.391
-1.363
-1.336
-1.309
-1.283
-1.257
-1.232
-1.208
-1.184
-1.16
-1.137
-1.114
-1.092
-1.07
-1.048
-1.028
-1.007
-0.987
-0.967
-0.948
-0.929
-0.91
-0.892
-0.874
-0.857
-0.84
-0.823
-0.806
-0.79
-0.775
-0.759
-0.744
-0.729
-0.714
-0.7
-0.686
-0.672
-0.659
-0.646
-0.633
-0.62
-0.608
-0.596
-0.584
-0.572
-0.561
-0.55
-0.539
-0.528
-0.517
-0.507
-0.497
-0.487
-0.477
-0.468
-0.458
-0.449
-0.44
-0.431
-0.423
-0.414
-0.406
-0.398
-0.39
-0.382
-0.375
-0.367
-0.36
-0.353
-0.345
-0.339
-0.332
-0.325
-0.319
-0.312
-0.306
-0.3
-0.294
-0.288
-0.282
-0.277
-0.271
-0.266
-0.26
-0.255
-0.25
-0.245
-0.24
-0.236
-0.231
-0.226
-0.222
-0.217
-0.213
-0.209
-0.205
-0.2
-0.196
-0.193
-0.189
-0.185
-0.181
-0.178
-0.174
-0.171
-0.167
-0.164
-0.161
-0.157
-0.154
-0.151
-0.148
-0.145
-0.142
-0.139
-0.137
-0.134
-0.131
-0.129
-0.126
-0.124
-0.121
-0.119
-0.116
-0.114
-0.112
-0.11
-0.107
-0.105
-0.103
-0.101
-0.099
-0.097
-0.095
-0.093
-0.091
-0.09
-0.088
-0.086
-0.084
-0.083
-0.081
-0.079
-0.078
-0.076
-0.075
-0.073
-0.072
-0.07
-0.069
-0.068
-0.066
-0.065
-0.064
-0.062
-0.061
-0.06
-0.059
-0.058
-0.056
-0.055
-0.054
-0.053
-0.052
-0.051
-0.05
-0.049
-0.048
-0.047
-0.046
-0.045
-0.044
-0.044
-0.043
-0.042
-0.041
-0.04
-0.039
-0.039
-0.038
-0.037
-0.036
-0.036
-0.035
-0.034
-0.034
-0.033
-0.032
-0.032
-0.031
-0.03
-0.03
-0.029
-0.029
-0.028
-0.028
-0.027
-0.026
-0.026
-0.025
-0.025
-0.024
-0.024
-0.024
-0.023
-0.023
-0.022
-0.022
-0.021
-0.021
-0.02
-0.02
-0.02
-0.019
-0.019
-0.019
-0.018
-0.018
-0.018
-0.017
-0.017
-0.017
-0.016
-0.016
-0.016
-0.015
-0.015
-0.015
-0.014
-0.014
-0.014
-0.014
-0.013
-0.013
-0.013
-0.013
-0.012
-0.012
-0.012
-0.012
-0.011
-0.011
-0.011
-0.011
-0.011
-0.01
-0.01
-0.01
-0.01
-0.01
-0.009
-0.009
-0.009
-0.009
-0.009
-0.009
-0.008
-0.008
-0.008
-0.008
-0.008
-0.008
-0.007
-0.007
-0.007
-0.007
-0.007
-0.007
-0.007
-0.007
-0.006
-0.006
-0.006
-0.006
-0.006
-0.006
-0.006
-0.006
-0.006
-0.005
-0.005
-0.005
-0.005
-0.005
-0.005
-0.005
-0.005
-0.005
-0.005
-0.005
-0.004
-0.004
-0.004
-0.004
-0.004
-0.004
-0.004
-0.004
-0.004
-0.004
-0.004
-0.004
-0.004
-0.004
-0.003
-0.003
-0.003
-0.003
-0.003
-0.003
-0.003
-0.003
-0.003
-0.003
-0.003
-0.003
-0.003
-0.003
-0.003
-0.003
-0.003
-0.003
-0.003
-0.003
-0.002
-0.002
-0.002
-0.002
-0.002
-0.002
-0.002
-0.002
-0.002
-0.002
-0.002
-0.002
-0.002
-0.002
-0.002
-0.002
-0.002
-0.002
-0.002
-0.002
-0.002
-0.002
-0.002
-0.002
-0.002
-0.002
-0.002
-0.002
-0.002
-0.002
-0.002
-0.002
-0.002
-0.002
-0.002
-0.001
-0.001
-0.001
-0.001
-0.001
-0.001
-0.001
-0.001
-0.001
-0.001
-0.001
-0.001
-0.001
-0.001
-0.001
-0.001
-0.001
-0.001
-0.001
-0.001
-0.001
-0.001
-0.001
-0.001
-0.001
-0.001
-0.001
-0.001
-0.001
-0.001
-0.001
-0.001
-0.001
-0.001
-0.001
-0.001
-0.001
-0.001
-0.001
-0.001
-0.001
-0.001
-0.001
-0.001
-0.001
-0.001
-0.001
-0.001
-0.001
-0.001
-0.001
-0.001
-0.001
-0.001
-0.001
-0.001
-0.001
-0.001
-0.001
-0.001
-0.001
-0.001
-0.001
-0.001
-0.001
-0.001
-0.001
-0.001
-0.001
-0.001
-0.001
-0.001
-0.001
-0.001
-0.001
-0.001
-0.001
-0.001
-0.001
-0.001
0.012
0.091
0.206
0.33
0.46
0.588
0.714
0.839
0.962
1.084
1.204
1.322
1.439
1.554
1.66
1.739
1.777
1.742
1.707
1.673
1.639
1.607
1.574
1.543
1.512
1.482
1.452
1.423
1.395
1.367
1.339
1.313
1.286
1.261
1.235
1.211
1.186
1.163
1.139
1.117
1.091
1.067
1.043
1.019
0.996
0.974
0.952
0.93
0.909
0.889
0.869
0.849
0.83
0.811
0.793
0.775
0.758
0.741
0.724
0.708
0.692
0.676
0.661
0.646
0.631
0.617
0.603
0.59
0.576
0.563
0.551
0.538
0.526
0.514
0.503
0.491
0.48
0.469
0.459
0.448
0.438
0.428
0.419
0.409
0.4
0.391
0.382
0.374
0.365
0.357
0.349
0.341
0.333
0.326
0.318
0.311
0.304
0.297
0.291
0.284
0.21
0.12
0.006
-0.127
-0.259
-0.39
-0.52
-0.647
-0.773
-0.897
-1.019
-1.101
-1.102
-1.08
-1.058
-1.037
-1.016
-0.996
-0.976
-0.956
-0.937
-0.919
-0.9
-0.882
-0.865
-0.847
-0.83
-0.814
-0.797
-0.782
-0.766
-0.751
-0.736
-0.721
-0.706
-0.692
-0.679
-0.665
-0.652
-0.639
-0.626
-0.613
-0.601
-0.589
-0.577
-0.566
-0.555
-0.543
-0.533
-0.522
-0.511
-0.501
-0.491
-0.481
-0.472
-0.462
-0.453
-0.444
-0.435
-0.427
-0.418
-0.41
-0.401
-0.393
-0.386
-0.378
-0.37
-0.363
-0.356
-0.349
-0.342
-0.335
-0.328
-0.322
-0.315
-0.309
-0.303
-0.297
-0.291
-0.285
-0.279
-0.274
-0.268
-0.263
-0.258
-0.252
-0.247
-0.242
-0.238
-0.233
-0.228
-0.224
-0.219
-0.215
-0.211
-0.206
-0.202
-0.198
-0.194
-0.19
-0.187
-0.183
-0.179
-0.176
-0.172
-0.169
-0.165
-0.162
-0.159
-0.156
-0.153
-0.15
-0.147
-0.144
-0.141
-0.138
-0.135
-0.132
-0.13
-0.127
-0.125
-0.122
-0.12
-0.117
-0.115
-0.113
-0.111
-0.108
-0.106
-0.104
-0.102
-0.1
-0.098
-0.096
-0.094
-0.092
-0.09
-0.089
-0.087
-0.085
-0.083
-0.082
-0.08
-0.079
-0.077
-0.075
-0.074
-0.073
-0.071
-0.07
-0.068
-0.067
-0.066
-0.064
-0.063
-0.062
-0.061
-0.059
-0.058
-0.057
-0.056
-0.055
-0.054
-0.053
-0.052
-0.051
-0.05
-0.049
-0.048
-0.047
-0.046
-0.045
-0.044
-0.043
-0.042
-0.041
-0.041
-0.04
-0.039
-0.038
-0.037
-0.037
-0.036
-0.035
-0.035
-0.034
-0.033
-0.033
-0.032
-0.031
-0.031
-0.03
-0.03
-0.029
-0.028
-0.028
-0.027
-0.027
-0.026
-0.026
-0.025
-0.025
-0.024
-0.024
-0.023
-0.023
-0.022
-0.022
-0.021
-0.021
-0.021
-0.02
-0.02
-0.019
-0.019
-0.019
-0.018
-0.018
-0.018
-0.017
-0.017
-0.017
-0.016
-0.016
-0.016
-0.015
-0.015
-0.015
-0.015
-0.014
-0.014
-0.014
-0.013
-0.013
-0.013
-0.013
-0.012
-0.012
-0.012
-0.012
-0.011
-0.011
-0.011
-0.011
-0.011
-0.01
-0.01
-0.01
-0.01
-0.01
-0.009
-0.009
-0.009
-0.009
-0.009
-0.009
-0.008
-0.008
-0.008
-0.008
-0.008
-0.008
-0.008
-0.007
-0.007
-0.007
-0.007
-0.005
0.004
0.02
0.036
0.052
0.068
0.084
0.1
0.118
0.135
0.152
0.168
0.185
0.201
0.217
0.233
0.248
0.264
0.279
0.294
0.308
0.323
0.34
0.358
0.376
0.368
0.361
0.354
0.347
0.34
0.333
0.326
0.32
0.313
0.307
0.301
0.344
0.434
0.553
0.674
0.792
0.909
1.019
1.127
1.232
1.335
1.439
1.541
1.644
1.745
1.846
1.945
2.043
2.14
2.235
2.329
2.422
2.514
1.521
1.625
1.73
1.834
1.937
2.04
2.143
2.245
2.346
2.445
2.544
2.64
2.733
2.82
2.909
2.999
3.095
3.188
3.28
3.353
3.399
3.368
3.301
3.235
3.17
3.107
3.045
2.984
2.924
2.866
2.808
2.752
2.697
2.643
2.59
2.538
2.488
2.438
2.389
2.341
2.294
2.249
2.204
2.159
2.116
2.074
2.032
1.992
1.952
1.913
1.875
1.837
1.8
1.764
1.729
1.694
1.661
1.627
1.595
1.563
1.532
1.501
1.488
1.479
1.474
1.47
1.465
1.46
1.456
1.451
1.447
1.418
1.39
1.362
1.335
1.308
1.282
1.256
1.231
1.206
1.182
1.159
1.135
1.113
1.09
1.069
1.047
1.026
1.006
0.986
0.966
0.947
0.928
0.894
0.819
0.714
0.595
0.463
0.326
0.188
0.051
-0.084
-0.217
-0.348
-0.478
-0.606
-0.732
-0.846
-0.941
-0.988
-0.968
-0.949
-0.93
-0.912
-0.893
-0.875
-0.858
-0.841
-0.824
-0.808
-0.791
-0.776
-0.759
-0.677
-0.572
-0.449
-0.329
-0.212
-0.096
0.019
0.132
0.243
0.353
0.462
0.572
0.684
0.796
0.911
1.027
1.142
1.255
1.366
1.466
1.558
1.645
1.721
1.769
1.781
1.746
1.711
1.676
1.643
1.61
1.578
1.565
1.601
1.686
1.784
1.883
1.982
2.079
2.175
2.269
2.363
2.455
2.546
2.626
2.695
2.731
2.735
2.681
2.627
2.574
2.523
2.472
2.423
2.374
2.327
2.28
2.235
2.19
2.146
2.103
2.061
2.02
1.98
1.94
1.901
1.863
1.826
1.789
1.754
1.718
1.684
1.65
1.617
1.585
1.553
1.522
1.527
1.556
1.609
1.666
1.724
1.782
1.838
1.894
1.949
2.003
2.042
2.073
2.097
2.111
2.097
2.055
2.014
1.974
1.934
1.895
1.857
1.82
1.784
1.748
1.713
1.679
1.645
1.612
1.58
1.568
1.585
1.622
1.668
1.72
1.776
1.845
1.933
2.027
2.125
2.221
2.316
2.41
2.503
2.595
2.687
2.777
2.848
2.889
2.879
2.821
2.765
2.71
2.656
2.602
2.55
2.499
2.449
2.4
2.352
2.305
2.259
2.218
2.177
2.134
2.091
2.049
2.008
1.968
1.928
1.89
1.852
1.815
1.779
1.743
1.708
1.674
1.641
1.608
1.576
1.544
1.513
1.483
1.453
1.424
1.396
1.368
1.34
1.314
1.287
1.262
1.236
1.212
1.187
1.164
1.14
1.117
1.095
1.073
1.052
1.031
1.01
0.99
0.97
0.951
0.932
0.913
0.895
0.877
0.859
0.842
0.825
0.809
0.792
0.777
0.761
0.746
0.731
0.716
0.702
0.688
0.674
0.661
0.647
0.634
0.622
0.609
0.597
0.585
0.573
0.562
0.551
0.54
0.529
0.518
0.508
0.498
0.488
0.478
0.468
0.459
0.45
0.441
0.432
0.423
0.415
0.407
0.398
0.391
0.383
0.375
0.368
0.36
0.353
0.346
0.339
0.332
0.326
0.319
0.313
0.306
0.3
0.294
0.288
0.283
0.277
0.271
0.266
0.261
0.255
0.25
0.245
0.24
0.235
0.231
0.226
0.222
0.217
0.213
0.209
0.204
0.2
0.196
0.192
0.188
0.185
0.181
0.177
0.174
0.17
0.167
0.164
0.16
0.157
0.154
0.151
0.148
0.145
0.142
0.139
0.136
0.134
0.131
0.128
0.126
0.123
0.121
0.118
0.116
0.114
0.111
0.109
0.107
0.105
0.103
0.101
0.098
0.097
0.095
0.093
0.091
0.089
0.087
0.083
0.074
0.057
0.026
-0.04
-0.134
-0.261
-0.392
-0.521
-0.649
-0.774
-0.898
-1.021
-1.142
-1.261
-1.378
-1.494
-1.609
-1.722
-1.833
-1.924
-1.979
-1.94
-1.901
-1.863
-1.826
-1.789
-1.753
-1.718
-1.684
-1.65
-1.617
-1.585
-1.553
-1.522
-1.492
-1.462
-1.433
-1.404
-1.376
-1.348
-1.321
-1.295
-1.269
-1.244
-1.219
-1.195
-1.171
-1.147
-1.124
-1.102
-1.08
-1.058
-1.037
-1.016
-0.996
-0.976
-0.957
-0.937
-0.91
-0.825
-0.682
-0.539
-0.397
-0.257
-0.12
0.016
0.15
0.283
0.413
0.542
0.669
0.795
0.918
1.04
1.161
1.28
1.397
1.513
1.627
1.74
1.851
1.96
2.069
2.175
2.275
2.369
2.461
2.551
2.641
2.73
2.818
2.905
2.99
3.074
3.158
3.236
3.32
3.402
3.485
3.568
3.652
3.735
3.818
3.9
3.981
4.052
4.104
4.116
4.033
3.953
3.873
3.796
3.72
3.646
3.573
3.501
3.431
3.363
3.295
3.229
3.165
3.102
3.039
2.979
2.956
2.966
3.012
3.091
3.179
3.268
3.354
3.437
3.483
3.482
3.412
3.344
3.277
3.211
3.147
3.084
3.022
2.962
2.903
2.845
2.788
2.732
2.677
2.624
2.571
2.52
2.469
2.42
2.372
2.324
2.278
2.232
2.187
2.144
2.101
2.059
2.018
1.977
1.938
1.899
1.861
1.824
1.787
1.751
1.799
1.869
1.966
2.074
2.181
2.286
2.39
2.492
2.593
2.693
2.792
2.889
2.985
3.079
3.156
3.204
3.172
3.109
3.047
2.986
2.926
2.867
2.81
2.754
2.699
2.645
2.592
2.54
2.489
2.439
2.391
2.343
2.296
2.25
2.205
2.161
2.118
2.075
2.034
1.993
1.953
1.914
1.876
1.838
1.802
1.765
1.73
1.696
1.662
1.613
1.528
1.415
1.28
1.138
0.998
0.855
0.715
0.577
0.441
0.318
0.218
0.164
0.161
0.158
0.155
0.152
0.149
0.146
0.143
0.14
0.137
0.101
0.016
-0.097
-0.375
-0.66
-0.941
-1.215
-1.483
-1.744
-2.0
-2.25
-2.495
-2.662
-2.722
-2.661
-2.601
-2.542
-2.485
-2.429
-2.374
-2.321
-2.268
-2.217
-2.167
-2.119
-2.071
-2.024
-1.979
-1.934
-1.89
-1.848
-1.806
-1.766
-1.726
-1.687
-1.649
-1.612
-1.575
-1.54
-1.505
-1.471
-1.438
-1.406
-1.374
-1.343
-1.313
-1.283
-1.254
-1.226
-1.199
-1.159
-1.058
-0.917
-0.73
-0.505
-0.257
0.008
0.27
0.526
0.776
1.024
1.269
1.509
1.708
1.768
1.796
1.794
1.758
1.723
1.689
1.655
1.622
1.589
1.558
1.546
1.54
1.539
1.539
1.539
1.54
1.54
1.509
1.479
1.45
1.421
1.392
1.364
1.337
1.31
1.284
1.258
1.233
1.175
1.067
0.933
0.789
0.644
0.501
0.36
0.324
0.318
0.311
0.305
0.299
0.293
0.287
0.281
0.276
0.27
0.265
0.26
0.254
0.249
0.244
0.239
0.235
0.23
0.225
0.221
0.216
0.212
0.208
0.204
0.2
0.196
0.192
0.188
0.184
0.18
0.177
0.173
0.17
0.166
0.163
0.16
0.156
0.153
0.15
0.147
0.144
0.141
0.139
0.136
0.133
0.13
0.128
0.125
0.123
0.12
0.118
0.115
0.113
0.111
0.109
0.106
0.104
0.102
0.1
0.098
0.096
0.094
0.092
0.09
0.089
0.081
0.053
0.004
-0.066
-0.152
-0.247
-0.346
-0.444
-0.54
-0.635
-0.712
-0.768
-0.784
-0.768
-0.753
-0.738
-0.723
-0.709
-0.695
-0.681
-0.667
-0.654
-0.641
-0.628
-0.615
-0.603
-0.591
-0.579
-0.568
-0.556
-0.545
-0.534
-0.524
-0.513
-0.503
-0.493
-0.483
-0.473
-0.464
-0.455
-0.446
-0.437
-0.428
-0.419
-0.411
-0.403
-0.395
-0.387
-0.379
-0.372
-0.364
-0.357
-0.35
-0.343
-0.337
-0.322
-0.302
-0.281
-0.259
-0.236
-0.215
-0.192
-0.171
-0.15
-0.13
-0.11
-0.091
-0.072
-0.054
-0.035
-0.018
0.0
0.017
0.034
0.051
0.067
0.083
0.099
0.115
0.13
0.149
0.169
0.191
0.215
0.238
0.264
0.293
0.323
0.353
0.383
0.375
0.368
0.359
0.351
0.343
0.336
0.328
0.321
0.313
0.306
0.299
0.293
0.286
0.28
0.273
0.267
0.261
0.255
0.249
0.244
0.238
0.233
0.228
0.223
0.218
0.213
0.208
0.203
0.199
0.194
0.19
0.185
0.181
0.177
0.173
0.169
0.165
0.162
0.158
0.154
0.151
0.147
0.144
0.141
0.138
0.135
0.132
0.129
0.126
0.123
0.12
0.117
0.115
0.112
0.11
0.107
0.105
0.102
0.1
0.098
0.095
0.093
0.091
0.089
0.088
0.086
0.084
0.082
0.081
0.079
0.078
0.076
0.074
0.073
0.071
0.07
0.069
0.067
0.066
0.065
0.063
0.062
0.061
0.059
0.058
0.057
0.056
0.055
0.054
0.053
0.052
0.051
0.05
0.049
0.048
0.047
0.046
0.045
0.044
0.043
0.042
0.041
0.04
0.04
0.039
0.038
0.037
0.036
0.036
0.035
0.034
0.034
0.033
0.032
0.032
0.031
0.03
0.03
0.029
0.028
0.028
0.027
0.027
0.026
0.06
0.121
0.194
0.268
0.34
0.411
0.481
0.551
0.619
0.687
0.753
0.819
0.884
0.948
1.011
1.073
1.135
1.195
1.255
1.316
1.376
1.434
1.493
1.55
1.606
1.662
1.717
1.772
1.901
2.028
2.165
2.326
2.492
2.654
2.812
2.975
3.141
3.307
3.448
3.505
3.458
3.381
3.304
3.23
3.157
3.086
3.016
2.948
2.882
2.817
2.754
2.691
2.631
2.572
2.514
2.457
2.402
2.347
2.295
2.243
2.092
1.888
1.689
1.495
1.334
1.199
1.088
0.988
0.91
0.869
0.85
0.831
0.812
0.794
0.776
0.758
0.741
0.724
0.708
0.692
0.676
0.661
0.646
0.632
0.617
0.604
0.59
0.577
0.564
0.552
0.541
0.53
0.52
0.509
0.499
0.489
0.479
0.47
0.46
0.451
0.442
0.433
0.425
0.416
0.408
0.4
0.347
0.247
0.129
0.003
-0.122
-0.245
-0.355
-0.448
-0.527
-0.587
-0.633
-0.652
-0.654
-0.647
-0.634
-0.621
-0.609
-0.597
-0.585
-0.573
-0.562
-0.551
-0.54
-0.529
-0.518
-0.508
-0.498
-0.488
-0.478
-0.468
-0.459
-0.45
-0.441
-0.432
-0.423
-0.415
-0.407
-0.399
-0.391
-0.383
-0.375
-0.368
-0.36
-0.353
-0.346
-0.339
-0.332
-0.331
-0.371
-0.456
-0.567
-0.685
-0.808
-0.932
-1.054
-1.173
-1.288
-1.4
-1.511
-1.614
-1.658
-1.625
-1.592
-1.561
-1.529
-1.499
-1.469
-1.44
-1.411
-1.383
-1.355
-1.328
-1.301
-1.275
-1.25
-1.225
-1.2
-1.176
-1.153
-1.13
-1.107
-1.085
-1.063
-1.042
-1.021
-1.001
-0.991
-0.99
-0.994
-1.002
-1.013
-1.028
-1.042
-1.057
-1.048
-1.027
-1.006
-0.986
-0.966
-0.947
-0.928
-0.91
-0.891
-0.874
-0.856
-0.839
-0.822
-0.806
-0.79
-0.774
-0.758
-0.743
-0.728
-0.714
-0.7
-0.686
-0.672
-0.658
-0.645
-0.632
-0.62
-0.607
-0.595
-0.583
-0.572
-0.559
-0.546
-0.534
-0.522
-0.51
-0.499
-0.487
-0.476
-0.466
-0.455
-0.445
-0.435
-0.425
-0.416
-0.406
-0.397
-0.388
-0.379
-0.371
-0.363
-0.354
-0.346
-0.339
-0.331
-0.324
-0.316
-0.309
-0.302
-0.295
-0.289
-0.282
-0.276
-0.27
-0.264
-0.258
-0.252
-0.246
-0.241
-0.235
-0.23
-0.225
-0.22
-0.215
-0.21
-0.205
-0.201
-0.196
-0.192
-0.187
-0.183
-0.179
-0.175
-0.171
-0.167
-0.164
-0.16
-0.156
-0.153
-0.149
-0.146
-0.143
-0.14
-0.137
-0.134
-0.132
-0.129
-0.126
-0.124
-0.122
-0.119
-0.117
-0.114
-0.112
-0.11
-0.108
-0.106
-0.103
-0.101
-0.099
-0.097
-0.095
-0.094
-0.092
-0.09
-0.088
-0.086
-0.085
-0.083
-0.081
-0.08
-0.078
-0.077
-0.075
-0.074
-0.072
-0.071
-0.069
-0.068
-0.067
-0.065
-0.064
-0.063
-0.061
-0.06
-0.059
-0.058
-0.057
-0.056
-0.054
-0.053
-0.052
-0.051
-0.05
-0.049
-0.048
-0.047
-0.046
-0.045
-0.045
-0.044
-0.043
-0.042
-0.041
-0.04
-0.04
-0.039
-0.038
-0.037
-0.037
-0.036
-0.035
-0.034
-0.034
-0.033
-0.032
-0.032
-0.031
-0.031
-0.03
-0.029
-0.029
-0.028
-0.028
-0.027
-0.027
-0.026
-0.026
-0.025
-0.025
-0.024
-0.024
-0.023
-0.023
-0.022
-0.022
-0.021
-0.021
-0.021
-0.02
-0.02
-0.019
-0.019
-0.019
-0.018
-0.018
-0.018
-0.017
-0.017
-0.017
-0.016
-0.016
-0.016
-0.015
-0.015
-0.015
-0.014
-0.014
-0.014
-0.014
-0.013
-0.013
-0.013
-0.013
-0.012
-0.012
-0.012
-0.012
-0.011
-0.011
-0.011
-0.011
-0.011
-0.01
-0.01
-0.01
-0.01
-0.01
-0.009
-0.009
-0.009
-0.009
-0.009
-0.009
-0.008
-0.008
-0.008
-0.008
-0.008
-0.008
-0.008
-0.007
-0.007
-0.007
-0.007
-0.007
-0.007
-0.007
-0.006
-0.006
-0.006
-0.006
-0.006
-0.006
-0.006
-0.006
-0.006
-0.005
-0.005
-0.005
-0.005
-0.005
-0.005
-0.005
-0.005
-0.005
-0.005
-0.005
-0.004
-0.004
-0.004
-0.004
-0.004
-0.004
-0.004
-0.004
-0.004
-0.004
-0.004
-0.004
-0.004
-0.004
-0.004
-0.003
-0.003
-0.003
-0.003
-0.003
-0.003
-0.003
-0.003
-0.003
-0.003
-0.003
-0.003
-0.003
-0.003
-0.003
-0.003
-0.003
-0.003
-0.003
-0.003
-0.002
-0.002
-0.002
-0.002
-0.002
-0.002
-0.002
-0.002
-0.002
-0.002
-0.002
-0.002
-0.002
-0.002
-0.002
-0.002
-0.002
-0.002
-0.002
-0.002
-0.002
-0.002
-0.002
-0.002
-0.002
-0.002
-0.002
-0.002
-0.002
-0.002
-0.002
-0.002
-0.002
-0.002
-0.001
-0.001
-0.001
-0.001
-0.001
-0.001
-0.001
-0.001
-0.001
-0.001
-0.001
-0.001
-0.001
-0.001
-0.001
-0.001
-0.001
-0.001
-0.001
-0.001
-0.001
-0.001
-0.001
0.009
0.041
0.082
0.134
0.19
0.251
0.317
0.385
0.454
0.521
0.59
0.661
0.734
0.806
0.877
0.947
1.016
1.085
1.152
1.218
1.267
1.297
1.297
1.271
1.246
1.221
1.196
1.172
1.149
1.126
1.103
1.081
1.06
1.038
1.018
0.997
0.977
0.958
0.939
0.92
0.901
0.883
0.866
0.848
0.831
0.815
0.798
0.783
0.767
0.751
0.736
0.722
0.707
0.693
0.679
0.666
0.652
0.639
0.626
0.614
0.602
0.59
0.578
0.566
0.555
0.544
0.533
0.522
0.512
0.502
0.491
0.482
0.472
0.463
0.453
0.444
0.435
0.427
0.418
0.41
0.401
0.393
0.386
0.378
0.37
0.363
0.356
0.348
0.342
0.335
0.328
0.321
0.315
0.309
0.302
0.296
0.29
0.285
0.279
0.273
0.268
0.263
0.257
0.252
0.247
0.242
0.237
0.232
0.227
0.222
0.217
0.212
0.207
0.202
0.198
0.193
0.189
0.185
0.18
0.176
0.172
0.168
0.165
0.161
0.157
0.154
0.15
0.147
0.143
0.14
0.137
0.134
0.131
0.128
0.125
0.122
0.119
0.117
0.114
0.112
0.109
0.107
0.104
0.102
0.099
0.097
0.095
0.093
0.091
0.089
0.087
0.085
0.083
0.081
0.079
0.077
0.076
0.074
0.072
0.071
0.069
0.067
0.066
0.064
0.063
0.061
0.06
0.059
0.058
0.056
0.055
0.054
0.053
0.052
0.051
0.05
0.049
0.048
0.047
0.046
0.045
0.044
0.043
0.042
0.041
0.041
0.04
0.039
0.038
0.037
0.037
0.036
0.035
0.035
0.034
0.033
0.032
0.032
0.031
0.031
0.03
0.029
0.029
0.028
0.028
0.027
0.026
0.026
0.025
0.025
0.024
0.024
0.023
0.023
0.022
0.022
0.021
0.021
0.021
0.02
0.045
0.079
0.112
0.144
0.177
0.208
0.24
0.27
0.301
0.331
0.361
0.392
0.423
0.453
0.483
0.513
0.542
0.571
0.598
0.626
0.653
0.68
0.707
0.734
0.76
0.786
0.811
0.835
0.858
0.88
0.901
0.922
0.942
0.923
0.904
0.884
0.864
0.845
0.826
0.807
0.789
0.771
0.754
0.737
0.72
0.704
0.688
0.672
0.657
0.642
0.628
0.614
0.6
0.586
0.573
0.56
0.548
0.535
0.523
0.511
0.5
0.489
0.478
0.467
0.456
0.446
0.436
0.426
0.416
0.407
0.398
0.389
0.38
0.372
0.363
0.355
0.347
0.339
0.331
0.324
0.317
0.31
0.303
0.296
0.289
0.283
0.276
0.27
0.264
0.258
0.252
0.246
0.241
0.235
0.23
0.225
0.22
0.216
0.212
0.207
0.203
0.199
0.195
0.191
0.187
0.184
0.18
0.176
0.173
0.169
0.166
0.163
0.159
0.156
0.153
0.15
0.147
0.144
0.141
0.138
0.135
0.133
0.13
0.127
0.125
0.122
0.12
0.118
0.115
0.113
0.111
0.108
0.106
0.104
0.102
0.1
0.098
0.096
0.094
0.092
0.09
0.088
0.087
0.085
0.083
0.082
0.08
0.078
0.077
0.075
0.074
0.072
0.071
0.069
0.068
0.067
0.065
0.064
0.063
0.061
0.06
0.059
0.058
0.057
0.055
0.054
0.053
0.052
0.051
0.039
0.017
-0.013
-0.046
-0.078
-0.108
-0.138
-0.168
-0.197
-0.226
-0.254
-0.282
-0.31
-0.338
-0.365
-0.393
-0.422
-0.45
-0.477
-0.476
-0.466
-0.457
-0.448
-0.439
-0.43
-0.422
-0.413
-0.405
-0.397
-0.389
-0.381
-0.373
-0.366
-0.359
-0.351
-0.343
-0.335
-0.327
-0.32
-0.313
-0.306
-0.299
-0.292
-0.286
-0.279
-0.273
-0.267
-0.261
-0.255
-0.249
-0.244
-0.238
-0.233
-0.228
-0.222
-0.217
-0.213
-0.208
-0.203
-0.199
-0.194
-0.19
-0.185
-0.181
-0.177
-0.173
-0.169
-0.166
-0.162
-0.158
-0.155
-0.151
-0.148
-0.144
-0.141
-0.138
-0.135
-0.132
-0.129
-0.126
-0.123
-0.12
-0.118
-0.115
-0.113
-0.11
-0.108
-0.105
-0.103
-0.1
-0.098
-0.096
-0.094
-0.092
-0.09
-0.088
-0.086
-0.084
-0.083
-0.081
-0.095
-0.115
-0.139
-0.162
-0.187
-0.211
-0.236
-0.26
-0.286
-0.311
-0.338
-0.365
-0.391
-0.418
-0.446
-0.474
-0.501
-0.526
-0.551
-0.576
-0.6
-0.624
-0.647
-0.67
-0.692
-0.713
-0.735
-0.756
-0.776
-0.797
-0.817
-0.837
-0.857
-0.876
-0.895
-0.914
-0.932
-0.951
-0.969
-0.987
-1.004
-1.022
-1.039
-1.056
-1.073
-1.089
-1.105
-1.121
-1.137
-1.151
-1.168
-1.163
-1.159
-1.153
-1.145
-1.131
-1.108
-1.086
-1.064
-1.043
-1.022
-1.002
-0.982
-0.962
-0.943
-0.924
-0.905
-0.887
-0.87
-0.852
-0.835
-0.819
-0.802
-0.786
-0.77
-0.755
-0.74
-0.725
-0.711
-0.696
-0.683
-0.669
-0.656
-0.642
-0.63
-0.617
-0.605
-0.593
-0.561
-0.502
-0.416
-0.305
-0.177
-0.042
0.094
0.228
0.36
0.489
0.617
0.743
0.868
0.991
1.112
1.231
1.349
1.465
1.58
1.694
1.799
1.901
1.998
2.095
2.184
2.265
2.334
2.387
2.42
2.424
2.395
2.347
2.3
2.254
2.209
2.159
2.087
1.997
1.893
1.779
1.657
1.533
1.41
1.289
1.185
1.083
0.987
0.901
0.816
0.734
0.659
0.591
0.541
0.522
0.514
0.504
0.494
0.466
0.433
0.396
0.358
0.319
0.279
0.238
0.199
0.16
0.121
0.083
0.046
0.009
-0.028
-0.064
-0.099
-0.134
-0.169
-0.203
-0.237
-0.27
-0.287
-0.305
-0.32
-0.333
-0.341
-0.346
-0.345
-0.338
-0.331
-0.325
-0.318
-0.312
-0.306
-0.3
-0.294
-0.288
-0.282
-0.276
-0.271
-0.265
-0.26
-0.255
-0.25
-0.245
-0.24
-0.235
-0.231
-0.226
-0.221
-0.217
-0.213
-0.208
-0.204
-0.2
-0.196
-0.192
-0.188
-0.18
-0.15
-0.095
-0.017
0.083
0.201
0.327
0.457
0.586
0.713
0.838
0.964
1.088
1.212
1.338
1.46
1.575
1.688
1.8
1.911
2.02
2.127
2.233
2.337
2.441
2.535
2.623
2.701
2.763
2.788
2.732
2.677
2.624
2.571
2.52
2.47
2.42
2.372
2.324
2.278
2.232
2.188
2.144
2.101
2.059
2.018
1.977
1.938
1.899
1.861
1.824
1.787
1.752
1.717
1.682
1.649
1.616
1.583
1.552
1.521
1.49
1.46
1.431
1.402
1.374
1.347
1.32
1.294
1.268
1.242
1.217
1.193
1.169
1.146
1.123
1.1
1.078
1.057
1.036
1.015
0.995
0.975
0.955
0.936
0.917
0.899
0.881
0.863
0.846
0.829
0.813
0.796
0.78
0.765
0.749
0.734
0.72
0.705
0.697
0.705
0.718
0.737
0.764
0.801
0.856
0.924
1.003
1.092
1.191
1.294
1.405
1.515
1.625
1.735
1.843
1.951
2.057
2.162
2.266
2.369
2.47
2.57
2.669
2.766
2.862
2.957
3.05
3.143
3.234
3.323
3.412
3.491
3.556
3.604
3.628
3.622
3.6
3.569
3.537
3.5
3.463
3.394
3.326
3.259
3.194
3.13
3.067
3.006
2.946
2.887
2.829
2.773
2.717
2.663
2.61
2.557
2.506
2.456
2.407
2.359
2.312
2.265
2.22
2.176
2.132
2.09
2.048
2.007
1.967
1.927
1.889
1.851
1.814
1.778
1.742
1.707
1.673
1.64
1.607
1.575
1.543
1.512
1.482
1.452
1.423
1.395
1.367
1.34
1.313
1.286
1.261
1.236
1.211
1.187
1.163
1.14
1.117
1.094
1.073
1.051
1.03
1.009
0.989
0.969
0.95
0.931
0.912
0.894
0.876
0.859
0.842
0.825
0.808
0.792
0.776
0.761
0.745
0.73
0.716
0.702
0.687
0.674
0.66
0.647
0.634
0.621
0.609
0.597
0.585
0.573
0.562
0.55
0.539
0.529
0.518
0.508
0.497
0.488
0.478
0.468
0.459
0.45
0.441
0.432
0.423
0.415
0.406
0.398
0.39
0.382
0.375
0.367
0.36
0.353
0.346
0.339
0.332
0.325
0.319
0.312
0.306
0.3
0.294
0.288
0.282
0.277
0.271
0.266
0.26
0.255
0.275
0.34
0.421
0.517
0.621
0.739
0.86
0.981
1.103
1.222
1.34
1.457
1.572
1.685
1.797
1.907
2.016
2.124
2.23
2.334
2.438
2.514
2.518
2.468
2.418
2.37
2.323
2.276
2.231
2.186
2.142
2.099
2.057
2.016
1.976
1.936
1.898
1.86
1.823
1.786
1.75
1.715
1.681
1.647
1.614
1.582
1.55
1.519
1.489
1.459
1.43
1.401
1.373
1.346
1.319
1.293
1.267
1.241
1.217
1.192
1.168
1.145
1.122
1.1
1.078
1.056
1.035
1.014
0.994
0.974
0.955
0.935
0.917
0.898
0.88
0.863
0.846
0.829
0.812
0.796
0.78
0.764
0.749
0.734
0.719
0.705
0.691
0.677
0.663
0.65
0.637
0.624
0.612
0.6
0.588
0.576
0.564
0.553
0.542
0.531
0.52
0.51
0.5
0.49
0.48
0.47
0.445
0.408
0.363
0.312
0.253
0.189
0.123
0.058
-0.006
-0.074
-0.152
-0.237
-0.324
-0.412
-0.501
-0.594
-0.692
-0.793
-0.896
-0.997
-1.096
-1.195
-1.292
-1.387
-1.485
-1.588
-1.696
-1.807
-1.917
-2.026
-2.133
-2.239
-2.344
-2.447
-2.548
-2.649
-2.748
-2.846
-2.942
-3.037
-3.131
-3.224
-3.315
-3.405
-3.494
-3.56
-3.555
-3.484
-3.414
-3.346
-3.279
-3.214
-3.149
-3.086
-3.025
-2.964
-2.905
-2.847
-2.79
-2.734
-2.679
-2.626
-2.573
-2.522
-2.471
-2.422
-2.374
-2.326
-2.28
-2.234
-2.189
-2.146
-2.103
-2.061
-2.019
-1.979
-1.939
-1.901
-1.863
-1.825
-1.789
-1.753
-1.718
-1.684
-1.65
-1.617
-1.585
-1.553
-1.522
-1.492
-1.462
-1.433
-1.404
-1.376
-1.348
-1.321
-1.295
-1.269
-1.244
-1.18
-1.077
-0.936
-0.79
-0.645
-0.502
-0.361
-0.222
-0.099
0.0
0.025
0.024
0.024
0.023
0.023
0.022
0.022
0.021
0.021
0.021
0.02
0.02
0.019
0.019
0.019
0.018
0.018
0.017
0.017
0.017
0.016
0.016
0.016
0.015
0.015
0.015
0.014
0.014
0.014
0.014
0.013
0.013
0.013
0.012
0.012
0.012
0.012
0.011
0.011
0.011
0.011
0.011
0.01
0.01
0.01
0.01
0.009
0.009
0.009
0.009
0.009
0.008
0.008
0.008
0.008
0.008
0.008
0.007
0.007
0.007
0.01
0.042
0.1
0.183
0.277
0.381
0.496
0.613
0.73
0.845
0.959
1.061
1.157
1.236
1.284
1.268
1.242
1.218
1.193
1.169
1.146
1.123
1.101
1.079
1.057
1.036
1.015
0.995
0.975
0.955
0.936
0.918
0.899
0.881
0.864
0.846
0.829
0.813
0.796
0.781
0.765
0.75
0.735
0.72
0.705
0.691
0.678
0.664
0.651
0.638
0.625
0.612
0.6
0.588
0.576
0.565
0.553
0.542
0.532
0.521
0.51
0.5
0.49
0.48
0.471
0.461
0.452
0.443
0.434
0.426
0.417
0.409
0.4
0.392
0.385
0.377
0.369
0.362
0.355
0.348
0.341
0.334
0.327
0.321
0.314
0.308
0.302
0.296
0.289
0.282
0.276
0.27
0.264
0.258
0.252
0.246
0.241
0.235
0.23
0.225
0.22
0.215
0.21
0.205
0.201
0.196
0.192
0.187
0.183
0.179
0.175
0.171
0.167
0.163
0.16
0.156
0.152
0.149
0.146
0.142
0.139
0.136
0.133
0.13
0.127
0.124
0.121
0.119
0.116
0.113
0.111
0.108
0.106
0.103
0.101
0.099
0.096
0.094
0.092
0.09
0.088
0.086
0.084
0.082
0.08
0.078
0.077
0.075
0.073
0.072
0.07
0.069
0.068
0.066
0.065
0.064
0.062
0.061
0.06
0.059
0.061
0.071
0.081
0.091
0.103
0.115
0.112
0.11
0.108
0.106
0.103
0.101
0.099
0.097
0.095
0.093
0.092
0.09
0.088
0.086
0.09
0.129
0.204
0.289
0.377
0.463
0.549
0.633
0.716
0.798
0.879
0.959
1.038
1.115
1.192
1.268
1.342
1.416
1.489
1.56
1.631
1.701
1.77
1.838
1.905
1.971
2.036
2.101
2.153
2.19
2.172
2.129
2.086
2.044
2.003
1.963
1.924
1.886
1.848
1.811
1.775
1.739
1.704
1.67
1.637
1.604
1.572
1.541
1.51
1.48
1.45
1.421
1.392
1.365
1.337
1.311
1.284
1.259
1.233
1.209
1.185
1.161
1.138
1.115
1.093
1.071
1.049
1.028
1.008
0.988
0.968
0.948
0.929
0.911
0.893
0.875
0.857
0.84
0.823
0.807
0.791
0.775
0.759
0.744
0.729
0.729
0.746
0.764
0.785
0.805
0.825
0.844
0.865
0.89
0.924
0.964
1.007
1.053
1.1
1.147
1.193
1.237
1.282
1.327
1.375
1.425
1.479
1.535
1.59
1.645
1.699
1.752
1.804
1.856
1.907
1.957
2.007
2.056
2.116
2.183
2.252
2.32
2.365
2.358
2.311
2.265
2.22
2.175
2.132
2.089
2.047
2.006
1.966
1.927
1.888
1.85
1.813
1.777
1.742
1.707
1.673
1.639
1.606
1.613
1.658
1.723
1.795
1.868
1.941
2.013
2.084
2.154
2.223
2.292
2.359
2.426
2.491
2.561
2.63
2.698
2.743
2.741
2.686
2.633
2.58
2.528
2.478
2.428
2.38
2.332
2.285
2.24
2.195
2.151
2.108
2.066
2.059
2.084
2.123
2.176
2.235
2.298
2.36
2.423
2.484
2.546
2.606
2.665
2.724
2.763
2.796
2.815
2.823
2.786
2.731
2.676
2.622
2.57
2.519
2.468
2.419
2.37
2.323
2.277
2.231
2.186
2.143
2.1
2.058
2.017
1.976
1.937
1.898
1.86
1.823
1.786
1.751
1.716
1.681
1.648
1.615
1.582
1.568
1.56
1.554
1.549
1.543
1.537
1.532
1.526
1.521
1.515
1.485
1.455
1.426
1.398
1.37
1.342
1.315
1.289
1.263
1.238
1.213
1.189
1.165
1.142
1.119
1.097
1.075
1.053
1.032
1.039
1.082
1.149
1.23
1.314
1.397
1.479
1.56
1.64
1.718
1.796
1.872
1.948
2.022
2.096
2.168
2.241
2.313
2.383
2.453
2.522
2.59
2.657
2.723
2.787
2.849
2.91
2.971
3.031
3.09
3.148
3.205
3.245
3.263
3.27
3.265
3.236
3.172
3.108
3.046
2.985
2.925
2.867
2.809
2.753
2.698
2.644
2.591
2.539
2.489
2.439
2.39
2.342
2.295
2.25
2.205
2.16
2.117
2.075
2.033
1.993
1.953
1.914
1.875
1.838
1.801
1.765
1.73
1.695
1.661
1.628
1.595
1.564
1.532
1.502
1.472
1.442
1.413
1.385
1.357
1.33
1.304
1.277
1.252
1.227
1.202
1.178
1.155
1.132
1.109
1.087
1.065
1.044
1.023
1.002
0.982
0.963
0.943
0.924
0.906
0.888
0.87
0.853
0.836
0.819
0.802
0.786
0.771
0.755
0.74
0.725
0.711
0.697
0.683
0.669
0.656
0.642
0.63
0.617
0.605
0.593
0.581
0.569
0.558
0.547
0.536
0.525
0.514
0.504
0.494
0.484
0.474
0.465
0.456
0.446
0.438
0.429
0.42
0.412
0.404
0.395
0.388
0.38
0.372
0.365
0.357
0.35
0.351
0.379
0.421
0.477
0.547
0.618
0.69
0.761
0.831
0.9
0.968
1.035
1.102
1.151
1.184
1.203
1.194
1.171
1.147
1.124
1.102
1.08
1.058
1.037
1.016
0.996
0.976
0.956
0.937
0.918
0.9
0.882
0.864
0.847
0.83
0.822
0.837
0.877
0.929
0.992
1.062
1.136
1.211
1.285
1.358
1.413
1.459
1.487
1.503
1.513
1.518
1.519
1.488
1.459
1.429
1.401
1.373
1.345
1.318
1.292
1.266
1.241
1.216
1.192
1.168
1.144
1.146
1.161
1.19
1.224
1.266
1.313
1.36
1.407
1.452
1.498
1.542
1.571
1.595
1.614
1.624
1.627
1.613
1.58
1.549
1.518
1.487
1.458
1.428
1.4
1.372
1.344
1.317
1.291
1.265
1.24
1.215
1.191
1.167
1.144
1.121
1.098
1.076
1.055
1.034
1.013
0.993
0.973
0.953
0.934
0.916
0.897
0.879
0.862
0.845
0.828
0.813
0.775
0.721
0.655
0.563
0.466
0.359
0.248
0.13
0.012
-0.107
-0.225
-0.342
-0.457
-0.571
-0.683
-0.778
-0.862
-0.942
-1.021
-1.113
-1.215
-1.324
-1.438
-1.554
-1.814
-2.068
-2.317
-2.56
-2.797
-3.029
-3.256
-3.478
-3.695
-3.875
-3.944
-3.855
-3.768
-3.683
-3.6
-3.519
-3.44
-3.362
-3.287
-3.212
-3.14
-3.069
-3.0
-2.933
-2.867
-2.802
-2.739
-2.677
-2.617
-2.558
-2.5
-2.444
-2.389
-2.335
-2.282
-2.231
-2.181
-2.132
-2.084
-2.037
-1.991
-1.946
-1.902
-1.859
-1.817
-1.776
-1.736
-1.697
-1.659
-1.622
-1.585
-1.549
-1.515
-1.48
-1.447
-1.414
-1.383
-1.351
-1.321
-1.291
-1.262
-1.237
-1.212
-1.188
-1.164
-1.141
-1.118
-1.096
-1.074
-1.052
-1.031
-1.011
-0.991
-0.971
-0.951
-0.932
-0.914
-0.895
-0.874
-0.85
-0.825
-0.799
-0.766
-0.725
-0.677
-0.619
-0.56
-0.502
-0.444
-0.387
-0.331
-0.291
-0.266
-0.253
-0.248
-0.243
-0.238
-0.234
-0.229
-0.224
-0.22
-0.216
-0.211
-0.207
-0.203
-0.199
-0.195
-0.191
-0.187
-0.183
-0.18
-0.176
-0.173
-0.169
-0.166
-0.163
-0.159
-0.156
-0.153
-0.15
-0.147
-0.144
-0.141
-0.138
-0.136
-0.133
-0.13
-0.128
-0.125
-0.123
-0.12
-0.118
-0.115
-0.113
-0.111
-0.109
-0.107
-0.104
-0.102
-0.1
-0.098
-0.096
-0.094
-0.093
-0.091
-0.089
-0.087
-0.085
-0.084
-0.082
-0.08
-0.079
-0.077
-0.076
-0.074
-0.073
-0.071
-0.07
-0.068
-0.067
-0.066
-0.064
-0.063
-0.062
-0.061
-0.06
-0.058
-0.057
-0.056
-0.055
-0.054
-0.053
-0.052
-0.051
-0.05
-0.049
-0.048
-0.047
-0.046
-0.045
-0.044
-0.043
-0.042
-0.042
-0.041
-0.04
-0.039
-0.038
-0.038
-0.037
-0.036
-0.035
-0.035
-0.034
-0.033
-0.033
0.025
0.13
0.264
0.402
0.537
0.671
0.803
0.933
1.061
1.187
1.312
1.435
1.556
1.676
1.794
1.91
2.025
2.138
2.25
2.36
2.472
2.582
2.686
2.789
2.89
2.99
3.086
3.181
3.273
3.364
3.454
3.543
3.622
3.696
3.766
3.836
3.904
3.969
4.033
4.095
4.156
4.215
4.274
4.332
4.389
4.445
4.501
4.555
4.61
4.663
4.716
4.768
4.819
4.87
4.927
4.986
5.043
5.1
5.157
5.212
5.267
5.321
5.374
5.426
5.478
5.53
5.58
5.629
5.678
5.726
5.774
5.821
5.867
5.913
5.958
6.004
6.049
6.093
6.137
6.18
6.223001
6.265
6.295
6.315001
6.308
6.278
6.217
6.093
5.971
5.852
5.735
5.62
5.508
5.397
5.29
5.184
5.08
5.047
5.078
5.145
5.212
5.278
5.344
5.408
5.472
5.534
5.596
5.657
5.717
5.776
5.834
5.868001
5.873
5.808
5.691
5.578
5.466
5.357
5.25
5.145
5.042
4.941
4.842
4.745
4.65
4.557
4.466
4.377
4.289
4.203
4.119
4.026
3.936
3.847
3.736
3.559
3.329
3.078
2.81
2.545
2.325
2.149
2.08
2.033
1.987
1.942
1.898
1.856
1.814
1.773
1.733
1.694
1.656
1.618
1.582
1.546
1.511
1.477
1.444
1.411
1.38
1.349
1.318
1.295
1.29
1.311
1.357
1.45
1.609
1.827
2.065
2.312
2.555
2.792
3.024
3.251
3.473
3.69
3.901
4.105
4.305
4.499
4.688
4.873
5.054
5.231
5.404
5.572
5.737
5.898
6.056
6.210001
6.259
6.308
6.356
6.403
6.45
6.496
6.542
6.587
6.631001
6.675
6.718
6.749001
6.747
6.704
6.618001
6.485
6.356
6.229
6.104
5.982
5.862
5.745
5.63
5.517
5.407
5.299
5.193
5.089
4.987
4.888
4.79
4.694
4.6
4.508
4.418
4.33
4.243
4.158
4.075
3.993
3.913
3.835
3.758
3.683
3.61
3.537
3.467
3.397
3.351
3.305
3.259
3.215
3.168
3.119
3.053
2.965
2.84
2.694
2.538
2.375
2.03
1.693
1.364
1.042
0.727
0.42
0.151
-0.037
-0.048
-0.047
-0.046
-0.045
-0.044
-0.043
-0.042
-0.041
-0.04
-0.039
-0.038
-0.037
-0.037
-0.036
-0.035
-0.034
-0.033
-0.033
-0.032
-0.031
-0.031
-0.03
-0.029
-0.029
-0.028
-0.027
-0.027
-0.026
-0.026
-0.025
-0.024
-0.024
-0.023
-0.023
-0.022
-0.022
-0.021
-0.021
-0.02
-0.02
-0.02
-0.019
-0.019
-0.018
-0.018
-0.064
-0.208
-0.399
-0.629
-0.865
-1.096
-1.3
-1.457
-1.457
-1.428
-1.399
-1.371
-1.344
-1.317
-1.291
-1.265
-1.24
-1.215
-1.191
-1.167
-1.143
-1.121
-1.098
-1.076
-1.055
-1.034
-1.013
-0.993
-0.973
-0.953
-0.934
-0.916
-0.897
-0.879
-0.862
-0.845
-0.828
-0.811
-0.795
-0.779
-0.764
-0.748
-0.733
-0.719
-0.704
