0.0
0.0
0.0
0.0
0.0
0.0
0.0
0.0
0.0
-0.001
0.0
0.0
0.0
0.0
0.0
0.0
0.0
0.0
0.0
0.0
0.0
0.0
0.0
0.0
0.0
0.0
0.0
-0.001
0.0
0.0
0.0
0.0
0.0
0.0
0.0
0.0
0.0
-0.001
0.0
0.0
0.0
0.0
0.0
0.0
0.0
0.0
0.0
0.0
0.0
0.0
0.0
0.0
0.0
0.0
-0.001
0.0
0.0
0.0
0.0
0.0
0.0
0.0
0.0
0.0
0.0
0.0
0.0
0.0
0.0
0.0
0.0
0.0
0.0
0.0
0.0
0.0
0.0
0.0
0.0
0.0
0.0
0.0
0.0
0.0
0.0
0.0
-0.001
-0.012
-0.036
-0.072
-0.12
-0.181
-0.253
-0.338
-0.435
-0.544
-0.556
-0.559
-0.562
-0.565
-0.568
-0.571
-0.574
-0.577
-0.58
-0.582
-0.585
-0.588
-0.59
-0.593
-0.596
-0.598
-0.571
-0.519
-0.451
-0.382
-0.325
-0.28
-0.249
-0.226
-0.213
-0.212
-0.224
-0.25
-0.29
-0.199
-0.107
-0.016
0.073
0.162
0.25
0.336
0.421
0.504
0.588
0.671
0.752
0.832
0.912
0.992
1.07
1.134
1.182
1.215
1.233
1.237
1.225
1.2
1.161
1.107
1.039
0.957
0.861
0.752
0.628
0.491
0.34
0.176
-0.001
-0.192
-0.364
-0.309
-0.255
-0.201
-0.148
-0.096
-0.045
0.005
0.054
0.103
0.15
0.198
0.244
0.28
0.298
0.3
0.288
0.259
0.216
0.158
0.085
-0.003
-0.105
-0.222
-0.353
-0.498
-0.524
-0.488
-0.453
-0.418
-0.382
-0.348
-0.315
-0.282
-0.249
-0.217
-0.185
-0.154
-0.123
-0.092
-0.062
-0.033
-0.003
0.026
0.054
0.082
0.11
0.137
0.164
0.191
0.217
0.227
0.221
0.199
0.16
0.106
0.037
-0.048
-0.149
-0.264
-0.395
-0.54
-0.7
-0.874
-1.062
-1.264
-1.48
-1.709
-1.951
-2.055
-2.038
-2.021
-2.004
-1.988
-1.972
-1.956
-1.941
-1.926
-1.93
-1.95
-1.986
-2.038
-2.106
-2.19
-2.289
-2.403
-2.531
-2.673
-2.829
-3.0
-3.183
-3.38
-3.59
-3.813
-4.047
-4.293
-4.55
-4.816
-5.093
-5.377
-5.67
-5.663
-5.657
-5.65
-5.644
-5.636
-5.63
-5.624
-5.617
-5.612
-5.623
-5.65
-5.691
-5.747
-5.816
-5.9
-5.997
-6.107
-6.23
-6.365
-6.512
-6.671
-6.84
-7.019001
-7.208
-7.405
-7.611001
-7.824
-7.822001
-7.819
-7.817
-7.814001
-7.812
-7.81
-7.807
-7.818
-7.843
-7.880001
-7.928
-7.99
-8.064
-8.150001
-8.246
-8.353001
-8.471001
-8.598001
-8.734
-8.879001
-9.031
-9.189
-9.355
-9.355
-9.354
-9.354
-9.353001
-9.353001
-9.353001
-9.352
-9.352
-9.366
-9.389001
-9.425
-9.471001
-9.527
-9.593
-9.668
-9.753
-9.846001
-9.947001
-10.055
-10.055
-10.055
-10.054001
-10.055
-10.054001
-10.054001
-10.054001
-10.06
-10.082001
-10.116
-10.149
-10.182
-10.214001
-10.246
-10.278001
-10.309
-10.34
-10.370001
-10.400001
-10.43
-10.46
-10.489
-10.517
-10.546
-10.573001
-10.601001
-10.628
-10.655001
-10.682
-10.708
-10.734
-10.76
-10.785001
-10.81
-10.835
-10.859
-10.883
-10.907001
-10.93
-10.953
-10.976001
-10.999001
-11.021001
-11.043
-11.065001
-11.086
-11.108001
-11.129001
-11.149
-11.17
-11.190001
-11.210001
-11.229
-11.249001
-11.268001
-11.287001
-11.306001
-11.324
-11.342001
-11.360001
-11.378
-11.395
-11.406
-11.407001
-11.393001
-11.373
-11.353001
-11.333
-11.314
-11.294001
-11.275001
-11.256001
-11.238001
-11.219001
-11.202001
-11.184001
-11.166
-11.149
-11.132001
-11.115001
-11.098001
-11.081
-11.064
-11.048
-11.032001
-11.016001
-11.000001
-10.984
-10.969001
-10.953
-10.938001
-10.923
-10.909
-10.894
-10.88
-10.866
-10.852
-10.838
-10.824
-10.811001
-10.801001
-10.799001
-10.801001
-10.801001
-10.802
-10.802
-10.802
-10.803
-10.803
-10.804001
-10.805
-10.806001
-10.806001
-10.807
-10.808001
-10.809001
-10.811001
-10.824
-10.839001
-10.861
-10.888
-10.932
-10.977
-11.024
-11.071
-11.119
-11.165001
-11.186001
-11.206
-11.226001
-11.246
-11.265
-11.284
-11.303
-11.322001
-11.34
-11.358001
-11.376
-11.394001
-11.411
-11.429001
-11.446
-11.463
-11.479
-11.497001
-11.516001
-11.536
-11.557
-11.578001
-11.598001
-11.618001
-11.636001
-11.653001
-11.667001
-11.678
-11.685
-11.697001
-11.708
-11.719001
-11.73
-11.741
-11.751
-11.762
-11.772
-11.783001
-11.793
-11.803
-11.813001
-11.823001
-11.832001
-11.842001
-11.851001
-11.861001
-11.869
-11.875001
-11.88
-11.882001
-11.883
-11.881001
-11.876
-11.867001
-11.855
-11.837001
-11.815001
-11.787001
-11.752001
-11.710001
-11.659
-11.665001
-11.670001
-11.675
-11.68
-11.686001
-11.691001
-11.696
-11.701
-11.706
-11.711
-11.716001
-11.72
-11.725
-11.73
-11.735001
-11.739
-11.744
-11.748
-11.753
-11.758
-11.762
-11.766001
-11.771001
-11.775001
-11.779
-11.784
-11.788
-11.792001
-11.796
-11.8
-11.804001
-11.808001
-11.812
-11.816001
-11.820001
-11.824
-11.828001
-11.832001
-11.835001
-11.839001
-11.843
-11.846001
-11.85
-11.853001
-11.857
-11.860001
-11.864
-11.867001
-11.871
-11.874001
-11.877001
-11.881001
-11.884001
-11.887001
-11.89
-11.893001
-11.897
-11.900001
-11.903001
-11.906
-11.909
-11.912001
-11.914001
-11.913
-11.905001
-11.896001
-11.886001
-11.878
-11.868001
-11.857
-11.846001
-11.835001
-11.822001
-11.811001
-11.806001
-11.806001
-11.811001
-11.823001
-11.841001
-11.864
-11.892
-11.923
-11.959001
-11.997001
-12.038
-12.081
-12.123
-12.160001
-12.127001
-12.080001
-12.021001
-11.960001
-11.899
-11.838
-11.779
-11.72
-11.663
-11.605
-11.549001
-11.494
-11.439
-11.385
-11.331
-11.279
-11.227
-11.176001
-11.125001
-11.075001
-11.026001
-10.977
-10.929001
-10.882001
-10.835
-10.789001
-10.744
-10.699
-10.655001
-10.611
-10.568001
-10.526001
-10.484
-10.443001
-10.402
-10.362
-10.322001
-10.283001
-10.252001
-10.231001
-10.218
-10.214001
-10.218
-10.231001
-10.252001
-10.281
-10.317
-10.361
-10.411
-10.468
-10.531
-10.599001
-10.671
-10.748
-10.828
-10.910001
-10.995001
-11.080001
-11.166
-11.251
-11.26
-11.248
-11.236
-11.224001
-11.212001
-11.201
-11.189
-11.178
-11.167001
-11.156
-11.145
-11.14
-11.14
-11.146001
-11.159
-11.176001
-11.199
-11.228001
-11.261001
-11.298
-11.34
-11.385
-11.433001
-11.483001
-11.536
-11.589001
-11.643001
-11.642
-11.64
-11.638
-11.637
-11.635
-11.637
-11.643001
-11.654
-11.668
-11.686001
-11.707001
-11.732
-11.76
-11.790001
-11.821
-11.855
-11.856001
-11.857
-11.858001
-11.859
-11.860001
-11.861001
-11.863001
-11.869
-11.879001
-11.892
-11.907001
-11.926001
-11.947001
-11.97
-11.995001
-11.997001
-11.999001
-12.002001
-12.004001
-12.006001
-12.012001
-12.003
-11.971001
-11.940001
-11.910001
-11.881001
-11.852
-11.824
-11.797001
-11.771001
-11.746
-11.721001
-11.697001
-11.674001
-11.651001
-11.629001
-11.608001
-11.587001
-11.567
-11.547001
-11.528001
-11.51
-11.492001
-11.475
-11.458
-11.442
-11.426001
-11.411
-11.396001
-11.382001
-11.368001
-11.354
-11.341001
-11.329
-11.317
-11.305
-11.294001
-11.283001
-11.272
-11.262
-11.252001
-11.242001
-11.233001
-11.224001
-11.215
-11.207001
-11.199
-11.191001
-11.184001
-11.177001
-11.17
-11.163
-11.157001
-11.151001
-11.145
-11.139001
-11.134001
-11.129001
-11.124001
-11.119
-11.115001
-11.110001
-11.106001
-11.102
-11.098001
-11.095
-11.091001
-11.088
-11.085001
-11.082001
-11.079
-11.077001
-11.074
-11.072001
-11.072001
-11.079
-11.091001
-11.109
-11.132001
-11.160001
-11.193001
-11.23
-11.272
-11.317
-11.365001
-11.367001
-11.368001
-11.370001
-11.372001
-11.373
-11.375001
-11.377001
-11.379001
-11.381001
-11.383
-11.385
-11.387
-11.394001
-11.406
-11.424001
-11.446
-11.472
-11.503
-11.538
-11.576
-11.618001
-11.627001
-11.631001
-11.634001
-11.636001
-11.635
-11.633
-11.63
-11.627001
-11.624001
-11.619
-11.614
-11.610001
-11.606001
-11.602
-11.597
-11.592001
-11.591001
-11.596001
-11.607
-11.622001
-11.643001
-11.666
-11.694
-11.726001
-11.761001
-11.799001
-11.84
-11.872001
-11.870001
-11.869
-11.868001
-11.866
-11.865001
-11.863001
-11.862
-11.860001
-11.859
-11.858001
-11.857
-11.856001
-11.855
-11.854
-11.853001
-11.852
-11.851001
-11.85
-11.849001
-11.848001
-11.847
-11.845
-11.844001
-11.843
-11.842001
-11.841001
-11.84
-11.84
-11.838
-11.837001
-11.836
-11.836
-11.835001
-11.834001
-11.833
-11.832001
-11.831
-11.830001
-11.828001
-11.828001
-11.827001
-11.825001
-11.824
-11.823001
-11.822001
-11.821
-11.820001
-11.818001
-11.818001
-11.817
-11.815001
-11.815001
-11.814
-11.813001
-11.811001
-11.81
-11.809001
-11.809001
-11.808001
-11.807
-11.807
-11.806001
-11.806001
-11.805
-11.804001
-11.803
-11.803
-11.806001
-11.816001
-11.831
-11.852
-11.877001
-11.907001
-11.941001
-11.979001
-12.021001
-12.065001
-12.069
-12.069
-12.069
-12.069
-12.069
-12.069
-12.069
-12.069
-12.069
-12.074
-12.084001
-12.097
-12.116
-12.138
-12.164001
-12.193001
-12.225
-12.259001
-12.295001
-12.332001
-12.333
-12.334001
-12.335001
-12.34
-12.348001
-12.360001
-12.374001
-12.391001
-12.409
-12.43
-12.452001
-12.475
-12.498
-12.521001
-12.522
-12.523001
-12.524
-12.525001
-12.526001
-12.528001
-12.529
-12.530001
-12.531
-12.532001
-12.534
-12.535001
-12.536
-12.537001
-12.538001
-12.538001
-12.540001
-12.541
-12.542001
-12.543
-12.544001
-12.545001
-12.546
-12.546
-12.547001
-12.548
-12.549001
-12.55
-12.551001
-12.551001
-12.552001
-12.553
-12.554001
-12.554001
-12.553
-12.549001
-12.543
-12.534
-12.535001
-12.535001
-12.536
-12.537001
-12.537001
-12.538001
-12.538001
-12.539001
-12.539001
-12.540001
-12.541
-12.541
-12.542001
-12.542001
-12.543
-12.543
-12.544001
-12.544001
-12.545001
-12.546
-12.546
-12.546
-12.547001
-12.547001
-12.548
-12.548
-12.548
-12.55
-12.553
-12.555
-12.558001
-12.561001
-12.563001
-12.566001
-12.568001
-12.570001
-12.573001
-12.575001
-12.578001
-12.580001
-12.582001
-12.584001
-12.587001
-12.589001
-12.591001
-12.593
-12.595
-12.597
-12.599001
-12.601001
-12.603001
-12.605
-12.607
-12.609
-12.611001
-12.613001
-12.615001
-12.617001
-12.618001
-12.620001
-12.622001
-12.624001
-12.625001
-12.627001
-12.629001
-12.630001
-12.632001
-12.633
-12.635
-12.637001
-12.638
-12.64
-12.641001
-12.642
-12.644001
-12.645
-12.647
-12.648001
-12.649
-12.651001
-12.652
-12.653001
-12.655001
-12.656
-12.657001
-12.659
-12.660001
-12.661
-12.662001
-12.663001
-12.665001
-12.666
-12.667001
-12.668
-12.669001
-12.670001
-12.671
-12.672001
-12.673
-12.674001
-12.675
-12.676001
-12.677001
-12.678
-12.679001
-12.68
-12.681001
-12.682
-12.683001
-12.684001
-12.685
-12.686001
-12.687
-12.687
-12.688001
-12.689
-12.690001
-12.691001
-12.691001
-12.692
-12.693001
-12.694
-12.695001
-12.695001
-12.696001
-12.697001
-12.697001
-12.648001
-12.6
-12.552001
-12.505001
-12.459001
-12.413001
-12.367001
-12.372001
-12.377001
-12.382001
-12.387001
-12.392
-12.397
-12.402
-12.406
-12.411
-12.415001
-12.420001
-12.424001
-12.429001
-12.433001
-12.437
-12.441001
-12.446001
-12.450001
-12.454
-12.458
-12.462001
-12.466001
-12.47
-12.473001
-12.476001
-12.477
-12.477
-12.474001
-12.469001
-12.472
-12.475
-12.478001
-12.482
-12.484
-12.48
-12.451
-12.415001
-12.377001
-12.34
-12.303
-12.268001
-12.233001
-12.200001
-12.168
-12.138
-12.108001
-12.080001
-12.052001
-12.024
-11.997001
-11.969001
-11.940001
-11.910001
-11.878
-11.844001
-11.835001
-11.986001
-12.131001
-12.273001
-12.410001
-12.543
-12.672001
-12.797001
-12.918
-13.036
-13.154
-13.271001
-13.389001
-13.508
-13.629001
-13.752001
-13.876
-14.003
-14.132001
-14.262001
-14.394001
-14.527
-14.661
-14.794001
-14.927001
-15.057001
-15.186001
-15.31
-15.429001
-15.543001
-15.649001
-15.747001
-15.834001
-15.910001
-15.974001
-16.022001
-16.054001
-16.069
-16.064001
-16.038
-15.989
-16.004002
-16.091002
-16.176001
-16.258001
-16.337
-16.414001
-16.489
-16.561001
-16.631001
-16.700001
-16.766001
-16.824001
-16.876001
-16.92
-16.956001
-16.986
-17.007
-17.021
-17.026001
-17.022001
-17.008001
-16.874001
-16.732
-16.581001
-16.42
-16.248001
-16.065001
-15.870001
-15.662001
-15.440001
-15.203001
-14.950001
-14.681001
-14.395
-14.091001
-13.768001
-13.426001
-13.063001
-12.68
-12.276001
-11.849001
-11.401001
-10.931001
-10.437
-9.921
-9.383
-8.821
-8.237
-7.631001
-7.004
-6.355
-5.686
-4.998
-4.291
-3.568
-2.828
-2.827
-2.827
-2.826
-2.825
-2.825
-2.824
-2.824
-2.823
-2.823
-2.822
-2.821
-2.821
-2.82
-2.82
-2.819
-2.819
-2.818
-2.818
-2.817
-2.817
-2.816
-2.816
-2.815
-2.809
-2.777
-2.726
-2.654
-2.564
-2.454
-2.326
-2.179
-2.014
-1.832
-1.631
-1.414
-1.179
-0.928
-0.66
-0.377
-0.077
0.238
0.568
0.914
1.278
1.656
2.045
2.447
2.859
3.289
3.755
4.289
4.857
5.419
5.975
6.521
7.057
7.579
7.658
7.735
7.81
7.884
7.957
8.029
8.099
8.168
8.236
8.303
8.369
8.433001
8.496
8.558001
8.619
8.679001
8.751
8.834001
8.927
9.030001
9.142
9.262
9.389001
9.523001
9.662001
9.806001
9.955001
10.106001
10.259001
10.413
10.567
10.72
10.750001
10.779
10.807
10.835
10.863001
10.89
10.917001
10.943001
10.969001
10.995001
11.02
11.045
11.069
11.093
11.117001
11.14
11.163
11.185
11.207001
11.229
11.251
11.272
11.292001
11.313001
11.333
11.353001
11.372001
11.388
11.388
11.373
11.355
11.338
11.315001
11.284
11.252001
11.218
11.184001
11.151001
11.118001
11.086
11.054001
11.023001
10.992001
10.961
10.931001
10.902
10.866
10.830001
10.796
10.761001
10.727
10.694
10.661
10.628
10.596001
10.564
10.533001
10.502001
10.472
10.442
10.412001
10.383
10.357
10.338
10.321
10.304001
10.284
10.265
10.247001
10.228001
10.21
10.192
10.175
10.157001
10.14
10.123
10.107
10.09
10.074
10.058001
10.043
10.027
10.012
9.997001
9.982
9.968
9.953
9.939
9.925
9.911
9.898001
9.885
9.871
9.858001
9.846001
9.833
9.820001
9.808001
9.796
9.784
9.772
9.761001
9.752001
9.739
9.718
9.698001
9.679001
9.659
9.64
9.621
9.602
9.584001
9.566
9.559
9.566
9.572001
9.589001
9.63
9.669001
9.707001
9.740001
9.728001
9.716001
9.705001
9.693001
9.682
9.671
9.660001
9.649
9.638
9.628
9.617001
9.607
9.597
9.588
9.578
9.568001
9.559
9.55
9.541
9.532001
9.523001
9.514001
9.506001
9.497001
9.489
9.481001
9.473001
9.465
9.457001
9.450001
9.442
9.435
9.428
9.42
9.424001
9.467
9.508
9.55
9.59
9.63
9.67
9.709001
9.748
9.786
9.824
9.861
9.897
9.933001
9.969001
10.004001
10.041
10.041
10.041
10.017
9.993
9.969001
9.946
9.923
9.900001
9.878
9.856001
9.834001
9.812
9.791
9.77
9.749001
9.729
4.862
2.516
1.346
1.462
1.577
1.69
1.802
0.985
1.136
1.29
1.441
1.591
1.738
1.032
1.187
1.34
1.491
1.639
1.786
1.046
1.201
1.177
1.153
1.13
1.108
1.085
1.064
1.042
1.022
1.001
0.981
0.961
0.942
0.923
0.905
0.887
0.869
0.852
0.835
0.992
1.148
1.301
1.452
1.602
1.749
1.894
2.038
2.179
2.319
2.456
2.579
2.664
1.436
1.536
1.635
1.732
1.829
1.924
2.018
2.111
2.203
2.295
2.433
2.572
2.697
2.811
2.918
3.022
3.124
3.224
3.323
3.42
3.515
3.61
3.704
3.796
3.886
3.973
4.084
4.192
4.298
4.401
4.502
4.6
4.696
4.788
4.878
4.964
5.047
5.126
5.202
5.272
5.338
5.399
5.496
5.593
5.687
5.781
5.873
5.964
6.054
6.143
6.23
6.316
6.401
6.485
6.557
6.589
6.621
6.653
6.684
6.714
6.745
6.774
6.804
6.833
6.861001
6.89
6.917
6.945
6.972
6.999001
7.07
7.145
7.218
7.291
7.363
7.433001
7.486001
7.502
7.516
7.527
7.536
7.542
7.545001
7.544
7.54
7.533
7.521
7.504
7.482
7.455
7.423
7.384
7.338
7.285
7.224
7.156
7.078001
6.991
6.936
6.994
7.051
7.108
7.163
7.218
7.273
7.326
7.379
7.431
7.482
7.533
7.583
7.632
7.681
7.729001
7.776
7.822001
7.868001
7.914001
7.959001
8.003
8.046
8.089001
8.131001
8.173
8.214001
8.255
8.295
8.335
8.374001
8.412001
8.450001
8.487
8.524
8.561001
8.597
8.632
8.660001
8.681001
8.695001
8.701
8.699
8.690001
8.672001
8.647
8.612
8.569
8.516001
8.454
8.381001
8.298
8.203
8.097
7.98
7.849
7.706
7.549
7.378
7.193
6.993001
7.013
7.033
7.052001
7.071
7.09
7.109
7.127
7.145
7.163
7.181
7.191
7.188
7.173
7.146
7.107
7.057
6.994
6.920001
6.833
6.733
6.621
6.496
6.358
6.206
6.04
5.861
5.667
5.459
5.236
4.999
4.746
4.479
4.196
3.898
3.585
3.256
2.913
2.554
2.197
2.201
2.205
2.209
2.213
2.217
2.221
2.225
2.228
2.232
2.235
2.239
2.242
2.246
2.249
2.253
2.256
2.259
2.262
2.265
2.268
2.271
2.274
2.277
2.28
2.283
2.286
2.289
2.292
2.294
2.29
2.283
2.276
2.269
2.262
2.256
2.249
2.243
2.236
2.23
2.224
2.218
2.212
2.206
2.2
2.194
2.191
2.195
2.199
2.203
2.207
2.21
2.214
2.218
2.221
2.225
2.229
2.232
2.235
2.232
2.209
2.17
2.116
2.046
1.961
1.861
1.745
1.615
1.469
1.309
1.133
0.943
0.739
0.52
0.287
0.04
0.04
0.04
0.04
0.041
0.041
0.041
0.041
0.042
0.042
0.042
0.026
-0.007
-0.057
-0.122
-0.203
-0.3
-0.413
-0.541
-0.684
-0.695
-0.696
-0.696
-0.696
-0.697
-0.697
-0.698
-0.698
-0.698
-0.699
-0.699
-0.7
-0.7
-0.7
-0.701
-0.701
-0.701
-0.701
-0.698
-0.696
-0.693
-0.691
-0.688
-0.686
-0.684
-0.682
-0.679
-0.677
-0.675
-0.673
-0.674
-0.674
-0.675
-0.676
-0.676
-0.677
-0.678
-0.679
-0.679
-0.68
-0.681
-0.681
-0.682
-0.682
-0.683
-0.684
-0.684
-0.685
-0.685
-0.686
-0.687
-0.687
-0.688
-0.688
-0.689
-0.689
-0.69
-0.69
-0.691
-0.691
-0.692
-0.693
-0.693
-0.693
-0.694
-0.694
-0.695
-0.695
-0.696
-0.696
-0.697
-0.697
-0.698
-0.698
-0.698
-0.699
-0.699
-0.7
-0.7
-0.7
-0.701
-0.701
-0.702
-0.702
-0.702
-0.703
-0.703
-0.703
-0.704
-0.704
-0.705
-0.705
-0.705
-0.706
-0.706
-0.706
-0.706
-0.707
-0.707
-0.707
-0.708
-0.708
-0.708
-0.709
-0.709
-0.709
-0.709
-0.71
-0.71
-0.71
-0.711
-0.711
-0.711
-0.711
-0.712
-0.712
-0.712
-0.712
-0.713
-0.713
-0.713
-0.713
-0.713
-0.708
-0.683
-0.621
-0.539
-0.44
-0.406
-0.373
-0.343
-0.31
-0.279
-0.246
-0.213
-0.183
-0.153
-0.123
-0.094
-0.047
0.072
0.219
0.352
0.51
0.666
0.82
0.566
0.721
0.875
1.025
1.175
1.322
1.463
1.579
1.675
1.768
1.859
1.95
2.039
2.126
2.213
2.299
2.383
2.466
2.541
2.572
2.563
2.534
2.475
2.418
2.361
2.306
2.251
2.198
2.146
2.094
2.044
1.995
1.947
1.899
1.853
1.807
1.762
1.718
1.675
1.633
1.592
1.52
1.45
1.383
1.225
0.947
0.623
0.288
-0.045
-0.369
-0.684
-0.999
-1.305
-1.603
-1.892
-2.177
-2.458
-2.729
-3.059
-3.379
-3.69
-3.608
-3.528
-3.45
-3.374
-3.301
-3.23
-3.161
-3.094
-3.03
-2.967
-2.906
-2.847
-2.764
-2.672
-2.578
-2.475
-2.357
-2.235
-2.109
-1.981
-1.846
-1.707
-1.575
-1.448
-1.324
-1.2
-1.076
-0.96
-0.847
-0.737
-0.631
-0.524
-0.42
-0.32
-0.222
-0.128
-0.036
0.053
0.16
0.278
0.392
0.423
0.453
0.482
0.502
0.521
0.54
0.559
0.538
0.517
0.497
0.477
0.457
0.438
0.419
0.401
0.383
0.365
0.348
0.331
0.315
0.298
0.283
0.267
0.252
0.237
0.223
0.206
0.19
0.174
0.158
0.142
0.13
0.117
0.105
0.093
0.082
0.07
0.059
0.048
0.038
0.027
0.017
0.007
-0.003
-0.012
-0.022
-0.031
-0.04
-0.059
-0.115
-0.23
-0.351
-0.473
-0.592
-0.71
-0.827
-0.942
-1.055
-1.167
-1.277
-1.386
-1.494
-1.6
-1.704
-1.807
-1.909
-2.01
-2.109
-2.207
-2.303
-2.399
-2.492
-2.585
-2.677
-2.767
-2.856
-2.944
-3.031
-3.116
-3.2
-3.267
-3.326
-3.384
-3.442
-3.499
-3.555
-3.611
-3.665
-3.719
-3.773
-3.825
-3.877
-3.928
-3.979
-4.028
-4.077
-4.126
-4.174
-4.221
-4.267
-4.313
-4.359
-4.403
-4.448
-4.491
-4.534
-4.576
-4.618
-4.659
-4.7
-4.74
-4.78
-4.819
-4.858
-4.896
-4.933
-4.97
-5.007
-5.043
-5.079
-5.119
-5.177
-5.234
-5.29
-5.345
-5.4
-5.454
-5.507
-5.56
-5.612
-5.663
-5.713
-5.763
-5.812
-5.86
-5.908
-5.955
-6.002
-6.048
-6.093
-6.138
-6.182
-6.226
-6.268
-6.311
-6.353
-6.394001
-6.435
-6.475
-6.514
-6.553
-6.592
-6.63
-6.668
-6.705
-6.741
-6.777
-6.813
-6.848001
-6.883
-6.904
-6.914001
-6.91
-6.894001
-6.866
-6.825
-6.772
-6.706
-6.628
-6.537
-6.432
-6.315001
-6.184
-6.04
-5.882
-5.71
-5.523
-5.323
-5.108
-4.878
-4.634
-4.375
-4.1
-3.811
-3.506
-3.187
-2.852
-2.503
-2.139
-2.16
-2.181
-2.202
-2.222
-2.242
-2.262
-2.281
-2.3
-2.303
-2.29
-2.26
-2.215
-2.154
-2.077
-1.985
-1.877
-1.754
-1.615
-1.462
-1.293
-1.11
-0.912
-0.699
-0.438
-0.111
0.305
0.728
1.157
1.593
2.033
2.478
2.926
3.376
3.827
4.279
4.729
5.176
5.62
6.058
6.49
6.913
7.326
7.728
8.116
8.489
8.845
9.183001
9.5
9.795
9.836
9.876
9.916
9.956
9.994
10.033001
10.070001
10.108001
10.095
10.082001
10.069
10.056001
10.044001
10.032001
10.019
10.007001
9.995001
9.983001
9.972
9.972
9.973001
9.973001
9.973001
9.972
9.971001
9.959001
9.948001
9.936001
9.925
9.914001
9.903001
9.892
9.881001
9.870001
9.860001
9.849001
9.888
9.927
9.965
10.003
10.040001
10.077001
10.113001
10.149
10.184
10.172001
10.165001
10.160001
10.158001
10.158001
10.161
10.164001
10.169001
10.175
10.18
10.184
10.187
10.188001
10.186001
10.181001
10.171
10.157001
10.137
10.110001
10.076
10.034
9.984
9.923
9.852
9.77
9.676001
9.569
9.449
9.314
9.178
9.194
9.217
9.239
9.261001
9.283
9.305
9.327001
9.348001
9.369
9.39
9.411
9.431001
9.452001
9.472
9.491
9.511001
9.530001
9.549001
9.568001
9.587001
9.606001
9.624001
9.642
9.660001
9.655001
9.631001
9.606001
9.575001
9.564
9.561001
9.551001
9.534
9.509001
9.476001
9.435
9.386001
9.327001
9.259001
9.181001
9.092
8.993
8.882
8.759001
8.624001
8.476001
8.314
8.138
7.948
7.743001
7.522
7.53
7.538001
7.546
7.554
7.561
7.569
7.576
7.584001
7.59
7.565001
7.54
7.516
7.492001
7.469
7.446001
7.423
7.400001
7.378
7.356
7.335001
7.314
7.293
7.272
7.252
7.232
7.207
7.168
7.116
7.011
6.899
6.789001
6.672
6.553
6.428
6.301
6.177001
6.056
5.939
5.822001
5.708
5.595
5.482
5.37
5.261
5.161
5.064
4.973
4.89
4.81
4.732
4.655
4.579
4.505
4.431
4.358
4.286
4.216
4.146
4.077
4.009
3.942
3.875
3.81
3.746
3.682
3.619
3.557
3.512
3.481
3.465
3.463
3.476
3.503
3.544
3.599
3.668
3.75
3.845
3.954
4.075
4.208
4.354
4.511
4.467
4.425
4.383
4.341
4.3
4.26
4.22
4.198
4.275
4.413
4.563
4.723
4.893
5.073
5.263
5.461
5.667
5.881
6.101
6.328
6.56
6.796
7.037
7.281
7.527
7.774
8.021
8.268001
8.512
8.754001
8.991
9.224
9.449
9.493
9.536
9.579
9.621
9.663
9.703
9.743
9.783
9.822001
9.861
9.909
9.963
10.023001
10.088
10.158001
10.232
10.31
10.39
10.474001
10.559001
10.645
10.731001
10.817
10.902
10.984
11.063001
11.086
11.109
11.131001
11.153001
11.174001
11.196
11.217001
11.238001
11.258
11.278001
11.301001
11.327001
11.355
11.384001
11.415001
11.448001
11.48
11.513
11.546
11.577001
11.607
11.634001
11.658001
11.673
11.686001
11.700001
11.713
11.726001
11.739
11.751
11.764001
11.776001
11.788
11.8
11.812
11.824
11.836
11.847
11.858001
11.869
11.88
11.891001
11.902
11.913
11.923
11.933001
11.944
11.954
11.964001
11.973001
11.983001
11.993001
12.002001
12.011001
12.021001
12.030001
12.039001
12.048
12.056001
12.065001
12.073001
12.082001
12.09
12.098001
12.106001
12.114
12.122001
12.13
12.138
12.145
12.153001
12.160001
12.168
12.175
12.182
12.189
12.196001
12.203001
12.209001
12.216001
12.223001
12.229001
12.236001
12.242001
12.248
12.254001
12.26
12.266001
12.272
12.278001
12.284
12.290001
12.295001
12.301001
12.306001
12.312
12.317
12.323001
12.328001
12.333
12.338
12.343
12.348001
12.353001
12.555
12.751
12.941001
13.125001
13.304001
13.477
13.645
13.808001
13.967001
14.120001
14.269001
14.413001
14.554001
14.689001
14.821001
14.949
15.073001
15.193001
15.31
15.423
15.533001
15.64
15.743001
15.843
15.940001
16.035
16.126001
16.215
16.301001
16.384001
16.465
16.544001
16.620001
16.694
16.766001
16.835001
16.903
16.968
17.032001
17.093
17.153
17.211
17.267
17.321001
17.374001
17.426001
17.475
17.524
17.570002
17.616001
17.660002
17.703001
17.744001
17.784
17.823
17.861
17.898001
17.933001
17.968
18.001001
18.034
17.963001
17.893002
17.824001
17.756001
17.689001
17.623001
17.557001
17.493
17.429001
17.366001
17.304001
17.243
17.183001
17.124001
17.065001
17.007
16.950001
16.893002
16.838001
16.783001
16.729
16.675001
16.623001
16.571001
16.519001
16.467001
16.401001
16.308001
16.214001
16.121
16.030001
15.939001
15.848001
15.759001
15.669001
15.579
15.489
15.398001
15.305
15.210001
15.112
15.012001
14.907001
14.798
14.683001
14.562
14.434001
14.299001
14.154
14.001
13.837001
13.663001
13.476001
13.277
13.064001
13.058001
13.052001
13.046
13.041
13.035001
13.029
13.024
13.018001
13.011001
12.996
12.974001
12.946001
12.911
12.871
12.825001
12.773001
12.715
12.651001
12.580001
12.503
12.418
12.327001
12.227
12.119
12.003
11.877001
11.742001
11.596001
11.440001
11.271001
11.091001
10.898001
10.919001
10.939
10.959001
10.979
10.999001
11.019
11.038
11.057
11.075001
11.094001
11.112
11.13
11.147
11.165001
11.182
11.199
11.206
11.205001
11.194
11.174001
11.145
11.108001
11.062
11.006001
10.942
10.868001
10.785001
10.691001
10.588
10.473001
10.348001
10.211
10.063001
9.902
9.728001
9.541
9.34
9.124001
8.895
8.650001
8.389
8.113
7.82
7.511
7.184
6.841001
6.481
6.103
5.707
5.294
4.864
4.417
3.954
3.985
4.015
4.045
4.075
4.104
4.133
4.161
4.19
4.217
4.245
4.272
4.296
4.3
4.287
4.258
4.212
4.15
4.072
3.978
3.868
3.742
3.601
3.444
3.272
3.084
2.88
2.661
2.427
2.178
1.914
1.635
1.341
1.033
0.71
0.374
0.313
0.334
0.355
0.375
0.395
0.415
0.434
0.454
0.473
0.474
0.457
0.423
0.371
0.303
0.217
0.115
-0.003
-0.137
-0.288
-0.454
-0.635
-0.832
-1.043
-1.269
-1.51
-1.764
-2.031
-2.312
-2.604
-2.909
-3.226
-3.553
-3.89
-4.236
-4.591
-4.953
-5.322
-5.697001
-6.077
-6.459
-6.845
-7.134
-7.124001
-7.115
-7.105
-7.096
-7.086
-7.088
-7.149
-7.233
-7.314
-7.395
-7.474
-7.552001
-7.628
-7.703001
-7.777
-7.85
-7.921
-7.991
-8.061001
-8.129001
-8.195001
-8.261001
-8.326
-8.389
-8.452001
-8.513
-8.574
-8.633
-8.692
-8.749001
-8.806001
-8.861
-8.918
-8.986
-9.062
-9.147
-9.239
-9.338
-9.444
-9.554001
-9.67
-9.789001
-9.912001
-10.004001
-10.043
-10.081
-10.118
-10.155001
-10.191001
-10.227
-10.262
-10.297001
-10.34
-10.389001
-10.444
-10.503
-10.568001
-10.636001
-10.708
-10.783001
-10.81
-10.837001
-10.864
-10.89
-10.915001
-10.941001
-10.966001
-10.990001
-11.014001
-11.038
-11.062
-11.085001
-11.108001
-11.13
-11.152
-11.176001
-11.205001
-11.238001
-11.274
-11.314
-11.356001
-11.400001
-11.447001
-11.494
-11.541
-11.588
-11.634001
-11.678
-11.712001
-11.725
-11.712001
-11.698001
-11.685
-11.672001
-11.659
-11.646001
-11.633
-11.626
-11.64
-11.655001
-11.669001
-11.684001
-11.698001
-11.712001
-11.725
-11.739
-11.752001
-11.765
-11.777
-11.740001
-11.704
-11.668
-11.633
-11.598001
-11.563001
-11.529
-11.495001
-11.462001
-11.429001
-11.397
-11.365001
-11.334001
-11.303
-11.272
-11.242001
-11.212001
-11.183001
-11.154
-11.125001
-11.097
-11.069
-11.042001
-11.015
-10.988001
-10.961
-10.935
-10.910001
-10.884001
-10.859
-10.835
-10.81
-10.786
-10.763
-10.739
-10.716001
-10.693001
-10.671
-10.649
-10.627001
-10.605
-10.584001
-10.563001
-10.543
-10.522
-10.502001
-10.482
-10.462001
-10.443001
-10.424001
-10.405001
-10.387
-10.368
-10.35
-10.332001
-10.315001
-10.297001
-10.280001
-10.263
-10.246
-10.23
-10.263
-10.297001
-10.329
-10.361
-10.393001
-10.425
-10.455001
-10.486
-10.516001
-10.546
-10.575001
-10.604
-10.633
-10.661
-10.688001
-10.716001
-10.743001
-10.77
-10.796
-10.822001
-10.848001
-10.873
-10.898001
-10.922001
-10.947001
-10.921
-10.896001
-10.870001
-10.846001
-10.821
-10.797001
-10.773001
-10.750001
-10.727
-10.704
-10.718
-10.745001
-10.772
-10.798
-10.824
-10.849001
-10.875001
-10.900001
-10.924001
-10.949
-10.973001
-10.996
-11.02
-11.043
-11.065001
-11.088
-11.110001
-11.132001
-11.153001
-11.174001
-11.195001
-11.216001
-11.236
-11.256001
-11.276001
-11.296
-11.315001
-11.334001
-11.353001
-11.372001
-11.39
-11.408001
-11.426001
-11.443001
-11.461
-11.478001
-11.495001
-11.512
-11.528001
-11.544001
-11.56
-11.576
-11.592001
-11.607
-11.622001
-11.637
-11.652
-11.667001
-11.681001
-11.695001
-11.709001
-11.723001
-11.737
-11.750001
-11.763
-11.776001
-11.789001
-11.802001
-11.811001
-11.803
-11.786
-11.761001
-11.734
-11.705001
-11.677001
-11.650001
-11.625001
-11.602
-11.582001
-11.564
-11.549001
-11.536
-11.525001
-11.516001
-11.51
-11.505
-11.502001
-11.500001
-11.499001
-11.498
-11.496
-11.494
-11.490001
-11.484
-11.475
-11.462001
-11.445001
-11.424001
-11.395
-11.402
-11.409
-11.415001
-11.42
-11.426001
-11.431001
-11.436001
-11.440001
-11.444
-11.448001
-11.452001
-11.456
-11.460001
-11.464001
-11.467001
-11.47
-11.473001
-11.476001
-11.479
-11.482
-11.485001
-11.487
-11.488001
-11.487
-11.485001
-11.48
-11.473001
-11.462001
-11.447001
-11.427001
-11.403001
-11.372001
-11.335001
-11.290001
-11.237
-11.175
-11.196
-11.216001
-11.237
-11.257001
-11.277
-11.296
-11.315001
-11.334001
-11.353001
-11.367001
-11.377001
-11.384001
-11.387
-11.387
-11.382001
-11.374001
-11.361001
-11.344001
-11.321
-11.294001
-11.261001
-11.221001
-11.175
-11.122001
-11.061001
-10.991
-10.912001
-10.824
-10.724001
-10.614
-10.492001
-10.357
-10.21
-10.048
-9.871
-9.679001
-9.472
-9.247001
-9.006001
-8.747001
-8.469001
-8.174001
-7.859
-7.525001
-7.171
-6.797
-6.404
-5.991
-5.559
-5.107
-4.636
-4.147
-3.639
-3.115
-2.573
-2.016
-1.443
-1.466
-1.489
-1.512
-1.535
-1.558
-1.58
-1.602
-1.623
-1.628
-1.616
-1.587
-1.541
-1.48
-1.402
-1.308
-1.198
-1.072
-0.931
-0.774
-0.603
-0.416
-0.214
0.002
0.233
0.478
0.737
1.01
1.295
1.593
1.904
2.226
2.56
2.905
3.259
3.622
3.994
4.373
4.541
4.53
4.52
4.509
4.499
4.489
4.479
4.469
4.46
4.466
4.489
4.527
4.581
4.65
4.734
4.833
4.946
5.073
5.213
5.367
5.533
5.711
5.901
6.102
6.313
6.534
6.764
7.003
7.259
7.594
7.670001
7.745
7.819
7.891
7.962
8.032001
8.101001
8.169001
8.236
8.301001
8.366
8.429001
8.492001
8.553
8.614
8.673
8.732
8.8
8.877001
8.963
9.056001
9.157001
9.264001
9.376
9.494
9.616
9.741
9.869
9.998
10.126
10.254001
10.376
10.485001
10.575001
10.652
10.717001
10.771001
10.813001
10.843
10.858001
10.857
10.819
10.781
10.743001
10.706
10.67
10.633
10.598001
10.563001
10.528001
10.494
10.46
10.426001
10.394
10.361
10.329
10.297001
10.266001
10.235001
10.207001
10.202001
10.234
10.266001
10.297001
10.327001
10.357
10.387
10.417001
10.446
10.474001
10.502001
10.530001
10.558001
10.585
10.612
10.638
10.664001
10.690001
10.715
10.740001
10.765
10.789001
10.813001
10.837001
10.860001
10.884001
10.906
10.929001
10.951
10.974001
10.984
10.976001
10.967001
10.958
10.949
10.941001
10.932
10.925
10.918
10.911
10.904
10.895
10.884001
10.888
10.908001
10.925
10.941001
10.964001
10.986
11.008
11.030001
11.052001
11.073001
11.094001
11.115001
11.136001
11.156
11.176001
11.196
11.215
11.194
11.164001
11.134001
11.105
11.076
11.048
11.02
10.992001
10.965
10.938001
10.912001
10.885
10.867001
10.855
10.842001
10.831
10.809001
10.776001
10.738001
10.701
10.664001
10.628
10.592001
10.556001
10.521001
10.487
10.457001
10.438001
10.46
10.489
10.518001
10.546
10.574
10.601001
10.629001
10.656
10.682
10.708
10.734
10.76
10.746
10.722
10.698001
10.674001
10.651001
10.628
10.606001
10.584001
10.562
10.540001
10.519
10.537001
10.565001
10.593
10.621
10.648001
10.675
10.702001
10.728001
10.754001
10.779
10.805
10.829
10.849001
10.824
10.799001
10.774
10.750001
10.726001
10.702001
10.679001
10.656
10.678
10.705001
10.731001
10.757001
10.783001
10.808001
10.833
10.844001
10.819
10.795
10.77
10.746
10.722
10.699
10.676001
10.653001
10.68
10.707001
10.733001
10.759001
10.785001
10.81
10.835
10.860001
10.884001
10.909
10.932
10.956
10.979
11.002001
11.024
11.047001
11.068001
11.09
11.111
11.133
11.153001
11.174001
11.194
11.214001
11.188001
11.159
11.132001
11.106001
11.081
11.056001
11.031
11.006001
10.979
11.002001
11.026001
11.048
11.071
11.093
11.115001
11.137
11.158001
11.179001
11.200001
11.22
11.241
11.262
11.282001
11.302001
11.322001
11.34
11.356001
11.371
11.383
11.392
11.397
11.399
11.395
11.412001
11.429001
11.446
11.463
11.479
11.496
11.512
11.527
11.543
11.558001
11.573001
11.588
11.603001
11.618001
11.632001
11.646001
11.660001
11.674001
11.687
11.701
11.714001
11.727
11.740001
11.753
11.765
11.778001
11.790001
11.802001
11.815001
11.831
11.847
11.865001
11.883
11.902
11.921
11.937
11.948001
11.958
11.968
11.979001
11.989
11.999001
12.008
12.018001
12.028001
12.037001
12.046
12.055
12.064
12.073001
12.082001
12.091001
12.099001
12.108001
12.116
12.124001
12.133
12.141001
12.148001
12.156
12.164001
12.172001
12.179001
12.186001
12.194
12.201
12.208
12.215
12.222
12.229001
12.235001
12.242001
12.249001
12.255
12.261001
12.268001
12.274
12.280001
12.286
12.292001
12.298
12.304001
12.309001
12.315001
12.321001
12.326
12.332001
12.337001
12.342001
12.347
12.352
12.358001
12.363001
12.367001
12.372001
12.377001
12.382001
12.387001
12.391001
12.396001
12.400001
12.405001
12.409
12.413001
12.418
12.422001
12.426001
12.43
12.434001
12.438001
12.442
12.446001
12.450001
12.453001
12.457001
12.461
12.464001
12.468
12.471001
12.475
12.478001
12.482
12.485001
12.488001
12.492001
12.495001
12.498
12.501
12.504001
12.507001
12.51
12.513
12.516001
12.519001
12.522
12.525001
12.527
12.530001
12.533001
12.535001
12.538001
12.541
12.543
12.546
12.548
12.551001
12.553
12.555
12.558001
12.56
12.562
12.565001
12.567
12.569
12.571001
12.573001
12.576
12.578001
12.580001
12.582001
12.584001
12.586
12.588
12.59
12.591001
12.593
12.595
12.597
12.599001
12.601001
12.602
12.604001
12.606001
12.607
12.609
12.611001
12.612
12.614
12.616
12.617001
12.619
12.620001
12.622001
12.623
12.625001
12.626
12.627001
12.629001
12.630001
12.631001
12.633
12.634001
12.635
12.637001
12.638
12.639001
12.64
12.642
12.643001
12.644001
12.644001
12.642
12.639001
12.630001
12.615001
12.593
12.56
12.519001
12.476001
12.433001
12.388
12.344001
12.3
12.253
12.205001
12.186001
12.167001
12.148001
12.13
12.111001
12.093
12.075001
12.058001
12.040001
12.023001
12.006001
11.988001
11.971001
11.955001
11.939
11.924001
11.909
11.895
11.88
11.866
11.851001
11.836
11.819
11.801001
11.780001
11.757001
11.73
11.699
11.664001
11.623
11.576
11.523001
11.462001
11.392
11.313001
11.225
11.125001
11.014001
10.89
10.753
10.602
10.435
10.254001
10.055
9.84
9.606001
9.354
9.083
8.793
8.483001
8.188001
8.231
8.273001
8.315001
8.356
8.397
8.437
8.476001
8.515
8.554001
8.592
8.629001
8.666
8.703
8.739
8.774
8.809
8.833
8.845
8.846001
8.836
8.815001
8.783
8.740001
8.686001
8.621
8.545
8.457001
8.357
8.245001
8.121
7.984
7.835001
7.672
7.495
7.305
7.101
6.882
6.913
6.944
6.975
7.005
7.035
7.065001
7.094
7.122
7.151
7.179
7.193
7.193
7.18
7.153
7.113
7.059
6.993001
6.912
6.819
6.711
6.59
6.456
6.307
6.144
5.967
5.775
5.568
5.347
5.111
4.86
4.594
4.312
4.015
3.703
3.376
3.034
2.676
2.304
1.918
1.874
1.894
1.914
1.933
1.953
1.972
1.99
2.009
2.027
2.045
2.063
2.08
2.097
2.114
2.126
2.117
2.091
2.048
1.989
1.913
1.821
1.713
1.589
1.45
1.295
1.124
1.138
1.152
1.166
1.179
1.192
1.206
1.219
1.231
1.244
1.256
1.268
1.261
1.236
1.194
1.136
1.06
0.969
0.861
0.737
0.597
0.442
0.271
0.085
0.052
0.062
0.071
0.081
0.09
0.1
0.109
0.118
0.127
0.136
0.145
0.136
0.11
0.066
0.006
-0.071
-0.164
-0.274
-0.4
-0.541
-0.699
-0.871
-1.059
-1.261
-1.478
-1.709
-1.954
-2.212
-2.482
-2.766
-3.061
-3.368
-3.685
-3.68
-3.674
-3.669
-3.664
-3.659
-3.654
-3.649
-3.644
-3.639
-3.634
-3.63
-3.629
-3.65
-3.687
-3.74
-3.81
-3.895
-3.995
-4.111
-4.241
-4.386
-4.544
-4.716
-4.843
-4.839
-4.843
-4.868
-4.935
-5.048
-5.165
-5.3
-5.447
-5.605
-5.775
-5.955
-6.145
-6.343
-6.549
-6.762
-6.981
-7.206
-7.435
-7.668
-7.903
-8.14
-8.377001
-8.613001
-8.848001
-9.080001
-9.308001
-9.530001
-9.746
-9.955001
-10.154
-10.342001
-10.374001
-10.405001
-10.436001
-10.467001
-10.497001
-10.527
-10.556001
-10.585
-10.614
-10.642
-10.67
-10.697001
-10.724001
-10.751
-10.777
-10.803
-10.829
-10.855
-10.88
-10.904
-10.929001
-10.953
-10.977
-11.000001
-11.023001
-11.046
-11.068001
-11.091001
-11.113001
-11.134001
-11.156
-11.177001
-11.197001
-11.218
-11.238001
-11.258
-11.278001
-11.297001
-11.317
-11.336
-11.354
-11.373
-11.391001
-11.409
-11.427001
-11.444
-11.461
-11.479
-11.495001
-11.512
-11.528001
-11.545
-11.56
-11.576
-11.592001
-11.607
-11.622001
-11.637
-11.652
-11.666
-11.681001
-11.695001
-11.709001
-11.723001
-11.736001
-11.750001
-11.763
-11.776001
-11.789001
-11.802001
-11.814
-11.827001
-11.839001
-11.851001
-11.863001
-11.875001
-11.886001
-11.898001
-11.909
-11.907001
-11.874001
-11.834001
-11.795001
-11.757001
-11.719001
-11.682
-11.645
-11.609
-11.573001
-11.538
-11.503
-11.469001
-11.435
-11.413
-11.412001
-11.427001
-11.445001
-11.462001
-11.479
-11.496
-11.513
-11.530001
-11.546
-11.562
-11.578001
-11.594001
-11.609
-11.624001
-11.639001
-11.654
-11.669001
-11.683001
-11.698001
-11.712001
-11.726001
-11.739
-11.753
-11.766001
-11.779
-11.792001
-11.805
-11.818001
-11.830001
-11.842001
-11.855
-11.867001
-11.878
-11.89
-11.891001
-11.855
-11.816001
-11.777
-11.739
-11.702001
-11.665001
-11.628
-11.592001
-11.556001
-11.521001
-11.487
-11.452001
-11.419001
-11.385
-11.378
-11.394001
-11.412001
-11.43
-11.448001
-11.466001
-11.483001
-11.500001
-11.517
-11.533001
-11.55
-11.566001
-11.582001
-11.597
-11.613001
-11.628
-11.643001
-11.658001
-11.673
-11.687
-11.701
-11.715
-11.729
-11.743001
-11.756001
-11.77
-11.783001
-11.796
-11.809001
-11.821
-11.834001
-11.846001
-11.858001
-11.870001
-11.882001
-11.894001
-11.905001
-11.916
-11.928
-11.939
-11.949
-11.960001
-11.971001
-11.981001
-11.992001
-12.002001
-12.012001
-12.022
-12.031
-12.041
-12.049001
-12.047001
-12.031
-11.998
-11.959001
-11.918
-11.878
-11.839001
-11.8
-11.762
-11.724001
-11.686001
-11.650001
-11.613001
-11.577001
-11.542001
-11.507001
-11.473001
-11.439
-11.406
-11.374001
-11.344001
-11.317
-11.297001
-11.283001
-11.273001
-11.268001
-11.268001
-11.272
-11.280001
-11.293
-11.309001
-11.328
-11.35
-11.375001
-11.401001
-11.428
-11.456
-11.483001
-11.51
-11.535001
-11.558001
-11.577001
-11.593
-11.603001
-11.608001
-11.605
-11.596001
-11.577001
-11.549001
-11.51
-11.459001
-11.395
-11.318001
-11.227
-11.119
-11.141001
-11.162001
-11.183001
-11.204
-11.224001
-11.245001
-11.265
-11.284
-11.304001
-11.323001
-11.342001
-11.361001
-11.375001
-11.385
-11.392
-11.394001
-11.393001
-11.388
-11.372001
-11.279
-11.179001
-11.071
-10.955001
-10.831
-10.697001
-10.552
-10.396001
-10.228001
-10.048
-9.854
-9.646001
-9.424001
-9.186001
-8.932
-8.661
-8.374001
-8.069
-7.747
-7.406
-7.047
-6.670001
-6.275
-5.861
-5.613
-5.548
-5.484
-5.422
-5.361
-5.301
-5.242
-5.185
-5.129
-5.074
-5.02
-4.967
-4.915
-4.865
-4.815
-4.766
-4.719
-4.672
-4.626
-4.582
-4.538
-4.495
-4.453
-4.412
-4.356
-4.287
-4.203
-4.105
-3.993
-3.867
-3.727
-3.573
-3.404
-3.222
-3.025
-2.814
-2.588
-2.349
-2.095
-1.828
-1.546
-1.251
-1.22
-1.189
-1.159
-1.129
-1.1
-1.072
-1.044
-1.017
-0.99
-0.964
-0.938
-0.913
-0.888
-0.864
-0.841
-0.817
-0.795
-0.772
-0.75
-0.729
-0.708
-0.687
-0.667
-0.648
-0.628
-0.609
-0.591
-0.572
-0.554
-0.537
-0.52
-0.503
-0.486
-0.47
-0.454
-0.439
-0.424
-0.409
-0.394
-0.38
-0.366
-0.352
-0.339
-0.325
-0.312
-0.3
-0.287
-0.275
-0.263
-0.251
-0.24
-0.229
-0.218
-0.207
-0.196
-0.186
-0.176
-0.166
-0.156
-0.146
-0.137
-0.128
-0.119
-0.11
-0.101
-0.093
-0.084
-0.076
-0.068
-0.06
-0.053
-0.045
-0.038
-0.03
-0.023
-0.016
-0.01
-0.003
0.004
0.01
0.016
0.023
0.029
0.035
0.04
0.046
0.052
0.057
0.062
0.068
0.073
0.078
0.083
0.088
0.092
0.097
0.102
0.106
0.11
0.115
0.119
0.123
0.127
0.131
0.135
0.139
0.143
0.146
0.15
0.153
0.157
0.16
0.163
0.167
0.187
0.225
0.28
0.352
0.44
0.544
0.665
0.801
0.953
0.956
0.959
0.962
0.964
0.967
0.969
0.972
0.974
0.977
0.979
0.981
0.984
0.986
0.988
0.99
0.992
0.994
0.996
0.998
1.0
1.002
1.004
1.006
1.008
1.009
1.011
1.013
0.997
0.964
0.913
0.846
0.762
0.661
0.544
0.411
0.262
0.11
0.112
0.113
0.114
0.115
0.116
0.117
0.119
0.12
0.121
0.122
0.123
0.124
0.125
0.126
0.127
0.128
0.128
0.129
0.13
0.131
0.132
0.133
0.134
0.134
0.135
0.136
0.137
0.137
0.138
0.139
0.139
0.14
0.141
0.141
0.142
0.143
0.143
0.136
0.108
0.062
-0.001
-0.08
-0.177
-0.289
-0.418
-0.563
-0.708
-0.855
-1.011
-1.177
-1.359
-1.552
-1.755
-1.97
-2.193
-2.43
-2.669
-2.882
-3.086
-3.299
-3.179
-3.055
-2.913
-2.773
-2.633
-2.496
-2.361
-2.227
-2.091
-1.956
-1.825
-1.694
-1.565
-1.437
-1.327
-1.237
-1.166
-1.11
-1.073
-1.051
-1.046
-1.056
-1.08
-1.121
-1.175
-1.245
-1.328
-1.427
-1.54
-1.666
-1.807
-1.961
-2.128
-2.309
-2.517
-2.747
-2.994
-3.252
-3.521
-3.799
-4.087
-4.383
-4.687
-4.999
-5.316
-5.648
-6.057
-6.505
-6.944
-7.374001
-7.792
-8.196
-8.585
-8.957001
-9.31
-9.641001
-9.950001
-10.234
-10.491
-10.72
-10.918
-11.084001
-11.114
-11.132001
-11.150001
-11.168
-11.186001
-11.204
-11.221001
-11.238001
-11.255
-11.272
-11.289001
-11.305
-11.321
-11.337001
-11.353001
-11.369
-11.385
-11.400001
-11.415001
-11.43
-11.445001
-11.460001
-11.474001
-11.489
-11.503
-11.517
-11.531
-11.545
-11.559001
-11.572001
-11.585001
-11.599001
-11.612
-11.624001
-11.637
-11.650001
-11.662001
-11.675
-11.687
-11.699
-11.711
-11.722
-11.734
-11.746
-11.72
-11.683001
-11.645
-11.608001
-11.571
-11.535001
-11.499001
-11.464001
-11.43
-11.446
-11.462001
-11.478001
-11.493001
-11.509001
-11.524
-11.539001
-11.554001
-11.568001
-11.583
-11.597
-11.611001
-11.625001
-11.639001
-11.652
-11.666
-11.679001
-11.692
-11.705001
-11.718
-11.73
-11.743001
-11.755
-11.767
-11.779
-11.791
-11.802001
-11.814
-11.825001
-11.837001
-11.848001
-11.859
-11.869
-11.88
-11.891001
-11.901001
-11.911
-11.921
-11.931001
-11.941001
-11.951
-11.961
-11.97
-11.98
-11.990001
-12.000001
-12.012001
-12.023001
-12.035001
-12.046
-12.057
-12.068001
-12.076
-12.083
-12.092001
-12.101001
-12.109
-12.118001
-12.126
-12.134001
-12.142
-12.150001
-12.158001
-12.166
-12.174001
-12.182
-12.189
-12.197001
-12.204
-12.211
-12.218
-12.225
-12.232
-12.239
-12.246
-12.253
-12.259001
-12.266001
-12.272
-12.229001
-12.186001
-12.143001
-12.102
-12.061001
-12.02
-11.98
-11.940001
-11.901001
-11.912001
-11.924001
-11.935
-11.945001
-11.956
-11.967001
-11.977
-11.987
-11.997001
-12.007001
-12.017
-12.027
-11.987
-11.947001
-11.908001
-11.870001
-11.831
-11.794001
-11.757001
-11.72
-11.709001
-11.723001
-11.736001
-11.750001
-11.763
-11.776001
-11.789001
-11.802001
-11.815001
-11.827001
-11.839001
-11.851001
-11.863001
-11.875001
-11.887001
-11.898001
-11.910001
-11.921
-11.932
-11.943001
-11.953001
-11.955001
-11.933001
-11.893001
-11.854
-11.817
-11.782001
-11.749001
-11.719001
-11.690001
-11.664001
-11.64
-11.618001
-11.59
-11.563001
-11.535001
-11.509001
-11.482
-11.456
-11.43
-11.405001
-11.38
-11.355
-11.339001
-11.343
-11.361001
-11.378
-11.395
-11.412001
-11.429001
-11.446
-11.464001
-11.483001
-11.504001
-11.525001
-11.547001
-11.568001
-11.589001
-11.609
-11.627001
-11.642
-11.654
-11.662001
-11.666
-11.664001
-11.656
-11.641001
-11.618001
-11.586
-11.545
-11.493001
-11.43
-11.434001
-11.438001
-11.442
-11.446
-11.450001
-11.454
-11.458
-11.462001
-11.466001
-11.47
-11.474001
-11.479
-11.478001
-11.473001
-11.464001
-11.449
-11.43
-11.405001
-11.374001
-11.336
-11.292001
-11.241
-11.182
-11.115001
-11.038
-10.953
-10.954
-10.955001
-10.957001
-10.958
-10.960001
-10.961
-10.963
-10.964001
-10.966001
-10.967001
-10.969001
-10.971001
-10.972
-10.974001
-10.976001
-10.977
-10.979
-10.981001
-10.982
-10.984
-10.986
-10.988001
-10.989
-10.991
-10.993001
-10.995001
-10.997001
-10.998
-11.000001
-11.002001
-11.004001
-11.006001
-11.007001
-11.009001
-11.011001
-11.013
-11.015
-11.017
-11.018001
-11.02
-11.022
-11.023001
-11.009001
-10.963
-10.892
-10.817
-10.740001
-10.663
-10.587001
-10.511001
-10.437
-10.362
-10.289001
-10.217001
-10.145
-10.077001
-9.995001
-9.911
-9.828
-9.722
-9.594001
-9.453
-9.314
-9.177
-9.042001
-8.908
-8.776
-8.645
-8.515
-8.388
-8.261001
-8.138
-8.018001
-7.900001
-7.789001
-7.682
-7.579
-7.481
-7.386
-7.292
-7.201
-7.11
-7.02
-6.931
-6.844
-6.758
-6.673
-6.588
-6.506001
-6.425
-6.352
-6.295
-6.247
-6.204
-6.161
-6.148
-6.185
-6.264
-6.343
-6.42
-6.497
-6.589
-6.689
-6.796
-6.909
-7.028
-7.149
-7.256001
-7.359
-7.463
-7.569
-7.675
-7.778
-7.880001
-7.979001
-8.085
-8.202001
-8.313001
-8.422
-8.523001
-8.616
-8.698
-8.769
-8.829
-8.875
-8.907001
-8.924001
-8.924001
-8.907001
-8.876
-8.882
-8.876
-8.927
-8.977
-9.026
-9.075001
-9.123
-9.171
-9.217
-9.263
-9.309
-9.354
1.896
-2.4
0.324
0.15
-0.022
-0.191
-0.308
-0.424
-0.538
-0.651
-0.762
-0.872
-0.981
-1.087
-1.193
-1.297
-1.399
-0.616
-0.727
-0.837
-0.946
-1.053
-1.16
-1.263
-1.356
-0.462
-0.566
-0.668
-0.77
-0.869
-0.968
-1.065
-1.16
-1.255
-0.233
-0.364
-0.494
-0.622
-0.748
-0.873
-0.996
-1.118
-1.237
-1.356
-1.472
-1.571
-1.668
-1.764
-1.859
0.175
0.171
0.168
0.164
-0.61
-0.598
-0.586
-0.574
-0.562
-0.551
-0.54
-0.529
-0.212
-0.04
0.129
0.296
0.461
0.623
0.784
0.942
1.098
1.252
1.404
1.554
1.702
1.848
1.993
1.953
1.914
1.875
1.731
1.589
1.449
1.31
1.174
1.039
0.906
0.775
0.645
0.518
0.392
0.267
0.145
0.024
-0.096
-0.214
-0.33
-0.445
-0.558
-0.669
-0.78
-0.888
-0.996
-1.151
-1.304
-1.455
-1.604
-1.751
-1.897
-2.04
-2.181
-2.321
-2.458
-2.594
-2.728
-2.86
-2.99
-3.119
-3.246
-3.371
-3.495
-3.617
-3.737
-3.856
-3.973
-4.089
-4.203
-4.308
-4.37
-4.431
-4.491
-4.551
-4.611
-4.671
-4.73
-4.788
-4.846
-4.914
-5.018
-5.12
-5.221
-5.32
-5.418
-5.515
-5.61
-5.704
-5.797
-5.889
-5.979
-6.068
-6.156
-6.242
-6.323
-6.386
-6.414001
-6.441
-6.468
-6.494
-6.52
-6.545
-6.571
-6.595
-6.62
-6.644001
-6.668
-6.691
-6.715
-6.738
-6.76
-6.783
-6.805
-6.826
-6.848001
-6.869
-6.917
-6.965
-7.013
-7.06
-7.106
-7.151
-7.195
-7.239
-7.287
-7.349
-7.417
-7.484
-7.55
-7.616
-7.681
-7.744
-7.807
-7.87
-7.931
-7.992001
-8.052
-8.111
-8.169001
-8.227
-8.284
-8.326
-8.338
-8.344001
-8.351001
-8.357
-8.363001
-8.369
-8.375
-8.381001
-8.436001
-8.491
-8.544001
-8.598001
-8.650001
-8.702001
-8.753
-8.804001
-8.853001
-8.903001
-8.951
-8.999001
-9.047001
-9.093
-9.139001
-9.185
-9.23
-9.274
-9.312
-9.336
-9.343
-9.345
-9.343
-9.339001
-9.331
-9.320001
-9.307
-9.290001
-9.269
-9.249001
-9.233001
-9.224
-9.216001
-9.208
-9.200001
-9.192
-9.185
-9.177
-9.145
-9.113001
-9.081
-9.049001
-9.016001
-8.983001
-8.948
-8.917001
-8.912001
-8.907001
-8.902
-8.897
-8.893001
-8.889001
-8.885
-8.881001
-8.877001
-8.873
-8.881001
-8.929001
-8.979
-9.029
-9.078
-9.126
-9.174001
-9.221001
-9.267
-9.312
-9.357
-9.401
-9.445001
-9.488001
-9.530001
-9.572001
-9.613001
-9.654
-9.694
-9.733001
-9.772
-9.811001
-9.848001
-9.886001
-9.922001
-9.958
-9.994
-10.029
-10.064
-10.098001
-10.132001
-10.165001
-10.198001
-10.23
-10.262
-10.293
-10.324
-10.354
-10.384001
-10.414001
-10.443001
-10.472
-10.500001
-10.528001
-10.556001
-10.583
-10.571
-10.549001
-10.527
-10.506001
-10.485001
-10.464001
-10.443001
-10.423
-10.403001
-10.432
-10.461
-10.489
-10.517
-10.544001
-10.571
-10.598001
-10.624001
-10.650001
-10.675
-10.701
-10.725
-10.750001
-10.774
-10.798
-10.821
-10.845
-10.867001
-10.89
-10.912001
-10.934001
-10.956
-10.977
-10.998
-11.019
-11.039001
-11.059001
-11.079
-11.099001
-11.118001
-11.137
-11.156
-11.174001
-11.193001
-11.211
-11.228001
-11.246
-11.263
-11.280001
-11.297001
-11.314
-11.330001
-11.346001
-11.362
-11.378
-11.393001
-11.403001
-11.406
-11.402
-11.394001
-11.382001
-11.369
-11.357
-11.345
-11.333
-11.321
-11.31
-11.299001
-11.288
-11.276001
-11.264001
-11.253
-11.241
-11.23
-11.218
-11.206
-11.200001
-11.199
-11.204
-11.215
-11.23
-11.249001
-11.273001
-11.301001
-11.334001
-11.369
-11.408001
-11.449
-11.491
-11.531
-11.569
-11.607
-11.596001
-11.584001
-11.571
-11.552001
-11.527
-11.498
-11.467001
-11.435
-11.403001
-11.372001
-11.341001
-11.31
-11.280001
-11.251
-11.221001
-11.192
-11.169001
-11.151001
-11.138
-11.131001
-11.129001
-11.133
-11.142
-11.156
-11.175
-11.198001
-11.225
-11.256001
-11.290001
-11.327001
-11.365001
-11.405001
-11.446
-11.435
-11.425
-11.414001
-11.404
-11.394001
-11.384001
-11.374001
-11.365001
-11.355
-11.346001
-11.337001
-11.327001
-11.318001
-11.309001
-11.301001
-11.292001
-11.284
-11.275001
-11.267
-11.259001
-11.257001
-11.261001
-11.269001
-11.282001
-11.3
-11.323001
-11.35
-11.381001
-11.415001
-11.452001
-11.492001
-11.534
-11.576
-11.575001
-11.573001
-11.571
-11.570001
-11.568001
-11.566001
-11.565001
-11.563001
-11.562
-11.56
-11.559001
-11.557
-11.556001
-11.554001
-11.553
-11.551001
-11.555
-11.564
-11.577001
-11.594001
-11.615001
-11.64
-11.668
-11.699
-11.733001
-11.77
-11.808001
-11.847
-11.886001
-11.888
-11.89
-11.892
-11.895
-11.897
-11.899
-11.901001
-11.906
-11.914001
-11.926001
-11.940001
-11.958
-11.981001
-12.01
-12.039001
-12.023001
-12.003
-11.981001
-11.953001
-11.919001
-11.879001
-11.830001
-11.773001
-11.705001
-11.626
-11.535001
-11.431001
-11.313001
-11.18
-11.030001
-10.864
-10.68
-10.477
-10.255
-10.013
-9.75
-9.686001
-9.624001
-9.563001
-9.503
-9.445001
-9.388
-9.332001
-9.277
-9.224
-9.172001
-9.121
-9.071
-9.022
-8.974
-8.927
-8.881001
-8.837001
-8.793
-8.75
-8.708
-8.667001
-8.617001
-8.557
-8.490001
-8.407001
-8.313001
-8.209001
-8.093
-7.966001
-7.826
-7.673
-7.508
-7.328001
-7.135
-6.929
-6.884
-6.841001
-6.797
-6.755
-6.713
-6.671
-6.632
-6.594
-6.554
-6.514
-6.476
-6.437
-6.399
-6.362
-6.325
-6.289001
-6.24
-6.177001
-6.101
-6.011
-5.907
-5.778
-5.628
-5.436
-5.202
-4.947
-4.677
-4.395
-4.1
-3.791
-3.47
-3.138
-2.792
-2.433
-2.326
-2.221
-2.123
-2.034
-1.95
-1.868
-1.786
-1.706
-1.627
-1.549
-1.471
-1.431
-1.456
-1.481
-1.505
-1.528
-1.551
-1.573
-1.588
-1.602
-1.615
-1.629
-1.642
-1.654
-1.669
-1.689
-1.709
-1.728
-1.747
-1.766
-1.784
-1.802
-1.82
-1.837
-1.854
-1.871
-1.887
-1.903
-1.919
-1.935
-1.95
-1.965
-1.979
-1.994
-2.008
-2.021
-2.035
-2.048
-2.061
-2.074
-2.087
-2.099
-2.085
-2.055
-2.009
-1.947
-1.871
-1.78
-1.675
-1.556
-1.423
-1.276
-1.117
-0.944
-0.758
-0.56
-0.35
-0.128
-0.133
-0.139
-0.145
-0.152
-0.159
-0.166
-0.173
-0.18
-0.187
-0.193
-0.2
-0.206
-0.212
-0.218
-0.224
-0.23
-0.235
-0.241
-0.247
-0.25
-0.253
-0.256
-0.259
-0.262
-0.265
-0.268
-0.271
-0.276
-0.28
-0.285
-0.29
-0.294
-0.298
-0.303
-0.307
-0.311
-0.315
-0.319
-0.323
-0.327
-0.331
-0.316
-0.286
-0.241
-0.181
-0.106
-0.017
0.087
0.205
0.339
0.486
0.648
0.824
1.015
1.218
1.436
1.666
1.909
2.165
2.433
2.712
3.002
3.303
3.306
3.308
3.31
3.313
3.315
3.317
3.32
3.322
3.324
3.328
3.352
3.388
3.439
3.506
3.586
3.681
3.788
3.906
4.03
4.099
4.086
4.072
4.059
4.046
4.034
4.021
4.009
3.996
3.984
3.975
3.969
3.967
3.968
3.973
3.981
3.993
4.007
4.025
4.045
4.068
4.094
4.125
4.143
4.157
4.169
4.216
4.327
4.45
4.585
4.733
4.892
5.063
5.245
5.436
5.638
5.849
6.069
6.297
6.533
6.775
7.022
7.275001
7.532001
7.792
8.054001
8.317
8.580001
8.841001
8.854
8.866
8.879001
8.891001
8.903001
8.914001
8.926001
8.937
8.949
8.96
8.971001
8.982
8.992001
9.003
9.013
9.024
9.034
9.044001
9.054001
9.063001
9.073
9.082001
9.092
9.101001
9.110001
9.119
9.128
9.137
9.146001
9.154
9.162001
9.171
9.179001
9.187
9.195001
9.21
9.237
9.274
9.322001
9.379001
9.445001
9.52
9.604
9.695001
9.795
9.901
10.013
10.131001
10.253
10.38
10.51
10.643001
10.777
10.911
11.046
11.178
11.309001
11.316001
11.323001
11.330001
11.337001
11.344001
11.35
11.357
11.364
11.370001
11.376
11.383
11.389001
11.395
11.401001
11.407001
11.419001
11.438001
11.462001
11.491
11.527
11.567
11.611001
11.660001
11.712001
11.767
11.824
11.882001
11.942
12.002001
12.06
12.118001
12.172001
12.224001
12.271001
12.312
12.347
12.375001
12.394001
12.399
12.403001
12.408001
12.412001
12.417001
12.421
12.425
12.43
12.434001
12.439
12.444
12.450001
12.454
12.459001
12.462001
12.464001
12.463
12.461
12.464001
12.468
12.472
12.475
12.479001
12.482
12.485001
12.489
12.492001
12.495001
12.498
12.502001
12.505001
12.508
12.511001
12.514001
12.517
12.52
12.523001
12.526001
12.528001
12.531
12.534
12.537001
12.539001
12.542001
12.544001
12.497001
12.451
12.405001
12.359
12.315001
12.271001
12.227
12.184001
12.142
12.1
12.059001
12.018001
11.978001
11.938001
11.899
11.860001
11.822001
11.785001
11.748
11.711
11.675
11.64
11.604
11.570001
11.536
11.502001
11.466001
11.426001
11.375001
11.318001
11.26
11.204
11.148001
11.114
11.080001
11.047001
11.014001
10.982
10.950001
10.918
10.903001
10.928
10.952001
10.976001
11.000001
11.024
11.047001
11.070001
11.092001
11.115001
11.087001
11.059001
11.032001
11.006001
10.979
10.953
10.928
10.902
10.877001
10.853001
10.828
10.851001
10.876
10.901001
10.926001
10.950001
10.974001
10.998
11.021001
11.044001
11.067
11.09
11.112
11.134001
11.155001
11.177001
11.186001
11.157001
11.129001
11.101001
11.073001
11.046
11.019
10.992001
10.966001
10.940001
10.914001
10.889001
10.864
10.839001
10.865001
10.89
10.915001
10.939
10.963
10.987
11.01
11.034
11.056001
11.079
11.079
11.051001
11.024
10.997001
10.971001
10.945001
10.919001
10.893001
10.868001
10.844001
10.819
10.795
10.771001
10.741
10.708
10.671
10.632001
10.616
10.6
10.584001
10.568001
10.553
10.538
10.523001
10.508
10.494
10.48
10.465
10.451
10.468
10.498
10.527
10.513
10.492001
10.472
10.452001
10.433001
10.413
10.394
10.375001
10.357
10.338
10.320001
10.302
10.285001
10.267
10.250001
10.233001
10.266001
10.299001
10.331
10.363001
10.394
10.425
10.456
10.486
10.516001
10.545
10.574
10.602
10.631001
10.658001
10.686001
10.713
10.740001
10.766001
10.792001
10.818001
10.843
10.868001
10.893001
10.917001
10.942
10.965
10.989
11.012
11.035001
11.057
11.079
11.101001
11.123
11.144
11.165001
11.186001
11.207001
11.227
11.247001
11.267
11.286
11.305
11.324
11.343
11.361001
11.38
11.398001
11.415001
11.422001
11.39
11.358001
11.326
11.295
11.264001
11.233001
11.201
11.167001
11.131001
11.095
11.09
11.091001
11.09
11.091001
11.091001
11.091001
11.09
11.09
11.09
11.09
11.09
11.09
11.089001
11.088
11.087001
11.087001
11.086
11.085001
11.101001
11.124001
11.145
11.167001
11.188001
11.209001
11.23
11.250001
11.27
11.290001
11.31
11.329
11.348001
11.367001
11.386001
11.404
11.422001
11.440001
11.457001
11.474001
11.491
11.508
11.525001
11.541
11.557
11.573001
11.589001
11.605
11.620001
11.635
11.650001
11.665001
11.679001
11.693001
11.707001
11.721001
11.735001
11.748
11.762
11.775001
11.788
11.801001
11.813001
11.826
11.838
11.85
11.862
11.874001
11.886001
11.897
11.908001
11.920001
11.931001
11.941001
11.952001
11.963
11.923
11.885
11.846001
11.809001
11.771001
11.735001
11.698001
11.662001
11.627001
11.642
11.657001
11.671
11.685
11.700001
11.713
11.727
11.741
11.754001
11.767
11.780001
11.793
11.806001
11.818001
11.830001
11.843
11.855
11.866
11.878
11.89
11.901001
11.912001
11.923
11.934001
11.945001
11.955001
11.966001
11.976001
11.986001
11.996
12.006001
12.016001
12.026001
12.035001
12.045001
12.054001
12.063001
12.030001
11.995001
11.961
11.927001
11.893001
11.860001
11.828001
11.796
11.764001
11.733001
11.702001
11.672001
11.648001
11.662001
11.676001
11.690001
11.704
11.717001
11.73
11.743001
11.756001
11.769001
11.781
11.794001
11.806001
11.818001
11.830001
11.842001
11.853001
11.865001
11.876
11.887001
11.898001
11.909
11.920001
11.931001
11.941001
11.952001
11.962001
11.972
11.982
11.992001
12.001
12.011001
12.02
12.030001
12.039001
12.048
12.057
12.066001
12.075001
12.083
12.092001
12.1
12.108001
12.117001
12.125001
12.133
12.141001
12.148001
12.156
12.164001
12.171
12.179001
12.186001
12.193001
12.200001
12.207001
12.214001
12.221001
12.228001
12.234
12.241
12.247001
12.254001
12.26
12.266001
12.272
12.278001
12.284
12.290001
12.296
12.302001
12.308001
12.313001
12.319
12.324
12.330001
12.335001
12.34
12.345
12.351001
12.356001
12.361001
12.366
12.370001
12.375001
12.38
12.385
12.389001
12.394001
12.398001
12.403001
12.407001
12.411
12.416
12.420001
12.424001
12.428
12.432
12.436001
12.440001
12.444
12.448001
12.452001
12.455001
12.459001
12.463
12.466001
12.47
12.473001
12.477
12.48
12.484
12.487
12.490001
12.493001
12.497001
12.500001
12.503
12.506001
12.509001
12.512001
12.515
12.518001
12.521001
12.524
12.526001
12.529
12.532001
12.535001
12.538001
12.542001
12.546
12.55
12.555
12.559001
12.562
12.564
12.564
12.567
12.569
12.572001
12.574
12.576
12.579
12.581
12.583
12.585001
12.587001
12.59
12.592001
12.594001
12.596001
12.598001
12.6
12.602
12.604001
12.606001
12.608001
12.610001
12.611001
12.613001
12.615001
12.617001
12.619
12.620001
12.622001
12.624001
12.625001
12.627001
12.629001
12.630001
12.632001
12.633
12.635
12.636001
12.638
12.639001
12.641001
12.642
12.643001
12.644001
12.636001
12.587001
12.535001
12.484
12.431001
12.376
12.346001
12.351001
12.356001
12.361001
12.366
12.370001
12.375001
12.38
12.384001
12.389001
12.393001
12.397
12.402
12.406
12.409
12.364
12.319
12.275001
12.231001
12.188001
12.145
12.103001
12.062
12.021001
12.030001
12.039001
12.048
12.057
12.066001
12.075001
12.084001
12.092001
12.1
12.109
12.117001
12.125001
12.133
12.141001
12.148001
12.156
12.164001
12.171
12.178
12.136001
12.094001
12.053
12.012001
11.972
11.932
11.893001
11.854
11.816001
11.778001
11.753
11.766001
11.779
11.791
11.804001
11.816001
11.828001
11.84
11.852
11.863001
11.875001
11.886001
11.897
11.907001
11.877001
11.835001
11.793
11.749001
11.704
11.658001
11.609
11.558001
11.504001
11.446
11.389001
11.346001
11.319
11.290001
11.305
11.320001
11.335001
11.35
11.365001
11.379001
11.394001
11.408001
11.422001
11.435
11.449
11.462001
11.475
11.488001
11.500001
11.508
11.511001
11.511001
11.507001
11.498
11.485001
11.467001
11.443001
11.413
11.378
11.335001
11.285001
11.227
11.237
11.247001
11.257001
11.267
11.277
11.286
11.296
11.305
11.314
11.323001
11.332001
11.341001
11.346001
11.343
11.335001
11.321
11.301001
11.274
11.241
11.201
11.153001
11.097
11.033001
10.960001
10.879001
10.787001
10.684001
10.571
10.578
10.584001
10.59
10.597
10.603001
10.609
10.615001
10.621
10.626
10.632001
10.638
10.642
10.634001
10.619
10.594001
10.561001
10.519
10.468
10.408001
10.338
10.258
10.168
10.067
9.955001
9.831
9.695001
9.547001
9.386001
9.39
9.394
9.397
9.401
9.405001
9.408
9.412001
9.416
9.419001
9.423
9.426001
9.392
9.358001
9.324
9.291
9.258
9.226001
9.194
9.163
9.132
9.102
9.071
9.042001
9.012
8.984
8.955001
8.927
8.899
8.872001
8.845
8.818001
8.829
8.841001
8.852
8.863001
8.874001
8.884001
8.895
8.905001
8.916
8.926001
8.928
8.918
8.898001
8.866
8.824
8.77
8.706
8.63
8.542001
8.443001
8.331
8.206
8.046
7.864
7.671
7.465
7.248
7.019001
6.777
6.675
6.683
6.692
6.7
6.709
6.717
6.725
6.733
6.741
6.748
6.756001
6.763
6.771
6.778
6.784
6.762
6.741
6.72
6.7
6.679
6.659
6.64
6.62
6.601
6.582
6.563
6.545
6.526
6.508
6.491
6.473001
6.484
6.496
6.507
6.517
6.528
6.539001
6.549
6.559
6.57
6.58
6.589
6.599
6.609
6.618001
6.628
6.637
6.646
6.655
6.664001
6.673
6.678
6.667
6.643
6.606
6.555
6.491
6.413
6.322001
6.218
6.146
6.153
6.16
6.166
6.173
6.179
6.186
6.192
6.198
6.205
6.211
6.217
6.223001
6.219
6.173
6.114
6.042
5.956
5.858
5.774
5.756
5.764
5.771
5.778
5.784
5.791
5.798
5.805
5.811
5.818
5.824
5.83
5.822001
5.8
5.763
5.712
5.647
5.567
5.474
5.366
5.244
5.108
4.957
4.791
4.682
4.686
4.69
4.694
4.698
4.702
4.706
4.71
4.713
4.717
4.716
4.696
4.661
4.61
4.544
4.464
4.368
4.257
4.131
3.99
3.834
3.663
3.476
3.433
3.435
3.437
3.439
3.441
3.444
3.446
3.447
3.428
3.394
3.343
3.276
3.194
3.096
2.982
2.983
2.985
2.986
2.988
2.989
2.991
2.992
2.994
2.988
2.989
3.049
3.094
3.125
3.141
3.141
3.125
3.094
3.048
2.988
2.913
2.825
2.722
2.606
2.476
2.333
2.176
2.006
1.822
1.627
1.418
1.197
0.963
0.717
0.458
0.187
-0.096
-0.393
-0.7
-1.019
-1.349
-1.688
-2.037
-2.395
-2.76
-3.133
-3.516
-3.905
-4.299
-4.697
-5.097
-5.499
-5.902
-6.304
-6.703001
-7.108
-7.611001
-8.095
-8.556001
-8.994
-9.404
-9.785001
-9.982
-10.02
-10.058001
-10.095
-10.132001
-10.168
-10.203
-10.238001
-10.272
-10.306001
-10.339001
-10.371
-10.403001
-10.435
-10.466001
-10.497001
-10.527
-10.557
-10.586
-10.615001
-10.643001
-10.671
-10.698001
-10.731001
-10.77
-10.814
-10.863001
-10.917001
-10.974001
-11.034
-11.097
-11.163
-11.229
-11.297001
-11.364
-11.43
-11.448001
-11.466001
-11.484
-11.501
-11.518001
-11.535001
-11.551001
-11.567
-11.583
-11.599001
-11.615001
-11.63
-11.645
-11.660001
-11.675
-11.689
-11.704
-11.718
-11.731001
-11.745001
-11.759001
-11.772
-11.785001
-11.798
-11.811001
-11.823001
-11.836
-11.848001
-11.860001
-11.872001
-11.883
-11.895
-11.906
-11.917001
-11.928
-11.939
-11.950001
-11.960001
-11.971001
-11.981001
-11.991
-12.001
-12.011001
-12.021001
-12.030001
-12.040001
-12.047001
-12.05
-12.045001
-12.035001
-12.02
-11.999001
-11.979001
-11.959001
-11.938001
-11.917001
-11.896001
-11.874001
-11.849001
-11.823001
-11.795001
-11.767
-11.740001
-11.713
-11.687
-11.661
-11.635
-11.610001
-11.585001
-11.56
-11.536
-11.512
-11.488001
-11.465
-11.442
-11.419001
-11.396001
-11.374001
-11.352
-11.331
-11.309001
-11.288
-11.268001
-11.247001
-11.227
-11.207001
-11.187
-11.168
-11.149
-11.13
-11.111
-11.093
-11.075001
-11.057
-11.039001
-11.022
-11.01
-11.01
-11.025001
-10.996
-10.967001
-10.938001
-10.910001
-10.882001
-10.855
-10.828
-10.802
-10.775001
-10.750001
-10.724001
-10.699
-10.675
-10.651001
-10.627001
-10.603001
-10.580001
-10.557
-10.535001
-10.513
-10.491
-10.469001
-10.448001
-10.427
-10.406
-10.386001
-10.366
-10.346001
-10.327001
-10.308001
-10.289001
-10.272
-10.252001
-10.225
-10.195001
-10.165001
-10.135
-10.106001
-10.101001
-10.096001
-10.091001
-10.086
-10.082001
-10.077001
-10.072001
-10.068001
-10.063001
-10.059
-10.055
-10.063001
-10.095
-10.128
-10.161
-10.193001
-10.224001
-10.256001
-10.287001
-10.317
-10.347
-10.377001
-10.407001
-10.436001
-10.465
-10.493
-10.521001
-10.549001
-10.576
-10.603001
-10.63
-10.656
-10.682
-10.708
-10.733001
-10.758
-10.783001
-10.808001
-10.832001
-10.856001
-10.879001
-10.903001
-10.926001
-10.948001
-10.971001
-10.971001
-10.944
-10.917001
-10.89
-10.864
-10.838
-10.812
-10.787001
-10.762
-10.737
-10.713
-10.689
-10.666
-10.750001
-10.832001
-10.911
-10.988001
-11.063001
-11.135
-11.206
-11.274
-11.34
-11.404
-11.466001
-11.527
-11.585001
-11.809001
-12.027
-12.238001
-12.443001
-12.641001
-12.834001
-13.02
-13.202001
-13.377001
-13.548
-13.713
-13.874001
-14.029
-14.18
-14.326
-14.468
-14.606001
-14.740001
-14.869
-14.995001
-15.117001
-15.235001
-15.35
-15.461
-15.569001
-15.674001
-15.776001
-15.874001
-15.959001
-16.026001
-16.091002
-16.154001
-16.215
-16.275002
-16.332001
-16.388
-16.442001
-16.498001
-16.552
-16.620001
-16.693001
-16.764
-16.833
-16.900002
-16.964001
-17.027
-17.088001
-17.147001
-17.088001
-17.030001
-16.972
-16.915001
-16.859001
-16.803001
-16.748001
-16.694
-16.641001
-16.589001
-16.537001
-16.486
-16.435001
-16.385
-16.336
-16.288
-16.240002
-16.193001
-16.146
-16.1
-16.055
-16.01
-15.966001
-15.922001
-15.879001
-15.837001
-15.795001
-15.754001
-15.713
-15.674001
-15.629001
-15.573001
-15.506001
-15.433001
-15.357
-15.282001
-15.208001
-15.134001
-15.062
-14.991001
-14.921
-14.852
-14.785001
-14.72
-14.655001
-14.592001
-14.530001
-14.468
-14.407001
-14.345
-14.282001
-14.218
-14.152
-14.083001
-14.011001
-13.935
-13.855
-13.769001
-13.677001
-13.577001
-13.47
-13.355
-13.229001
-13.093
-12.946001
-12.787001
-12.615001
-12.429001
-12.229001
-12.013
-11.781
-11.531
-11.265
-10.98
-10.676001
-10.353001
-10.01
-9.646001
-9.263
-8.858001
-8.432
-7.985001
-7.517
-7.029
-6.52
-5.99
-6.031
-6.082
-6.133
-6.183
-6.232
-6.28
-6.328
-6.376
-6.422
-6.468
-6.514
-6.559
-6.603
-6.647
-6.690001
-6.712
-6.692
-6.584
-6.477
-6.372
-6.27
-6.169
-6.071
-5.974
-5.88
-5.787
-5.696
-5.607
-5.52
-5.435
-5.351
-5.269
-5.188
-5.11
-5.033
-4.957
-4.883
-4.81
-4.739
-4.669
-4.601
-4.534
-4.468
-4.404
-4.341
-4.28
-4.219
-4.16
-4.102
-4.045
-3.989
-3.929
-3.871
-3.814
-3.757
-3.702
-3.648
-3.595
-3.543
-3.492
-3.442
-3.405
-3.358
-3.306
-3.249
-3.177
-3.092
-2.974
-2.849
-2.723
-2.599
-2.476
-2.356
-2.236
-2.119
-2.003
-1.888
-1.775
-1.664
-1.554
-1.445
-1.338
-1.233
-1.128
-1.026
-0.924
-0.824
-0.725
-0.628
-0.532
-0.437
-0.343
-0.251
-0.16
-0.07
0.019
0.107
0.193
0.278
0.362
0.445
0.527
0.608
0.687
0.766
0.844
0.92
0.996
1.07
1.144
1.216
1.288
1.358
1.428
1.497
1.565
1.632
1.698
1.763
1.827
1.891
1.953
2.015
2.076
2.136
2.195
2.254
2.311
2.366
2.422
2.477
2.532
2.586
2.639
2.692
2.744
2.795
2.846
2.895
2.945
2.993
3.04
3.096
3.161
3.223
3.249
3.161
3.075
2.99
2.907
2.826
2.746
2.668
2.591
2.516
2.442
2.37
2.299
2.23
2.162
2.095
2.03
1.966
1.903
1.825
1.717
1.601
1.476
1.34
1.195
1.047
0.902
0.746
0.577
0.398
0.207
0.005
-0.207
-0.43
-0.663
-0.905
-1.157
-1.418
-1.688
-1.807
-1.925
-2.042
-2.156
-2.212
-2.215
-2.218
-2.221
-2.224
-2.227
-2.23
-2.233
-2.236
-2.239
-2.243
-2.246
-2.249
-2.252
-2.255
-2.258
-2.261
-2.264
-2.266
-2.269
-2.272
-2.274
-2.267
-2.26
-2.253
-2.246
-2.239
-2.233
-2.226
-2.22
-2.214
-2.207
-2.201
-2.195
-2.19
-2.184
-2.178
-2.173
-2.167
-2.162
-2.156
-2.151
-2.156
-2.161
-2.166
-2.17
-2.175
-2.18
-2.184
-2.189
-2.193
-2.198
-2.202
-2.207
-2.211
-2.215
-2.22
-2.224
-2.228
-2.232
-2.236
-2.24
-2.244
-2.248
-2.252
-2.256
-2.26
-2.263
-2.267
-2.271
-2.274
-2.278
-2.282
-2.285
-2.289
-2.292
-2.295
-2.299
-2.302
-2.301
-2.294
-2.286
-2.267
-2.234
-2.189
-2.132
-2.065
-2.042
-2.046
-2.05
-2.053
-2.056
-2.06
-2.063
-2.067
-2.07
-2.073
-2.076
-2.08
-2.083
-2.086
-2.074
-2.041
-1.99
-1.924
-1.844
-1.75
-1.642
-1.521
-1.386
-1.239
-1.078
-0.962
-0.903
-0.883
-0.881
-0.878
-0.876
-0.874
-0.871
-0.869
-0.867
-0.864
-0.862
-0.86
-0.858
-0.856
-0.854
-0.852
-0.85
-0.848
-0.846
-0.844
-0.842
-0.84
-0.838
-0.836
-0.834
-0.833
-0.831
-0.829
-0.829
-0.831
-0.833
-0.836
-0.838
-0.84
-0.842
-0.844
-0.846
-0.848
-0.85
-0.852
-0.854
-0.84
-0.816
-0.791
-0.762
-0.734
-0.703
-0.667
-0.625
-0.582
-0.511
-0.403
-0.29
-0.176
-0.063
0.048
0.16
0.276
0.403
0.542
0.685
0.832
0.978
1.121
1.263
1.404
1.541
1.677
1.811
1.944
2.074
2.199
2.306
2.386
2.464
2.542
2.618
2.694
2.767
2.837
2.9
2.962
3.024
3.085
3.145
3.205
3.264
3.322
3.379
3.435
3.491
3.546
3.6
3.654
3.707
3.759
3.81
3.861
3.911
3.96
4.005
4.003
3.904
3.808
3.713
3.62
3.53
3.44
3.353
3.267
3.183
3.101
3.021
2.942
2.864
2.788
2.714
2.641
2.569
2.499
2.434
2.371
2.308
2.247
2.188
2.129
2.072
2.015
1.96
1.906
1.853
1.802
1.751
1.701
1.652
1.601
1.55
1.5
1.452
1.404
1.357
1.311
1.266
1.222
1.179
1.136
1.095
1.054
1.014
0.975
0.937
0.899
0.862
0.826
0.79
0.756
0.721
0.688
0.655
0.623
0.592
0.561
0.53
0.501
