0.0
0.0
0.0
0.0
0.0
0.0
0.0
0.0
0.0
0.0
0.0
0.0
0.0
0.189
0.377
0.562
0.744
0.925
1.102
1.277
1.45
1.621
1.789
1.956
2.12
2.281
2.236
2.191
2.147
2.308
2.468
2.625
2.78
2.933
3.084
3.232
3.379
3.524
3.667
3.808
3.948
4.085
4.22
4.354
4.486
4.616
4.745
4.871
4.997
5.12
5.242
5.362
5.48
5.597
5.713
5.826
5.939
6.049
6.159
6.267
6.373
6.478
6.582
6.684
6.785
6.884
6.983
7.079
7.175
7.269001
7.362
7.454
7.545001
7.634
7.722001
7.81
7.895
7.98
8.064
8.146001
8.228001
8.308001
8.387
8.465
8.542001
8.618
8.694
8.768001
8.841001
8.913
8.984
9.054001
9.123
9.192
9.259001
9.326
9.391001
9.456
9.52
9.583
9.645
9.707001
9.767
9.827001
9.886001
9.944
10.002001
10.058001
10.114
10.169001
10.224001
10.277
10.330001
10.383
10.434001
10.485001
10.535001
10.585
10.634001
10.682
10.729
10.776001
10.823001
10.868001
10.913
10.958
11.002001
11.045
11.088
11.13
11.172001
11.213
11.253
11.293
11.332001
11.371
11.410001
11.448001
11.485001
11.522
11.558001
11.569
11.549001
11.529
11.51
11.490001
11.471001
11.451
11.431001
11.469001
11.506001
11.542001
11.578001
11.614
11.649
11.683001
11.717001
11.751
11.784
11.817
11.85
11.882001
11.913
11.944
11.975
12.005
12.035001
12.064
12.093
12.122001
12.150001
12.178
12.206
12.233001
12.26
12.286
12.312
12.338
12.364
12.389001
12.413001
12.406
12.375001
12.344001
12.314
12.284
12.254001
12.281
12.307
12.333
12.358001
12.384001
12.408001
12.433001
12.457001
12.481001
12.504001
12.528001
12.551001
12.573001
12.595
12.617001
12.639001
12.660001
12.682
12.702001
12.723001
12.743001
12.763
12.783001
12.803
12.824
12.843
12.863001
12.882001
12.901001
12.918
12.935
12.950001
12.963
12.975
12.983001
12.990001
12.992001
12.992001
12.987
12.978001
12.964001
12.944
12.919001
12.887001
12.902
12.916
12.93
12.944
12.957001
12.971001
12.982
12.991
12.996
12.999001
12.999001
12.995001
12.989
12.979001
12.965
12.947001
12.925
12.899
12.867001
12.831
12.789001
12.741
12.687
12.627001
12.559001
12.484
12.401001
12.309001
12.209001
12.1
11.981001
11.852
11.713
11.562
11.400001
11.227
11.042001
10.844001
10.633
10.409
10.171
9.92
9.655001
9.376
9.082001
8.774
8.451
8.113
8.006001
8.01
8.015
8.019
8.023001
8.028001
8.032001
8.036
8.029
8.011001
7.983
7.944
7.894001
7.834001
7.763
7.681
7.589
7.486001
7.372
7.248
7.112
6.966001
6.808
6.64
6.461
6.27
6.068
5.854
5.629
5.631
5.634
5.636
5.638
5.64
5.642
5.644
5.633
5.61
5.575
5.528
5.469
5.398
5.316
5.221
5.115
4.997
4.867
4.726
4.573
4.408
4.232
4.044
4.03
4.031
4.032
4.033
4.034
4.035
4.036
4.037
4.038
4.039
4.027
4.002
3.964
3.913
3.85
3.775
3.687
3.586
3.474
3.349
3.213
3.213
3.214
3.215
3.215
3.216
3.217
3.217
3.218
3.218
3.219
3.22
3.22
3.221
3.221
3.222
3.222
3.223
3.224
3.224
3.225
3.225
3.212
3.186
3.147
3.095
3.03
3.03
3.031
3.031
3.031
3.032
3.032
3.033
3.033
3.034
3.034
3.034
3.035
3.035
3.036
3.036
3.036
3.037
3.037
3.037
3.038
3.038
3.038
3.039
3.039
3.039
3.04
3.04
3.04
3.04
3.023
2.993
2.95
2.895
2.826
2.826
2.826
2.826
2.827
2.827
2.827
2.827
2.828
2.828
2.828
2.828
2.829
2.829
2.829
2.829
2.83
2.83
2.83
2.83
2.83
2.831
2.831
2.831
2.831
2.831
2.83
2.812
2.781
2.737
2.679
2.609
2.526
2.43
2.337
2.337
2.337
2.337
2.337
2.337
2.337
2.338
2.338
2.338
2.338
2.338
2.338
2.338
2.338
2.339
2.339
2.339
2.339
2.339
2.339
2.339
2.339
2.34
2.34
2.34
2.34
2.34
2.34
2.34
2.34
2.34
2.34
2.341
2.341
2.341
2.355
2.382
2.422
2.476
2.543
2.622
2.714
2.818
2.935
2.935
2.935
2.935
2.935
2.935
2.935
2.935
2.935
2.949
2.976
3.016
3.07
3.136
3.215
3.296
3.296
3.296
3.296
3.297
3.297
3.297
3.297
3.297
3.297
3.297
3.297
3.297
3.297
3.297
3.297
3.298
3.298
3.298
3.298
3.298
3.298
3.298
3.298
3.298
3.298
3.298
3.298
3.298
3.299
3.299
3.299
3.299
3.299
3.299
3.299
3.299
3.299
3.299
3.299
3.299
3.299
3.299
3.299
3.3
3.3
3.3
3.3
3.3
3.3
3.3
3.3
3.3
3.3
3.3
3.3
3.3
3.3
3.3
3.3
3.3
3.3
3.3
3.301
3.301
3.301
3.301
3.301
3.301
3.301
3.301
3.301
3.301
3.301
3.301
3.301
3.301
3.301
3.301
3.301
3.301
3.301
3.301
3.301
3.301
3.301
3.302
3.302
3.302
3.302
3.302
3.288
3.261
3.221
3.168
3.102
3.023
2.932
2.828
2.711
2.582
2.441
2.288
2.123
1.946
1.757
1.557
1.345
1.122
0.887
0.642
0.385
0.118
-0.159
-0.446
-0.744
-1.051
-1.367
-1.692
-2.026
-2.368
-2.718
-3.075
-3.075
-3.075
-3.075
-3.075
-3.075
-3.075
-3.075
-3.075
-3.075
-3.075
-3.075
-3.075
-3.075
-3.075
-3.075
-3.075
-3.075
-3.075
-3.075
-3.061
-3.034
-2.994
-2.941
-2.874
-2.795
-2.703
0.036
-0.046
-0.129
-0.211
-0.293
-0.309
-0.325
-0.341
-0.357
-0.373
-0.389
-0.405
-0.42
-0.436
-0.451
-0.467
-0.482
-0.497
-0.513
-0.528
-0.463
-0.355
-0.241
-0.128
-0.017
0.093
0.203
0.312
0.422
0.536
0.506
0.477
0.448
0.42
0.392
0.364
0.337
0.31
0.284
0.258
0.232
0.207
0.182
0.158
0.136
0.117
0.101
0.09
0.082
0.079
0.06
0.041
0.023
0.005
-0.013
-0.031
0.085
0.207
0.327
0.446
0.562
0.678
0.796
0.901
0.879
0.863
0.853
0.821
0.789
0.758
0.727
0.697
0.668
0.639
0.611
0.583
0.555
0.529
0.502
0.476
0.451
0.426
0.401
0.377
0.354
0.323
0.286
0.242
0.191
0.133
0.067
-0.006
-0.086
-0.174
-0.198
-0.221
-0.243
-0.265
-0.287
-0.309
-0.33
-0.35
-0.371
-0.391
-0.41
-0.429
-0.448
-0.467
-0.485
-0.503
-0.521
-0.538
-0.549
-0.56
-0.571
-0.581
-0.591
-0.601
-0.611
-0.62
-0.63
-0.639
-0.648
-0.657
-0.666
-0.681
-0.695
-0.709
-0.723
-0.737
-0.75
-0.764
-0.777
-0.79
-0.802
-0.824
-0.856
-0.897
-0.948
-1.009
-1.079
-1.158
-1.248
-1.346
-1.434
-1.447
-1.46
-1.472
-1.485
-1.497
-1.509
-1.521
-1.532
-1.544
-1.555
-1.568
-1.595
-1.632
-1.679
-1.737
-1.805
-1.884
-1.972
-2.071
-2.082
-2.093
-2.103
-2.114
-2.124
-2.134
-2.144
-2.154
-2.164
-2.174
-2.183
-2.192
-2.203
-2.228
-2.264
-2.311
-2.369
-2.438
-2.517
-2.607
-2.708
-2.819
-2.94
-3.072
-3.213
-3.364
-3.524
-3.694
-3.873
-3.884
-3.894
-3.904
-3.914
-3.923
-3.933
-3.942
-3.952
-3.961
-3.97
-3.979
-3.988
-3.996
-4.005
-4.013
-4.02
-4.013
-4.004
-3.994
-3.984
-3.993
-4.002
-4.01
-4.018
-4.026
-4.035
-4.042
-4.05
-4.058
-4.066
-4.073
-4.08
-4.088
-4.095
-4.102
-4.107
-4.111
-4.116
-4.12
-4.127
-4.133
-4.14
-4.146
-4.153
-4.159
-4.165
-4.171
-4.177
-4.165
-4.153
-4.141
-4.13
-4.118
-4.107
-4.096
-4.103
-4.11
-4.117
-4.123
-4.13
-4.136
-4.143
-4.149
-4.155
-4.161
-4.167
-4.173
-4.179
-4.173
-4.155
-4.124
-4.082
-4.028
-3.963
-3.886
-3.797
-3.801
-3.806
-3.811
-3.815
-3.82
-3.824
-3.82
-3.801
-3.771
-3.728
-3.673
-3.607
-3.528
-3.437
-3.335
-3.221
-3.096
-2.958
-2.81
-2.664
-2.666
-2.669
-2.671
-2.674
-2.676
-2.679
-2.681
-2.683
-2.686
-2.675
-2.651
-2.615
-2.566
-2.505
-2.431
-2.345
-2.247
-2.137
-2.015
-1.881
-1.736
-1.578
-1.409
-1.41
-1.411
-1.412
-1.413
-1.414
-1.415
-1.416
-1.404
-1.378
-1.34
-1.288
-1.224
-1.147
-1.058
-0.956
-0.843
-0.717
-0.579
-0.579
-0.58
-0.58
-0.58
-0.581
-0.581
-0.582
-0.582
-0.582
-0.571
-0.545
-0.507
-0.455
-0.39
-0.313
-0.223
-0.223
-0.223
-0.223
-0.224
-0.224
-0.224
-0.224
-0.224
-0.224
-0.224
-0.225
-0.225
-0.225
-0.225
-0.225
-0.226
-0.243
-0.272
-0.311
-0.31
-0.31
-0.31
-0.311
-0.311
-0.311
-0.311
-0.312
-0.312
-0.312
-0.312
-0.312
-0.313
-0.313
-0.313
-0.313
-0.313
-0.313
-0.314
-0.314
-0.314
-0.314
-0.314
-0.314
-0.315
-0.315
-0.315
-0.315
-0.315
-0.315
-0.315
-0.316
-0.316
-0.316
-0.316
-0.316
-0.316
-0.316
-0.317
-0.317
-0.317
-0.317
-0.317
-0.317
-0.317
-0.317
-0.325
-0.348
-0.385
-0.435
-0.498
-0.498
-0.498
-0.499
-0.499
-0.499
-0.499
-0.499
-0.499
-0.499
-0.5
-0.5
-0.5
-0.485
-0.458
-0.416
-0.362
-0.362
-0.362
-0.362
-0.362
-0.362
-0.362
-0.363
-0.363
-0.363
-0.363
-0.363
-0.363
-0.363
-0.363
-0.363
-0.363
-0.363
-0.363
-0.363
-0.363
-0.364
-0.364
-0.364
-0.364
-0.364
-0.364
-0.364
-0.364
-0.364
-0.364
-0.364
-0.364
-0.364
-0.364
-0.364
-0.348
-0.319
-0.276
-0.22
-0.151
-0.151
-0.151
-0.151
-0.152
-0.152
-0.152
-0.152
-0.152
-0.152
-0.138
-0.11
-0.07
-0.015
0.052
0.132
0.225
0.331
0.449
0.579
0.579
0.579
0.579
0.579
0.579
0.579
0.506
0.38
0.247
0.131
0.031
-0.054
-0.125
-0.182
-0.225
-0.255
-0.271
-0.391
-0.51
-0.627
-0.742
-0.856
-0.955
-1.039
-1.11
-1.167
-1.345
-1.506
-1.649
-1.774
-1.882
-1.972
-2.046
-2.102
-2.142
-2.165
-2.171
-2.16
-2.133
-2.089
-2.028
-1.951
-1.858
-1.748
-1.622
-1.479
-1.32
-1.144
-0.953
-0.745
-0.521
-0.282
-0.026
0.244
0.531
0.832
1.148
1.479
1.823
2.182
2.554
2.938
3.335
3.744
4.163
4.593
5.033
5.481
5.938
6.401
6.871
7.346
7.824
8.306001
8.273001
8.240001
8.208
8.177
8.147
8.118
8.089001
8.06
8.033
8.02
8.022
8.039001
8.071
8.104
8.152
8.212001
8.285001
8.371
8.468
8.577001
8.697001
8.827001
8.968
9.118
9.278001
9.446
9.623
9.807
9.998
10.196
10.399
10.608001
10.822001
11.040001
11.261001
11.484
11.710001
11.937
12.164001
12.39
12.616
12.84
13.06
13.278001
13.490001
13.697001
13.898001
14.092001
14.277
14.454
14.620001
14.775001
14.919001
15.050001
15.167001
15.269001
15.356001
15.335001
15.315001
15.294001
15.275001
15.255001
15.236001
15.217001
15.201001
15.188001
15.179001
15.172001
15.167001
15.165001
15.165001
15.167001
15.171
15.175001
15.181001
15.187
15.192
15.198001
15.202001
15.205001
15.206
15.205001
15.200001
15.192
15.18
15.163001
15.14
15.112
15.077001
15.035001
14.985001
14.927001
14.860001
14.782001
14.695001
14.597001
14.487
14.365001
14.23
14.082001
13.920001
13.744
13.553
13.347001
13.125001
12.886001
12.618001
12.526001
12.410001
12.229001
12.052001
11.878
11.698001
11.512
11.322001
11.125001
10.923
10.715
10.500001
10.279
10.05
9.814
9.610001
9.362
9.101001
8.833
8.557
8.273001
7.981
7.682
7.374001
7.057
6.733
6.4
6.058
5.708
5.35
4.983
4.608
4.226
3.835
3.437
3.031
2.618
2.198
1.772
1.34
1.119
1.032
0.944
0.859
0.774
0.7
0.628
0.557
0.487
0.419
0.352
0.287
0.223
0.16
0.099
0.039
-0.02
-0.078
-0.132
-0.174
-0.201
-0.216
-0.22
-0.211
-0.192
-0.161
-0.12
-0.067
-0.005
0.036
-0.022
-0.078
-0.133
-0.188
-0.241
-0.293
-0.344
-0.395
-0.443
-0.476
-0.497
-0.505
-0.501
-0.486
-0.458
-0.418
-0.366
-0.298
-0.215
-0.121
-0.017
0.096
0.219
0.352
0.494
0.645
0.805
0.973
1.15
1.334
1.527
1.727
1.935
2.149
2.371
2.437
2.411
2.385
2.36
2.335
2.311
2.274
2.226
2.169
2.103
2.027
1.944
1.851
1.748
1.635
1.511
1.377
1.232
1.078
1.062
1.046
1.03
1.015
1.0
0.986
0.971
0.956
0.942
0.927
0.902
0.866
0.819
0.761
0.693
0.619
0.607
0.595
0.584
0.572
0.561
0.55
0.539
0.529
0.518
0.455
0.389
0.326
0.263
0.201
0.138
0.078
0.017
-0.05
-0.125
-0.196
-0.267
-0.336
-0.405
-0.484
-0.573
-0.673
-0.783
-0.904
-1.034
-1.175
-1.325
-1.387
-1.447
-1.427
-1.408
-1.388
-1.37
-1.351
-1.333
-1.315
-1.296
-1.277
-1.259
-1.241
-1.223
-1.206
-1.189
0.259
-0.292
0.055
0.049
0.043
0.037
-0.077
-0.08
-0.083
-0.087
-0.09
-0.093
-0.096
-0.099
-0.009
-0.013
-0.018
-0.022
-0.026
-0.032
-0.032
-0.031
-0.031
-0.024
-0.018
-0.012
-0.008
-0.004
0.001
0.005
0.009
0.014
0.013
0.013
0.013
0.006
0.0
-0.007
-0.013
-0.019
-0.024
-0.028
-0.032
-0.036
-0.041
-0.045
-0.044
-0.043
-0.042
-0.041
-0.04
-0.035
-0.017
-0.011
-0.004
0.002
0.008
0.014
0.02
0.026
0.032
0.038
0.044
0.05
0.055
0.061
0.066
0.072
0.077
0.082
0.081
0.079
0.074
0.068
0.063
0.057
0.052
0.047
0.042
0.035
0.028
0.022
0.015
0.01
0.006
0.001
-0.005
-0.011
-0.019
-0.029
-0.04
-0.053
-0.068
-0.085
-0.105
-0.128
-0.154
-0.183
-0.215
-0.25
-0.289
-0.331
-0.377
-0.427
-0.481
-0.539
-0.601
-0.667
-0.737
-0.811
-0.889
-0.971
-1.057
-1.103
-1.154
-1.205
-0.677
-0.735
-0.791
-0.847
-0.903
-0.957
-1.011
-1.064
-1.116
-1.167
-1.218
-1.269
-1.318
-1.367
-1.415
-1.463
-1.51
-1.556
-1.602
-1.647
-1.691
-1.735
-1.779
-1.821
-1.863
-1.886
-1.907
-1.929
-1.95
-1.971
-1.992
-2.012
-2.033
-2.052
-2.072
-2.091
-2.11
-2.129
-2.148
-2.166
-2.163
-2.07
-1.978
-1.882
-1.635
-1.354
-1.08
-0.809
-0.54
-0.296
-0.148
-0.003
0.138
0.277
0.412
0.544
0.674
0.8
0.923
1.044
1.162
1.277
1.39
1.5
1.64
1.776
1.751
1.603
1.421
1.243
1.069
0.899
0.729
0.556
0.392
0.222
0.043
-0.142
-0.336
-0.537
-0.746
-0.963
-1.11
-1.25
-1.386
-1.52
-1.655
-1.802
-1.958
-2.123
-2.297
-2.481
-2.546
-2.61
-2.673
-2.734
-2.794
-2.852
-2.909
-2.965
-3.02
-3.073
-3.125
-3.226
-3.325
-3.371
-3.416
-3.461
-3.504
-3.547
-3.589
-3.63
-3.67
-3.722
-3.784
-3.858
-3.942
-4.037
-4.143
-4.178
-4.213
-4.247
-4.281
-4.314
-4.346
-4.378
-4.409
-4.453
-4.507
-4.573
-4.65
-4.738
-4.836
-4.944
-5.063
-5.191
-5.33
-5.477
-5.634
-5.8
-5.974
-6.156
-6.346
-6.543
-6.748
-6.959
-7.176
-7.399
-7.628
-7.861001
-8.098001
-8.339001
-8.583
-8.830001
-9.078
-9.328
-9.578
-9.828
-10.078
-10.325001
-10.571
-10.813001
-11.051001
-11.284
-11.512
-11.733001
-11.946
-12.152
-12.348001
-12.534
-12.709001
-12.872001
-13.022
-13.159
-13.281001
-13.387001
-13.476001
-13.549001
-13.603001
-13.638
-13.653001
-13.648001
-13.566001
-13.514001
-13.467001
-13.420001
-13.374001
-13.329
-13.285001
-13.241
-13.197001
-13.154
-13.112
-13.070001
-13.029
-12.989
-12.949
-12.909
-12.870001
-12.832001
-12.794001
-12.757001
-12.72
-12.683001
-12.647
-12.612
-12.577001
-12.544001
-12.51
-12.531
-12.553
-12.574
-12.595
-12.615001
-12.636001
-12.656
-12.675
-12.695001
-12.714001
-12.733001
-12.752001
-12.771001
-12.789001
-12.807
-12.825001
-12.842001
-12.860001
-12.877001
-12.894001
-12.910001
-12.927001
-12.943001
-12.959001
-12.975
-12.990001
-13.006001
-12.966001
-12.926001
-12.887001
-12.848001
-12.811001
-12.773001
-12.737
-12.756001
-12.774
-12.792001
-12.81
-12.828001
-12.846001
-12.863001
-12.881001
-12.900001
-12.915001
-12.881001
-12.849001
-12.817
-12.780001
-12.743001
-12.707001
-12.727
-12.746
-12.765
-12.893001
-13.018001
-13.14
-13.259001
-13.376
-13.490001
-13.601001
-13.711
-13.820001
-13.928
-14.035001
-14.14
-14.243001
-14.338
-14.431001
-14.522
-14.611001
-14.698001
-14.783001
-14.866001
-14.949
-15.030001
-15.111001
-15.190001
-15.269001
-15.347001
-15.423
-15.498001
-15.570001
-15.641001
-15.709001
-15.772
-15.834001
-15.895
-15.954
-16.012001
-16.068001
-16.124001
-16.178001
-16.231001
-16.283001
-16.334002
-16.384001
-16.432001
-16.479
-16.525002
-16.570002
-16.614
-16.657001
-16.700001
-16.741001
-16.781
-16.820002
-16.859001
-16.896
-16.933001
-16.969
-17.004002
-17.038
-17.072001
-17.104
-17.066
-17.029001
-16.992001
-16.955
-16.919001
-16.884001
-16.848001
-16.814001
-16.780001
-16.746
-16.713001
-16.68
-16.647001
-16.6
-16.551001
-16.504002
-16.474001
-16.445002
-16.415001
-16.386002
-16.358002
-16.33
-16.302
-16.275002
-16.248001
-16.221001
-16.195002
-16.169001
-16.143002
-16.118
-16.093
-16.069
-16.044001
-16.02
-15.997001
-15.974001
-15.951001
-15.928
-15.906001
-15.883
-15.862
-15.840001
-15.819001
-15.798
-15.777
-15.757001
-15.737
-15.717001
-15.698001
-15.678
-15.659
-15.641001
-15.622001
-15.604001
-15.586
-15.568001
-15.550001
-15.533001
-15.516001
-15.499001
-15.482
-15.466001
-15.450001
-15.434001
-15.418001
-15.402
-15.387001
-15.458001
-15.527
-15.594001
-15.660001
-15.725
-15.788001
-15.85
-15.910001
-15.969001
-16.027
-16.083
-16.138
-16.192001
-16.244001
-16.296001
-16.346001
-16.395
-16.443001
-16.374001
-16.300001
-16.228001
-16.157001
-16.087
-16.142
-16.196001
-16.248001
-16.300001
-16.35
-16.399
-16.447001
-16.494001
-16.539001
-16.584002
-16.628
-16.67
-16.712
-16.753
-16.793001
-16.832001
-16.870001
-16.906
-16.941
-16.975
-17.007
-17.041
-17.074001
-17.107
-17.139
-17.17
-17.200001
-17.230001
-17.258001
-17.285002
-17.311001
-17.336
-17.359001
-17.380001
-17.399
-17.415001
-17.429001
-17.440001
-17.382
-17.320002
-17.256001
-17.188002
-17.117001
-17.040001
-16.959002
-16.872002
-16.779001
-16.679001
-16.573
-16.458
-16.335001
-16.204
-16.063002
-15.911001
-15.750001
-15.577001
-15.392001
-15.196001
-14.986001
-14.764001
-14.527
-14.277
-14.012001
-13.732
-13.437
-13.412001
-13.388
-13.364
-13.341001
-13.317
-13.294001
-13.272
-13.249001
-13.227
-13.205001
-13.184001
-13.163001
-13.097001
-13.031001
-12.967001
-12.903001
-12.841001
-12.779
-12.763
-12.748
-12.733001
-12.717001
-12.702001
-12.688001
-12.673
-12.659
-12.645
-12.631001
-12.617001
-12.612
-12.616
-12.629001
-12.649
-12.678
-12.715
-12.759001
-12.81
-12.868001
-12.932
-13.003
-13.078001
-13.159
-13.243001
-13.332001
-13.425
-13.52
-13.617001
-13.716001
-13.816001
-13.917001
-14.017
-14.117001
-14.214001
-14.31
-14.402
-14.491001
-14.575001
-14.655001
-14.728001
-14.794001
-14.853001
-14.903001
-14.945001
-14.976001
-14.997001
-15.006001
-15.003
-14.988001
-14.974001
-14.964001
-14.954
-14.945001
-14.935
-14.926001
-14.917001
-14.908001
-14.899001
-14.89
-14.882001
-14.873001
-14.864
-14.855
-14.847001
-14.839001
-14.831
-14.823001
-14.815001
-14.807001
-14.800001
-14.792001
-14.785001
-14.777
-14.769001
-14.76
-14.750001
-14.740001
-14.728001
-14.715001
-14.701001
-14.685
-14.667001
-14.647
-14.624001
-14.597001
-14.567
-14.533001
-14.495001
-14.452001
-14.403001
-14.349001
-14.289001
-14.221001
-14.147
-14.064001
-13.973001
-13.874001
-13.764001
-13.645
-13.516001
-13.376
-13.224001
-13.06
-12.884001
-12.695001
-12.493001
-12.277
-12.047001
-11.802001
-11.543
-11.268001
-10.978001
-10.673
-10.351001
-10.014001
-9.661
-9.291
-8.905001
-8.503
-8.085
-7.652
-7.202
-6.737
-6.257
-5.763
-5.254
-4.731
-4.195
-3.647
-3.087
-2.516
-1.935
-1.344
-0.746
-0.14
0.472
1.089
1.709
2.332
2.956
3.579
4.2
4.818
5.431
6.037
6.636
7.224
7.229001
7.227
7.226
7.225
7.224
7.222
7.221
7.22
7.219
7.217
7.216001
7.215
7.214
7.213
7.212
7.211
7.210001
7.209
7.208
7.207
7.206
7.205
7.204
7.203001
7.202
7.201
7.2
7.199
7.198
7.197001
7.210001
7.234
7.271
7.319
7.378
7.448
7.529
7.621
7.723001
7.834001
7.955
8.085
8.224
8.372001
8.527
8.690001
8.860001
9.037001
9.22
9.408
9.602
9.8
10.002001
10.208
10.416
10.415001
10.414001
10.413
10.412001
10.411
10.411
10.369
10.329
10.288
10.249001
10.21
10.171
10.133
10.096001
10.058001
10.022
9.986
9.950001
9.915001
9.881001
9.859
9.887
9.923
9.968
10.021001
10.082001
10.151
10.227
10.311001
10.401
10.498
10.601001
10.71
10.716001
10.722
10.728001
10.734
10.740001
10.745001
10.751
10.757001
10.762
10.776001
10.798
10.828
10.865001
10.911
10.963
11.023001
11.089001
11.162001
11.241
11.246
11.251
11.256001
11.261001
11.265
11.27
11.274
11.279
11.283001
11.288
11.292001
11.296
11.301001
11.305
11.309001
11.313001
11.317
11.321
11.325001
11.329
11.332001
11.336
11.34
11.343
11.347
11.35
11.348001
11.337001
11.319
11.292001
11.257001
11.215
11.165001
11.106001
11.039001
10.964001
10.881001
10.789001
10.688001
10.578
10.458
10.330001
10.191001
10.043
9.884001
9.715
9.535001
9.345
9.143001
8.93
8.706
8.469001
8.221001
7.961
7.689
7.404
7.107
6.798
6.476
6.141
5.794
5.435
5.063
4.679
4.283
3.875
3.456
3.026
2.584
2.132
1.67
1.199
0.719
0.23
-0.266
-0.769
-0.77
-0.77
-0.77
-0.77
-0.77
-0.77
-0.77
-0.781
-0.806
-0.845
-0.898
-0.963
-1.041
-1.132
-1.235
-1.351
-1.479
-1.619
-1.77
-1.933
-2.108
-2.293
-2.489
-2.696
-2.912
-3.139
-3.375
-3.621
-3.876
-4.139
-4.41
-4.689
-4.689
-4.69
-4.69
-4.691
6.434
-1.124
1.582
1.489
1.398
1.308
1.22
1.132
1.047
0.964
0.885
0.808
0.735
0.666
0.601
0.541
0.487
0.437
0.281
0.884
0.689
0.497
0.4
0.303
0.208
0.115
0.022
-0.069
-0.159
-0.248
-0.336
-0.422
-0.602
-0.59
-0.629
-0.667
-0.706
-0.744
-0.781
-0.819
-0.855
-0.892
-1.047
-1.2
-1.35
-1.501
-1.658
-1.825
-1.982
-2.136
-2.289
-2.439
-2.587
-2.734
-2.812
-2.918
-3.06
-3.208
-3.199
-3.19
-3.181
-3.173
-3.166
-3.159
-3.152
-3.146
-3.14
-3.135
-3.129
-3.121
-3.111
-3.098
-3.082
-3.063
-3.04
-3.013
-2.981
-2.945
-2.902
-2.854
-2.8
-2.74
-2.673
-2.658
-2.643
-2.629
-2.615
-2.602
-2.589
-2.577
-2.565
-2.552
-2.534
-2.511
-2.483
-2.448
-2.408
-2.362
-2.309
-2.249
-2.182
-2.108
-2.027
-1.938
-1.842
-1.737
-1.625
-1.504
-1.374
-1.237
-1.091
-0.936
-0.772
-0.6
-0.424
-0.267
-0.241
-0.219
-0.198
-0.176
-0.156
-0.135
-0.115
-0.096
-0.076
-0.058
-0.039
-0.021
-0.003
0.014
0.032
0.048
0.065
0.081
0.097
0.113
0.127
0.134
0.13
0.118
0.102
0.12
0.137
0.154
0.171
0.188
0.204
0.22
0.235
0.251
0.266
0.281
0.286
0.282
0.268
0.244
0.21
0.167
0.114
0.05
-0.023
-0.013
-0.003
0.007
0.017
0.026
0.035
0.042
0.049
0.055
0.062
0.068
0.075
0.081
0.087
0.093
0.098
0.104
0.11
0.151
0.257
0.393
0.527
0.673
0.821
0.967
1.112
1.255
1.398
1.539
1.677
1.813
1.91
2.006
2.101
2.194
2.285
2.369
2.476
2.583
2.676
2.632
2.589
2.547
2.506
2.465
2.425
2.377
2.319
2.252
2.175
1.987
1.77
1.547
1.316
1.077
0.832
0.58
0.321
0.056
-0.215
-0.493
-0.777
-1.067
-1.361
-1.662
-1.966
-2.276
-2.589
-2.906
-3.226
-3.549
-3.875
-4.201
-4.53
-4.858
-5.187
-5.514
-5.841
-6.165
-6.486001
-6.803
-7.116
-7.424
-7.725
-8.019
-8.305
-8.583
-8.85
-9.107
-9.352
-9.585
-9.804001
-10.008
-10.197001
-10.369
-10.524
-10.661
-10.779
-10.877001
-10.954
-11.009001
-11.043
-11.053
-11.039001
-11.001
-10.938001
-10.849001
-10.748
-10.652
-10.538
-10.411
-10.269
-10.113001
-9.942
-9.755
-9.552
-9.332001
-9.096001
-8.842
-8.571
-8.641001
-8.71
-8.778001
-8.845
-8.910001
-8.975
-9.039001
-9.101001
-9.163
-9.223001
-9.289001
-9.35
-9.403001
-9.454
-9.504001
-9.554001
-9.603001
-9.648001
-9.698001
-9.753
-9.811001
-9.872001
-9.935
-10.0
-10.067
-10.134001
-10.201
-10.267
-10.332001
-10.396001
-10.457001
-10.515
-10.570001
-10.620001
-10.666
-10.706
-10.733001
-10.745001
-10.747001
-10.741
-10.728001
-10.707001
-10.676001
-10.652
-10.655001
-10.657001
-10.660001
-10.663
-10.665001
-10.668
-10.67
-10.673
-10.675
-10.678
-10.68
-10.683001
-10.685
-10.667001
-10.659
-10.650001
-10.64
-10.631001
-10.621
-10.668
-10.713
-10.759001
-10.803
-10.847
-10.891001
-10.935
-10.924001
-10.915001
-10.906
-10.899
-10.892
-10.885
-10.927
-10.969001
-11.01
-11.051001
-11.091001
-11.131001
-11.17
-11.209001
-11.247001
-11.285001
-11.322001
-11.360001
-11.396001
-11.432
-11.467001
-11.502001
-11.536
-11.570001
-11.604
-11.637
-11.669001
-11.702001
-11.734
-11.710001
-11.686001
-11.663
-11.64
-11.618001
-11.595
-11.573001
-11.552001
-11.531
-11.51
-11.489
-11.468
-11.448001
-11.428
-11.409
-11.39
-11.371
-11.352
-11.327001
-11.274
-11.221001
-11.168
-11.116
-11.065001
-11.014001
-10.964001
-10.915001
-10.866
-10.818001
-10.77
-10.722
-10.673
-10.643001
-10.610001
-10.574
-10.535001
-10.492001
-10.445001
-10.393001
-10.336
-10.274
-10.205001
-10.129001
-10.047001
-9.958
-9.860001
-9.754001
-9.639001
-9.515
-9.382
-9.239
-9.085
-8.92
-8.744
-8.557
-8.358001
-4.219
-2.079
-1.109
-1.117
-1.115
-1.102
-1.078
-0.732
-0.723
-0.703
-0.672
-0.629
-0.575
-0.509
-0.431
-0.492
-0.299
-0.255
-0.109
0.0
0.107
0.213
0.318
0.389
0.459
0.529
0.597
0.664
0.731
0.784
0.752
0.716
0.676
0.507
0.341
0.178
0.016
-0.143
-0.3
-0.455
-0.638
-0.817
-0.996
-1.171
-1.292
-1.342
-1.392
-1.441
-1.49
-1.538
-1.586
-1.634
-1.681
-1.727
-1.774
-1.851
-1.926
-2.0
-2.071
-2.139
-2.204
-2.264
-2.321
-2.374
-2.421
-2.463
-2.5
-2.531
-2.555
-2.573
-2.584
-2.587
-2.583
-2.571
-2.551
-2.523
-2.486
-2.439
-2.384
-2.319
-2.245
-2.16
-2.066
-1.961
-1.846
-1.721
-1.582
-1.429
-1.269
-1.101
-0.96
-0.949
-0.941
-0.933
-0.925
-0.917
-0.91
-0.902
-0.895
-0.888
-0.882
-0.872
-0.863
-0.854
-0.846
-0.837
-0.829
-0.821
-0.816
-0.811
-0.806
-0.801
-0.796
-0.791
-0.787
-0.782
-0.778
-0.774
-0.77
-0.763
-0.757
-0.75
-0.744
-0.738
-0.732
-0.729
-0.726
-0.723
-0.72
-0.717
-0.714
-0.712
-0.709
-0.707
-0.702
-0.697
-0.692
-0.687
-0.682
-0.678
-0.673
-0.669
-0.665
-0.663
-0.662
-0.66
-0.659
-0.657
-0.656
-0.655
-0.653
-0.65
-0.646
-0.642
-0.639
-0.635
-0.632
-0.628
-0.625
-0.622
-0.619
-0.616
-0.613
-0.61
-0.607
-0.604
-0.601
-0.598
-0.596
-0.593
-0.591
-0.591
-0.591
-0.591
-0.53
-0.418
-0.286
-0.154
-0.024
0.104
0.231
0.356
0.479
0.6
0.697
0.792
0.886
0.978
1.07
1.16
1.249
1.337
1.423
1.509
1.593
1.7
1.805
1.909
2.012
2.113
2.212
2.301
2.367
2.426
2.483
2.529
2.564
2.589
2.603
2.607
2.6
2.583
2.556
2.518
2.469
2.411
2.341
2.262
2.19
2.129
2.058
1.976
2.056
2.136
2.214
2.291
2.367
2.442
2.502
2.551
2.589
2.615
2.629
2.617
2.583
2.537
2.478
2.408
2.329
2.238
2.137
2.026
1.904
1.771
1.628
1.474
1.309
1.134
0.948
0.752
0.546
0.329
0.102
-0.135
-0.381
-0.637
-0.903
-1.177
-1.461
-1.753
-2.053
-2.361
-2.676
-2.999
-3.328
-3.663
-4.004
-4.351
-4.701
-5.057
-5.415
-5.775
-6.137
-6.506001
-6.877
-7.249001
-7.626
-8.004001
-8.394
-8.791
-9.196
-9.584001
-9.951
-10.299001
-10.624001
-10.926001
-11.204
-11.457001
-11.684001
-11.884001
-12.055
-12.197001
-12.214001
-12.232
-12.249001
-12.276001
-12.297001
-12.297001
-12.291
-12.285001
-12.279
-12.273001
-12.267
-12.264001
-12.264001
-12.266001
-12.272
-12.281
-12.293
-12.308001
-12.325001
-12.346001
-12.358001
-12.356001
-12.354001
-12.352
-12.35
-12.352
-12.357
-12.366
-12.377001
-12.391001
-12.409
-12.429001
-12.452001
-12.478001
-12.507001
-12.537001
-12.570001
-12.604001
-12.639001
-12.676001
-12.713
-12.750001
-12.788001
-12.824
-12.860001
-12.897
-12.938001
-12.93
-12.913001
-12.885
-12.846001
-12.796
-12.733001
-12.658001
-12.569
-12.467001
-12.349001
-12.217001
-12.069
-11.904
-11.724001
-11.526001
-11.312
-11.079
-10.829
-10.561001
-10.275001
-9.97
-9.647
-9.305
-8.945001
-8.567
-8.171
-7.757
-7.692
-7.628
-7.565001
-7.504
-7.444
-7.386
-7.328001
-7.272
-7.207
-7.133
-7.049
-6.957
-6.855
-6.743001
-6.623
-6.492
-6.352
-6.203
-6.054
-6.009
-5.964
-5.92
-5.877
-5.835001
-5.785
-5.724
-5.653
-5.571
-5.479
-5.377
-5.264
-5.141
-5.007
-4.863
-4.708
-4.543
-4.367
-4.18
-3.983
-3.775
-3.557
-3.328
-3.088
-2.838
-2.577
-2.306
-2.024
-1.733
-1.703
-1.673
-1.645
-1.616
-1.589
-1.562
-1.535
-1.509
-1.484
-1.459
-1.421
-1.371
-1.31
-1.236
-1.15
-1.052
-1.012
-0.991
-0.97
-0.949
-0.929
-0.909
-0.889
-0.87
-0.852
-0.833
-0.816
-0.798
-0.781
-0.765
-0.748
-0.732
-0.717
-0.701
-0.686
-0.671
-0.657
-0.642
-0.628
-0.614
-0.601
-0.587
-0.574
-0.562
-0.549
-0.537
-0.525
-0.513
-0.502
-0.49
-0.479
-0.469
-0.458
-0.448
-0.438
-0.428
-0.419
-0.409
-0.4
-0.391
-0.381
-0.373
-0.364
-0.356
-0.347
-0.339
-0.332
-0.324
-0.317
-0.309
-0.302
-0.294
-0.287
-0.28
-0.273
-0.267
-0.261
-0.254
-0.248
-0.242
-0.236
-0.231
-0.225
-0.219
-0.213
-0.208
-0.203
-0.198
-0.193
-0.188
-0.183
-0.178
-0.173
-0.168
-0.164
-0.159
-0.155
-0.151
-0.147
-0.143
-0.139
-0.135
-0.131
-0.127
-0.123
-0.119
-0.116
-0.113
-0.109
-0.106
-0.103
-0.1
-0.096
-0.093
-0.09
-0.087
-0.084
-0.081
-0.079
-0.076
-0.074
-0.071
-0.068
-0.066
-0.063
-0.061
-0.058
-0.056
-0.053
-0.051
-0.049
-0.047
-0.045
-0.043
-0.041
-0.039
-0.037
-0.035
-0.033
-0.031
-0.029
-0.027
-0.026
-0.024
-0.022
-0.02
-0.019
-0.017
-0.015
-0.014
-0.012
-0.011
-0.009
-0.008
-0.006
-0.005
-0.004
-0.003
-0.002
-0.001
0.0
0.001
0.002
0.003
0.004
0.005
0.006
0.008
0.009
0.01
0.011
0.012
0.013
0.014
0.015
0.016
0.017
0.018
0.017
0.016
0.016
0.017
0.018
0.019
0.02
0.021
0.021
0.022
0.023
0.024
0.012
-0.013
-0.05
-0.1
-0.162
-0.236
-0.322
-0.322
-0.322
-0.321
-0.321
-0.321
-0.321
-0.321
-0.32
-0.32
-0.32
-0.32
-0.32
-0.319
-0.325
-0.345
-0.379
-0.425
-0.47
-0.47
-0.47
-0.47
-0.47
-0.47
-0.473
-0.477
-0.48
-0.483
-0.486
-0.489
-0.492
-0.495
-0.498
-0.501
-0.504
-0.506
-0.509
-0.512
-0.514
-0.517
-0.519
-0.521
-0.524
-0.526
-0.528
-0.53
-0.532
-0.534
-0.536
-0.538
-0.54
-0.542
-0.544
-0.545
-0.547
-0.549
-0.551
-0.552
-0.554
-0.555
-0.557
-0.558
-0.56
-0.561
-0.563
-0.564
-0.565
-0.566
-0.568
-0.569
-0.57
-0.571
-0.572
-0.574
-0.575
-0.576
-0.577
-0.578
-0.579
-0.58
-0.581
-0.598
-0.633
-0.684
-0.751
-0.831
-0.926
-1.036
-1.034
-1.032
-1.029
-1.027
-1.025
-1.022
-1.02
-1.018
-1.016
-1.014
-1.012
-1.009
-1.007
-1.022
-1.052
-1.098
-1.159
-1.235
-1.326
-1.414
-1.411
-1.409
-1.406
-1.404
-1.401
-1.399
-1.396
-1.394
-1.392
-1.392
-1.413
-1.449
-1.5
-1.565
-1.645
-1.643
-1.64
-1.638
-1.635
-1.633
-1.631
-1.628
-1.626
-1.624
-1.622
-1.619
-1.614
-1.606
-1.599
-1.591
-1.584
-1.578
-1.576
-1.574
-1.573
-1.571
-1.57
-1.568
-1.567
-1.565
-1.564
-1.563
-1.561
-1.563
-1.584
-1.619
-1.668
-1.731
-1.808
-1.807
-1.805
-1.804
-1.803
-1.801
-1.8
-1.798
-1.797
-1.796
-1.794
-1.793
-1.792
-1.791
-1.789
-1.803
-1.83
-1.872
-1.928
-1.997
-2.08
-2.176
-2.285
-2.406
-2.54
-2.686
-2.844
-2.927
-2.925
-2.923
-2.922
-2.92
-2.919
-2.917
-2.915
-2.922
-2.945
-2.982
-3.033
-3.097
-3.174
-3.264
-3.367
-3.482
-3.609
-3.748
-3.898
-4.06
-4.233
-4.417
-4.61
-4.814
-5.027
-5.165
-5.275
-5.464
-5.701
-5.946
-6.198
-6.457
-6.723001
-6.995
-7.273
-7.555
-7.842
-8.133
-8.426001
-8.722
-9.02
-9.318001
-9.617001
-9.915001
-10.212001
-10.506001
-10.797001
-11.085001
-11.367001
-11.643001
-11.913
-12.175
-12.428
-12.672001
-12.904
-13.210001
-13.503
-13.784
-14.05
-14.300001
-14.532001
-14.747001
-14.942
-15.115001
-15.266001
-15.394001
-15.497001
-15.573001
-15.623001
-15.644001
-15.636001
-15.598001
-15.529
-15.427001
-15.293001
-15.125001
-15.177001
-15.228001
-15.278001
-15.327001
-15.374001
-15.421
-15.467001
-15.511001
-15.554001
-15.597001
-15.639001
-15.679001
-15.719001
-15.758
-15.796
-15.833001
-15.869
-15.910001
-15.956
-16.006001
-16.060001
-16.119001
-16.182001
-16.249001
-16.318001
-16.391001
-16.467001
-16.545
-16.624001
-16.705
-16.787001
-16.868
-16.950001
-17.030001
-17.108002
-17.185001
-17.258001
-17.327002
-17.392
-17.452002
-17.439001
-17.421001
-17.396
-17.364
-17.323
-17.273001
-17.216002
-17.176001
-17.137001
-17.098001
-17.060001
-17.022001
-16.985001
-16.948
-16.912001
-16.876001
-16.841002
-16.806002
-16.772001
-16.738001
-16.704
-16.671001
-16.639
-16.607
-16.575001
-16.544001
-16.513
-16.482
-16.453001
-16.425001
-16.398001
-16.373001
-16.347
-16.323
-16.298
-16.272001
-16.245001
-16.219
-16.192001
-16.167
-16.142
-16.118
-16.094
-16.070002
-16.047001
-16.023001
-15.999001
-15.974001
-15.948001
-15.920001
-15.89
-15.858001
-15.824
-15.762001
-15.651001
-15.532001
-15.406001
-15.272
-15.116001
-14.909
-14.629001
-14.214001
-13.791
-13.362
-12.926001
-12.482
-12.030001
-11.570001
-11.102
-10.626
-10.141001
-9.649
-9.148001
-8.64
-8.124001
-7.601
-7.071
-6.534
-5.992
-5.444
-4.892
-4.335
-3.625
-2.91
-2.191
-1.469
-0.746
-0.024
0.696
1.26
1.728
2.21
2.703
3.207
3.196
2.963
2.735
2.512
2.294
2.081
1.873
1.67
1.471
1.276
1.086
0.901
0.707
0.505
0.294
0.075
-0.153
-0.391
-0.637
-0.893
-1.047
-1.198
-1.345
-1.489
-1.629
-1.767
-1.901
-2.033
-2.161
-2.287
-2.077
-1.857
-1.628
-1.39
-1.141
-0.883
-0.616
-0.338
-0.172
-0.01
0.149
0.303
0.455
0.603
0.748
0.889
1.039
1.202
1.369
1.48
1.604
1.738
1.883
2.038
2.083
2.12
2.138
2.15
2.15
2.142
2.126
2.099
2.041
1.971
1.889
1.752
1.618
1.487
1.359
1.233
1.109
0.988
0.87
0.753
0.639
0.528
0.418
0.311
0.205
0.102
0.001
-0.098
-0.195
-0.291
-0.384
-0.476
-0.565
-0.653
-0.74
-0.824
-0.907
-0.988
-1.068
-1.126
-1.184
-1.239
-1.294
-1.347
-1.4
-1.451
-1.506
-1.574
-1.642
-1.707
-1.772
-1.835
-1.898
-1.958
-2.018
-2.077
-2.134
-2.191
-2.246
-2.3
-2.353
-2.405
-2.456
-2.506
-2.555
-2.603
-2.65
-2.697
-2.742
-2.787
-2.83
-2.873
-2.915
-2.956
-2.996
-3.036
-3.075
-3.113
-3.15
-3.187
-3.222
-3.258
-3.292
-3.339
-3.398
-3.469
-3.551
-3.645
-3.751
-3.867
-3.995
-4.133
-4.281
-4.44
-4.609
-4.787
-4.974
-5.17
-5.375
-5.588
-5.809
-6.038
-6.273
-6.515
-6.763
-7.017
-7.038
-7.058001
-7.078001
-7.109
-7.151
-7.204
-7.268
-7.341001
-7.426
-7.519001
-7.623
-7.736001
-7.857
-7.988
-8.126
-8.273001
-8.385
-8.400001
-8.414001
-8.428
-8.453
-8.489
-8.534
-8.59
-8.655001
-8.729
-8.813001
-8.906
-9.007
-9.116
-9.303
-9.497001
-9.699
-9.907001
-10.122001
-10.342001
-10.569
-10.801001
-11.037001
-11.278001
-11.522
-11.769001
-11.838
-11.906
-11.972
-12.036
-12.099001
-12.160001
-12.221001
-12.279
-12.337001
-12.393001
-12.448001
-12.511001
-12.582001
-12.662001
-12.750001
-12.845
-12.949
-13.059001
-13.177001
-13.302001
-13.433001
-13.570001
-13.713
-13.862
-14.015
-14.173
-14.334001
-14.374001
-14.412001
-14.450001
-14.487
-14.523001
-14.559001
-14.593
-14.635
-14.685
-14.742001
-14.806001
-14.877001
-14.955001
-15.039001
-15.130001
-15.226001
-15.327001
-15.433001
-15.544001
-15.658001
-15.776001
-15.897
-15.870001
-15.833001
-15.797001
-15.761001
-15.726001
-15.691001
-15.656001
-15.629001
-15.609001
-15.595
-15.588
-15.587001
-15.592001
-15.603001
-15.618001
-15.638
-15.663001
-15.691001
-15.722001
-15.756001
-15.793001
-15.830001
-15.869
-15.909
-15.948001
-15.986001
-16.023001
-16.057001
-16.089001
-16.117001
-16.141001
-16.114
-16.087
-16.061001
-16.035
-16.009001
-15.984001
-15.961
-15.941001
-15.924001
-15.908001
-15.894001
-15.883
-15.872001
-15.863001
-15.855
-15.847001
-15.839001
-15.830001
-15.821001
-15.81
-15.798
-15.783001
-15.766001
-15.745001
-15.720001
-15.690001
-15.656001
-15.615001
-15.569001
-15.515
-15.471001
-15.453001
-15.435
-15.418001
-15.400001
-15.383
-15.366001
-15.349001
-15.333001
-15.317
-15.301001
-15.285001
-15.269001
-15.254001
-15.239
-15.225
-15.214001
-15.197001
-15.183001
-15.170001
-15.158001
-15.156001
-15.143001
-15.130001
-15.117001
-15.104001
-15.091001
-15.079
-15.067
-15.055
-15.044001
-15.036
-15.029
-15.023001
-15.019001
-15.008
-14.997001
-14.986001
-14.975
-14.965001
-14.954
-14.944
-14.934001
-14.924001
-14.914001
-14.904
-14.895
-14.886001
-14.880001
-14.875001
-14.870001
-14.867001
-14.859001
-14.85
-14.841001
-14.833001
-14.824
-14.816001
-14.809001
-14.803
-14.798
-14.794001
-14.791
-14.789001
-14.787001
-14.785001
-14.784
-14.781001
-14.778001
-14.773001
-14.767001
-14.759001
-14.748001
-14.734001
-14.717001
-14.696001
-14.670001
-14.64
-14.603001
-14.561001
-14.512001
-14.456
-14.392001
-14.319
-14.238001
-14.147
-14.046
-13.934001
-13.811001
-13.676001
-13.529
-13.369
-13.196001
-13.009001
-12.808001
-12.591001
-12.360001
-12.114
-11.851001
-11.572001
-11.277
-10.965
-10.637
-10.291
-9.928
-9.548
-9.151
-8.737
-8.306001
-7.859
-7.395
-6.915
-6.419
-5.908
-5.382
-4.842
-4.288
-3.721
-3.143
-2.553
-2.553
-2.552
-2.552
-2.551
-2.551
-2.55
-2.55
-2.549
-2.535
-2.506
-2.465
-2.409
-2.341
-2.26
-2.165
-2.058
-1.938
-1.806
-1.805
-1.805
-1.805
-1.805
-1.804
-1.804
-1.804
-1.803
-1.803
-1.803
-1.803
-1.802
-1.802
-1.802
-1.802
-1.801
-1.787
-1.759
-1.717
-1.662
-1.594
-1.513
-1.512
-1.512
-1.512
-1.512
-1.512
-1.511
-1.511
-1.511
-1.511
-1.511
-1.506
-1.5
-1.495
-1.489
-1.483
-1.477
-1.478
-1.478
-1.478
-1.478
-1.479
-1.479
-1.479
-1.466
-1.439
-1.398
-1.345
-1.278
-1.199
-1.199
-1.199
-1.199
-1.2
-1.2
-1.2
-1.2
-1.2
-1.201
-1.195
-1.172
-1.136
-1.087
-1.025
-1.025
-1.025
-1.025
-1.025
-1.025
-1.025
-1.025
-1.026
-1.026
-1.026
-1.026
-1.026
-1.026
-1.026
-1.026
-1.026
-1.027
-1.027
-1.027
-1.027
-1.027
-1.027
-1.027
-1.027
-1.027
-1.027
-1.027
-1.028
-1.028
-1.028
-1.028
-1.028
-1.028
-1.012
-0.965
-0.908
-0.833
-0.748
-0.666
-0.588
-0.502
-0.404
-0.294
-0.172
-0.091
-0.016
0.059
0.132
0.205
0.277
0.347
0.417
0.486
0.54
0.581
0.607
0.62
0.619
0.606
0.668
0.73
0.791
0.852
0.911
0.97
1.028
1.085
1.129
1.159
1.176
1.179
1.192
1.22
1.236
1.238
1.227
1.204
1.168
1.12
1.06
0.988
0.905
0.809
0.703
0.585
0.456
0.316
0.165
0.003
-0.169
-0.251
-0.35
-0.465
-0.597
-0.745
-0.91
-1.091
-1.288
-1.501
-1.363
-1.227
-1.095
-0.966
-0.853
-0.758
-0.68
-0.618
-0.573
-0.545
-0.534
-0.539
-0.561
-0.599
-0.654
-0.725
-0.812
-0.916
-1.035
-1.17
-1.321
-1.487
-1.669
-1.866
-2.078
-2.305
-2.546
-2.791
-2.733
-2.676
-2.62
-2.566
-2.513
-2.477
-2.457
-2.463
-2.741
-3.056
-3.38
-3.712
-4.052
-4.399
-4.753
-5.113
-5.48
-5.852
-6.23
-6.613
-7.0
-7.391
-7.784
-8.181001
-8.492001
-8.727
-8.794001
-8.860001
-8.925
-8.988001
-9.049001
-9.123
-9.207001
-9.301001
-9.405001
-9.519
-9.641001
-9.772
-9.911
-10.057
-10.21
-10.369
-10.412001
-10.454
-10.495001
-10.536
-10.575001
-10.622001
-10.68
-10.746
-10.821
-10.905001
-10.996
-11.094001
-11.165001
-11.196
-11.226001
-11.256001
-11.285001
-11.313001
-11.341001
-11.368001
-11.395
-11.421
-11.447001
-11.472
-11.496
-11.52
-11.544001
-11.567
-11.589001
-11.611001
-11.632001
-11.643001
-11.644001
-11.637
-11.621
-11.596001
-11.563001
-11.522
-11.472
-11.414001
-11.348001
-11.272
-11.189
-11.096001
-10.994
-10.965
-10.922001
-10.867001
-10.799001
-10.717001
-10.622001
-10.513
-10.389001
-10.250001
-10.097
-9.869
-9.488001
-9.01
-8.498
-7.972001
-7.432
-6.877
-6.309
-5.727
-5.133
-4.525
-3.906
-3.275
-2.646
-2.037
-1.494
-1.02
-0.635
-0.252
0.145
0.557
0.982
1.421
1.872
2.335
2.81
2.718
2.629
2.542
2.457
2.374
2.292
2.229
2.183
2.154
2.143
2.148
2.171
2.211
2.267
2.34
2.429
2.535
2.656
2.794
2.947
2.893
2.84
2.789
2.738
2.689
2.645
2.601
2.558
2.532
2.523
2.531
2.554
2.594
2.648
2.718
2.803
2.903
3.016
2.98
2.945
2.911
2.877
2.844
2.811
2.795
2.795
2.811
2.842
2.885
2.94
3.009
3.041
3.025
2.991
2.959
2.926
2.895
2.87
2.846
2.823
2.799
2.777
2.754
2.747
2.755
2.778
2.815
2.867
2.932
3.011
3.104
3.21
3.328
3.46
3.441
3.423
3.406
3.389
3.372
3.355
3.339
3.323
3.307
3.306
3.32
3.348
3.39
3.445
3.514
3.597
3.583
3.57
3.557
3.544
3.531
3.519
3.507
3.495
3.483
3.471
3.46
3.444
3.411
3.364
3.303
3.229
3.142
3.042
2.929
2.803
2.794
2.785
2.777
2.768
2.76
2.751
2.729
2.693
2.643
2.58
2.503
2.413
2.31
2.194
2.066
1.925
1.771
1.606
1.428
1.238
1.036
0.823
0.598
0.361
0.114
-0.144
-0.413
-0.692
-0.981
-1.28
-1.284
-1.297
-1.31
-1.309
-0.997
-0.667
-0.33
0.015
0.367
0.726
1.092
1.464
1.844
2.23
2.622
3.02
3.424
3.833
4.247
4.666
5.089
5.516
5.946
6.379
6.814
7.25
7.687
8.109
8.27
8.428
8.582001
8.733001
8.88
9.024
9.164001
9.302
9.436001
9.568001
9.696
9.822001
9.944
10.064
10.181001
10.296
10.408001
10.517
10.624001
10.729
10.831
10.919001
10.994
11.055
11.103001
11.137
11.159
11.168
11.163
11.146001
11.116
11.073001
11.017
10.948001
10.791
10.623
10.444
10.254001
10.053
9.841001
9.617001
9.381001
9.134001
8.876
8.605
8.323
8.028001
7.722001
7.403
7.073
6.73
6.375
6.008
5.63
5.239
4.837
4.423
3.998
3.561
3.114
2.657
2.19
1.712
1.226
0.731
0.228
-0.282
-0.8
-1.323
-1.852
-2.385
-2.923
-3.463
-4.004
-4.547
-5.09
-5.631
-6.17
-6.429
-6.547
-6.523
-6.489
-6.454
-6.42
-6.386
-6.352
-6.319
-6.287
-6.255
-6.223001
-6.192
-6.161
-6.138
-6.205
-6.271
-6.335001
-6.398
-6.459
-6.531
-6.614
-6.706
-6.858
-7.018
-7.279
-7.567
-7.859
-8.155001
-8.454
-8.782001
-9.083
-9.376
-9.662001
-9.941001
-10.209001
-10.467001
-10.715
-10.909
-10.988001
-11.066001
-11.148001
-11.242001
-11.344001
-11.443001
-11.541
-11.647
-11.750001
-11.85
-11.949
-12.045001
-12.139001
-12.234
-12.374001
-12.496
-12.615001
-12.732
-12.846001
-12.958
-13.067
-13.174001
-13.160001
-13.148001
-13.135
-13.122001
-13.110001
-13.099001
-13.087001
-13.189001
-13.293
-13.394001
-13.494
-13.591001
-13.686001
-13.778001
-13.869
-13.957001
-14.016001
-14.061001
-14.097001
-14.130001
-14.158001
-14.179001
-14.189001
-14.194
-14.194
-14.130001
-14.06
-14.029
-13.997001
-13.967001
-13.936001
-13.906001
-13.877001
-13.847001
-13.819
-13.790001
-13.762001
-13.734
-13.707001
-13.681001
-13.656001
-13.631001
-13.632001
-13.633
-13.634001
-13.635
-13.636001
-13.64
-13.650001
-13.665001
-13.685
-13.709001
-13.737
-13.77
-13.806001
-13.845
-13.887001
-13.932001
-13.978001
-14.026001
-14.075001
-14.125001
-14.175001
-14.224001
-14.272
-14.318001
-14.362
-14.403001
-14.440001
-14.474001
-14.502001
-14.526001
-14.543
-14.553
-14.556001
-14.516001
-14.447001
-14.370001
-14.311001
-14.309001
-14.307001
-14.305
-14.303
-14.301001
-14.299001
-14.241001
-14.185
-14.129001
-14.073001
-14.019001
-13.965001
-13.912001
-13.860001
-13.808001
-13.757001
-13.706
-13.657001
-13.608001
-13.615001
-13.622001
-13.629001
-13.636001
-13.643001
-13.650001
-13.656001
-13.660001
-13.663001
-13.665001
-13.665001
-13.663001
-13.660001
-13.654
-13.646001
-13.635
-13.620001
-13.603001
-13.582001
-13.556001
-13.526001
-13.491
-13.451
-13.400001
-13.309001
-13.197001
-13.079
-12.956
-12.825001
-12.687
-12.542001
-12.444
-12.384001
-12.342001
-12.351001
-12.361001
-12.370001
-12.379001
-12.388
-12.397
-12.406
-12.415001
-12.372001
-12.330001
-12.289001
-12.248
-12.208
-12.168
-12.129001
-12.091001
-12.052001
-12.015
-12.029
-12.043
-12.057
-12.070001
-12.083
-12.097
-12.110001
-12.092001
-12.052001
-12.008
-11.960001
-11.907001
-11.849001
-11.787001
-11.72
-11.648001
-11.571
-11.489
-11.401001
-11.308001
-11.208
-11.103001
-10.991
-10.872001
-10.746
-10.614
-10.475
-10.360001
-10.240001
-10.111
-9.971001
-9.820001
-9.659
-9.487
-9.292001
-9.074
-8.845
-8.606
-8.355
-8.105
-7.849
-7.581
-7.3
-7.006001
-6.699
-6.378
-6.044
-5.698
-5.338
-5.345
-5.351
-5.358
-5.364
-5.371
-5.377
-5.383
-5.39
-5.396
-5.402
-5.408
-5.413
-5.419
-5.425
-5.43
-5.436
-5.442
-5.447
-5.452
-5.458
-5.463
-5.468
-5.473
-5.478
-5.483
-5.488
-5.493
-5.498
-5.502
-5.507
-5.511
-5.516
-5.521
-5.525
-5.529
-5.534
-5.538
-5.542
-5.546
-5.55
-5.554
-5.558
-5.562
-5.566
-5.558
-5.538
-5.506
-5.462
-5.407
-5.34
-5.261
-5.171
-5.069
-4.956
-4.832
-4.696
-4.548
-4.389
-4.219
-4.037
-3.844
-3.639
-3.424
-3.197
-2.958
-2.709
-2.448
-2.177
-1.895
-1.6
-1.292
-0.976
-0.653
-0.431
-0.349
-0.348
-0.346
-0.345
-0.344
-0.343
-0.341
-0.34
-0.339
-0.338
-0.323
-0.296
-0.297
-0.297
-0.297
-0.297
-0.297
-0.298
-0.298
-0.298
-0.298
-0.298
-0.285
-0.26
-0.222
-0.171
-0.108
-0.033
0.055
0.154
0.266
0.389
0.523
0.669
0.827
0.995
1.175
1.364
1.558
1.761
1.972
2.191
2.392
2.522
2.543
2.567
2.583
2.594
2.586
2.579
2.571
2.564
2.557
2.549
2.542
2.535
2.528
2.522
2.515
2.508
2.502
2.495
2.489
2.483
2.477
2.471
2.464
2.459
2.453
2.447
2.441
2.428
2.401
2.374
2.336
2.286
2.224
2.152
2.068
1.972
1.866
1.748
1.62
1.48
1.483
1.486
1.488
1.491
1.494
1.497
1.499
1.49
1.468
1.434
1.388
1.331
1.261
1.18
1.181
1.183
1.185
1.187
1.189
1.19
1.192
1.194
1.196
1.197
1.199
1.201
1.202
1.204
1.199
1.192
1.182
1.17
1.166
1.168
1.17
1.171
1.173
1.175
1.176
1.178
1.18
1.181
1.175
1.161
1.141
1.114
1.11
1.111
1.113
1.115
1.116
1.118
1.12
1.121
1.123
1.124
1.123
1.109
1.082
1.043
0.992
0.99
0.991
0.993
0.994
0.996
0.997
0.999
1.0
1.002
1.003
0.996
0.97
0.932
0.883
0.822
0.749
0.685
0.686
0.687
0.688
0.689
0.69
0.691
0.692
0.693
0.694
0.695
0.693
0.691
0.689
0.687
0.685
0.683
0.681
0.679
0.677
0.676
0.677
0.678
0.679
0.681
0.682
0.683
0.684
0.682
0.68
0.678
0.677
0.675
0.673
0.674
0.676
0.677
0.678
0.679
0.681
0.682
0.683
0.684
0.685
0.686
0.687
0.688
0.689
0.69
0.688
0.686
0.684
0.682
0.683
0.684
0.685
0.686
0.688
0.689
0.69
0.691
0.692
0.693
0.683
0.66
0.625
0.581
0.582
0.583
0.583
0.584
0.585
0.586
0.586
0.587
0.588
0.576
0.551
0.514
0.464
0.402
0.328
0.328
0.329
0.329
0.329
0.33
0.33
0.33
0.331
0.331
0.331
0.332
0.332
0.332
0.333
0.333
0.333
0.333
0.334
0.334
0.334
0.335
0.335
0.335
0.335
0.336
0.336
0.336
0.336
0.337
0.337
0.337
0.337
0.338
0.338
0.338
0.338
0.339
0.339
0.339
0.339
0.34
0.34
0.34
0.34
0.34
0.341
0.341
0.341
0.341
0.341
0.342
0.342
0.342
0.342
0.342
0.329
0.303
0.263
0.21
0.145
0.145
0.145
0.145
0.145
0.145
0.145
0.145
0.146
0.146
0.146
0.146
0.146
0.146
0.146
0.134
0.108
0.075
0.075
0.075
0.075
0.075
0.075
0.075
0.075
0.075
0.075
0.075
0.075
0.075
0.075
0.075
0.075
0.075
0.075
0.075
0.075
0.075
0.075
0.075
0.075
0.075
0.076
0.076
0.076
0.076
0.076
0.076
0.076
0.076
0.076
0.076
0.076
0.076
0.076
0.076
0.076
0.076
0.076
0.076
0.076
0.076
0.076
0.076
0.075
0.075
0.075
0.075
0.075
0.075
0.075
0.075
0.075
0.075
0.075
0.075
0.075
0.075
0.075
0.075
0.075
0.075
0.075
0.075
0.076
0.076
0.076
0.076
0.076
0.076
0.076
0.076
0.076
0.076
0.076
0.076
0.077
0.078
0.078
0.079
0.079
0.08
0.08
0.081
0.081
0.082
0.082
0.082
0.083
0.083
0.084
0.084
0.085
0.085
0.085
0.086
0.086
0.086
0.087
0.087
0.087
0.088
0.088
0.088
0.089
0.089
0.089
0.09
0.09
0.09
0.09
0.091
0.091
0.091
0.091
0.092
0.092
0.092
0.092
0.093
0.093
0.093
0.093
0.093
0.094
0.094
0.094
0.094
0.094
0.094
0.095
0.095
0.095
0.095
0.095
0.095
0.095
0.095
0.095
0.095
0.094
0.094
0.094
0.094
0.094
0.093
0.093
0.093
0.093
0.093
0.092
0.092
0.091
0.072
0.036
-0.015
-0.081
-0.163
-0.162
-0.162
-0.162
-0.162
-0.161
-0.161
-0.161
-0.16
-0.16
-0.16
-0.16
-0.159
-0.158
-0.157
-0.157
-0.157
-0.156
-0.156
-0.156
-0.156
-0.155
-0.155
-0.163
-0.189
-0.23
-0.285
-0.353
-0.435
-0.53
-0.638
-0.758
-0.888
-0.887
-0.887
-0.886
-0.885
-0.885
-0.897
-0.925
-0.967
-1.023
-1.093
-1.176
-1.273
-1.383
-1.506
-1.641
-1.789
-1.948
-2.112
-2.103
-2.102
-2.101
-2.1
-2.099
-2.098
-2.111
-2.138
-2.179
-2.234
-2.302
-2.382
-2.471
-2.568
-2.677
-2.797
-2.928
-3.07
-3.222
-3.383
-3.554
-3.734
-3.923
-3.923
-3.924
-3.924
-3.925
-3.926
-3.926
-3.927
-3.928
-3.94
-3.964
-4.001
-4.05
-4.11
-4.182
-4.265
-4.358
-4.462
-4.576
-4.699
-4.831
-4.973
-5.122
-5.28
-5.456
-5.461
-5.466
-5.471
-5.476
-5.48
-5.497
-5.525
-5.565
-5.617
-5.679
-5.753
-5.837
-5.842
-5.846
-5.851
-5.855
-5.859
-5.863
-5.868001
-5.881
-5.907
-5.945
-5.994
-6.055
-6.126
-6.209
-6.301
-6.404
-6.518
-6.64
-6.767
-6.888
-7.018
-7.155
-7.3
-7.452
-7.611001
-7.797
-7.803
-7.809
-7.822001
-7.846
-7.878
-7.920001
-7.973001
-8.035001
-8.107
-8.188001
-8.278001
-8.377001
-8.487
-8.593
-8.599
-8.604
-8.620001
-8.646001
-8.682
-8.728001
-8.783
-8.847
-8.921
-9.003
-9.094001
-9.192
-9.299001
-9.413
-9.534
-9.662001
-9.709001
-9.715
-9.72
-9.725
-9.73
-9.735001
-9.749001
-9.773001
-9.806001
-9.847
-9.898001
-9.957001
-10.024
-10.098001
-10.181001
-10.271001
-10.367001
-10.471001
-10.580001
-10.585
-10.589001
-10.593
-10.598001
-10.602
-10.606001
-10.610001
-10.623
-10.633
-10.635
-10.63
-10.634001
-10.645
-10.664001
-10.689
-10.722
-10.761001
-10.795
-10.804001
-10.813001
-10.821
-10.830001
-10.838
-10.854
-10.877001
-10.908001
-10.947001
-10.992001
-11.045
-11.104
-11.169001
-11.238001
-11.245001
-11.206
-11.169001
-11.131001
-11.095
-11.058001
-11.023001
-11.009001
-11.02
-11.031
-11.042001
-11.053
-11.063001
-11.074
-11.084001
-11.048
-11.012
-10.977
-10.942
-10.908001
-10.874001
-10.841001
-10.854
-10.868001
-10.881001
-10.894
-10.913
-10.940001
-10.973001
-11.013
-11.06
-11.112
-11.124001
-11.136001
-11.147
-11.159
-11.17
-11.188001
-11.213
-11.244
-11.282001
-11.326
-11.376
-11.431001
-11.442
-11.452001
-11.462001
-11.472
-11.481001
-11.491
-11.500001
-11.516001
-11.539001
-11.568001
-11.604
-11.645
-11.692
-11.745001
-11.755
-11.769001
-11.746
-11.708
-11.669001
-11.632001
-11.644001
-11.655001
-11.667001
-11.678
-11.690001
-11.701
-11.717001
-11.740001
-11.769001
-11.804001
-11.843
-11.889001
-11.939
-11.994
-12.004001
-12.014001
-12.024
-12.033001
-12.049001
-12.070001
-12.096001
-12.128
-12.165001
-12.207001
-12.254001
-12.305
-12.360001
-12.369
-12.377001
-12.386001
-12.394001
-12.409
-12.43
-12.455001
-12.485001
-12.52
-12.559001
-12.603001
-12.650001
-12.701
-12.756001
-12.813001
-12.872001
-12.934001
-12.998
-13.062
-13.128
-13.193001
-13.258
-13.323001
-13.386001
-13.447001
-13.505001
-13.56
-13.612
-13.658001
-13.700001
-13.736001
-13.766001
-13.789001
-13.804001
-13.81
-13.807001
-13.795001
-13.772
-13.737
-13.691001
-13.633
-13.561001
-13.475
-13.376
-13.261001
-13.130001
-12.984
-12.820001
-12.64
-12.442
-12.226001
-11.992001
-11.739
-11.467001
-11.176001
-10.866
-10.536
-10.186001
-9.817
-9.429001
-9.021001
-8.593
-8.147
-7.682
-7.199
-6.699
-6.181
-5.646
-5.096
-4.531
-3.951
-3.359
-2.754
-2.138
-1.512
-0.878
-0.236
0.411
0.411
0.412
0.412
0.412
0.412
0.412
0.412
0.412
0.412
0.412
0.412
0.412
0.413
0.413
0.413
0.413
0.413
0.413
0.413
0.413
0.413
0.413
0.413
0.413
0.414
0.414
0.414
0.414
0.414
0.414
0.414
0.414
0.414
0.414
0.414
0.412
0.411
0.409
0.408
0.406
0.405
0.403
0.402
0.4
0.399
0.398
0.396
0.395
0.394
0.392
0.391
0.387
0.382
0.374
0.363
0.346
0.324
0.3
0.301
0.301
0.302
0.302
0.302
0.303
0.303
0.303
0.304
0.304
0.304
0.305
0.291
0.265
0.226
0.175
0.113
0.113
0.113
0.113
0.113
0.114
0.114
0.114
0.114
0.114
0.114
0.114
0.115
0.115
0.115
0.115
0.115
0.115
0.115
0.115
0.116
0.116
0.116
0.116
0.116
0.116
0.116
0.116
0.117
0.117
0.117
0.117
0.117
0.117
0.117
0.117
0.117
0.117
0.118
0.118
0.118
0.118
0.118
0.118
0.118
0.118
0.118
0.118
0.118
0.118
0.119
0.119
0.119
0.119
0.119
0.119
0.119
0.119
0.119
0.119
0.119
0.119
0.119
0.12
0.12
0.12
0.12
0.12
0.12
0.12
0.12
0.12
0.12
0.12
0.12
0.12
0.12
0.12
0.121
0.121
0.121
0.121
0.121
0.121
0.121
0.121
0.121
0.121
0.12
0.12
0.119
0.119
0.119
0.119
0.12
0.12
0.11
0.098
0.083
0.068
0.055
0.042
0.03
0.003
-0.021
-0.039
-0.057
-0.074
-0.091
-0.108
-0.124
-0.14
-0.155
-0.164
-0.158
-0.152
-0.145
-0.138
-0.132
-0.125
-0.118
-0.112
-0.106
-0.1
-0.094
-0.088
-0.083
-0.077
-0.072
-0.067
-0.063
-0.059
-0.055
-0.052
-0.048
-0.044
-0.039
-0.035
-0.03
-0.026
-0.022
-0.018
-0.014
-0.01
-0.006
-0.002
0.002
0.005
0.009
0.012
0.016
0.019
0.022
0.025
0.028
0.029
0.031
0.033
0.035
0.037
0.04
0.043
0.045
0.048
0.05
0.051
0.053
0.054
0.056
0.057
0.059
0.06
0.062
0.063
0.064
0.066
0.067
0.068
0.069
0.07
0.072
0.073
0.074
0.075
0.076
0.077
0.063
0.034
0.008
-0.029
-0.078
-0.143
-0.222
-0.313
-0.418
-0.534
-0.653
-0.772
-0.888
-0.815
-0.735
-0.632
-0.505
-0.375
-0.254
-0.151
-0.065
0.007
0.063
0.105
0.132
0.145
0.145
0.131
0.104
0.064
0.011
-0.054
-0.131
-0.221
-0.322
-0.434
-0.558
-0.694
-0.84
-0.997
-1.164
-1.342
-1.53
-1.728
-1.935
-2.152
-2.378
-2.613
-2.867
-3.17
-3.595
-4.024
-4.454
-4.886
-5.319
-5.752
-6.184
-6.614
-7.041
-7.465
-7.884
-8.298
-8.705001
-9.105
-9.496
-9.877001
-10.247001
-10.605
-10.950001
-11.281
-11.597
-11.896001
-12.177001
-12.439
-12.682
-12.904
-13.103001
-13.280001
-13.432001
-13.559001
-13.660001
-13.735001
-13.781001
-13.799001
-13.788001
-13.747001
-13.746
-13.745001
-13.744
-13.743001
-13.742001
-13.741001
-13.740001
-13.740001
-13.739
-13.684001
-13.630001
-13.577001
-13.524
-13.473001
-13.422001
-13.374001
-13.329
-13.295001
-13.308001
-13.323001
-13.336
-13.327001
-13.316001
-13.296
-13.277
-13.257001
-13.238001
-13.219001
-13.200001
-13.182
-13.164001
-13.146001
-13.127001
-13.107
-13.085001
-13.062
-13.039001
-13.033001
-12.984
-12.929001
-12.879001
-12.834001
-12.793
-12.753
-12.714001
-12.676001
-12.638
-12.6
-12.564
-12.527
-12.491
-12.456
-12.422001
-12.387001
-12.354001
-12.320001
-12.288
-12.255
-12.223001
-12.192
-12.161
-12.131001
-12.101001
-12.071
-12.042001
-12.013
-11.985001
-11.957001
-11.929001
-11.902
-11.876
-11.849001
-11.823001
-11.798
-11.772
-11.748
-11.723001
-11.699
-11.675
-11.652
-11.628
-11.606001
-11.583
-11.561001
-11.539001
-11.517
-11.496
-11.475
-11.455001
-11.434001
-11.414001
-11.395
-11.375001
-11.357
-11.339001
-11.322001
-11.305
-11.289001
-11.273001
-11.257001
-11.241
-11.224001
-11.208
-11.190001
-11.171
-11.151001
-11.13
-11.106001
-11.080001
-11.052001
-11.02
-10.985001
-10.947001
-10.904
-10.856001
-10.804001
-10.747001
-10.683001
-10.652
-10.697001
-10.741
-10.785001
-10.828
-10.870001
-10.912001
-10.954
-10.994
-11.035001
-11.074
-11.114
-11.152
-11.190001
-11.228001
-11.210001
-11.193001
-11.176001
-11.159
-11.143001
-11.126
-11.110001
-11.094001
-11.078
-11.113001
-11.151001
-11.189
-11.227
-11.264001
-11.3
-11.336
-11.371
-11.406
-11.441001
-11.475
-11.508
-11.541
-11.574
-11.606001
-11.638
-11.669001
-11.815001
-11.958
-12.097
-12.234
-12.367001
-12.497001
-12.624001
-12.749001
-12.870001
-12.989
-13.106001
-13.219001
-13.330001
-13.439001
-13.545001
-13.649001
-13.750001
-13.849001
-13.946001
-14.040001
-14.133
-14.223001
-14.312
-14.398001
-14.483001
-14.446001
-14.409
-14.374001
-14.339001
-14.305
-14.272
-14.239
-14.208001
-14.177001
-14.146001
-14.117001
-14.088
-14.059001
-14.032001
-14.005001
-13.978001
-13.952001
-13.927001
-13.903001
-13.998001
-14.092001
-14.183001
-14.272
-14.360001
-14.445001
-14.528001
-14.610001
-14.693001
-14.777
-14.862
-14.948001
-15.035001
-15.122001
-15.211
-15.299001
-15.388
-15.393001
-15.399001
-15.406001
-15.389001
-15.372001
-15.356001
-15.339001
-15.323001
-15.307001
-15.292001
-15.276001
-15.261001
-15.193001
-15.128
-15.065001
-15.005001
-14.947001
-14.891001
-14.836
-14.784
-14.732
-14.681001
-14.630001
-14.580001
-14.529
-14.477
-14.424001
-14.369
-14.312
-14.252001
-14.189001
-14.122001
-14.052001
-13.976001
-13.896001
-13.809001
-13.717001
-13.618001
-13.511001
-13.397
-13.275001
-13.160001
-13.065001
-13.02
-12.975
-12.985001
-12.994
-13.004001
-13.013
-13.022
-13.031001
-13.040001
-13.048
-13.057
-13.065001
-13.074
-13.082001
-13.09
-13.105
-13.226001
-13.343
-13.454
-13.563001
-13.596001
-13.601001
-13.608001
-13.616
-13.607
-13.599001
-13.594001
-13.591001
-13.586
-13.685
-13.782001
-13.877001
-13.97
-14.061001
-14.150001
-14.236001
-14.323001
-14.411
-14.500001
-14.595
-14.690001
-14.784
-14.877001
-14.972001
-15.065001
-15.138
-15.209001
-15.278001
-15.343
-15.407001
-15.469001
-15.530001
-15.589001
-15.650001
-15.711
-15.773001
-15.837001
-15.901001
-15.966001
-16.031
-16.097
-16.163
-16.228001
-16.293001
-16.356001
-16.402
-16.446001
-16.490002
-16.533001
-16.574001
-16.615002
-16.655001
-16.694
-16.733002
-16.773001
-16.814001
-16.856001
-16.826
-16.799002
-16.772001
-16.746
-16.720001
-16.695002
-16.669001
-16.643002
-16.616001
-16.587
-16.556002
-16.501001
-16.409
-16.313002
-16.215
-16.113001
-16.006001
-15.894001
-15.777
-15.656001
-15.535001
-15.455001
-15.382001
-15.31
-15.239
-15.168001
-15.099001
-15.031001
-14.963
-14.897
-14.831
-14.766001
-14.702001
-14.639001
-14.577001
-14.515
-14.455001
