0.0
0.0
0.0
0.0
0.0
0.0
0.0
0.0
0.0
0.0
0.0
0.0
0.0
0.0
0.0
0.0
0.0
0.0
0.0
0.0
0.0
0.0
0.0
0.0
0.0
0.0
0.0
0.0
0.0
0.0
0.0
0.0
0.0
0.0
0.0
0.0
0.0
0.0
0.0
0.0
0.0
0.0
0.0
0.0
0.0
0.0
0.0
0.0
0.0
0.0
0.0
0.0
0.0
0.0
0.0
0.0
0.0
0.0
0.0
0.0
0.0
0.0
0.0
0.0
0.0
0.0
0.0
0.0
0.0
0.0
0.0
0.0
0.0
0.0
0.0
0.0
0.0
0.0
0.0
0.0
0.0
0.0
0.0
0.0
0.0
0.0
0.0
0.0
0.0
0.0
0.0
0.0
0.0
0.0
0.0
0.0
0.079
0.198
0.316
0.432
0.546
0.659
0.771
0.881
0.989
0.969
0.95
0.931
0.912
0.894
0.876
0.859
0.841
0.825
0.808
0.792
0.776
0.761
0.745
0.73
0.716
0.701
0.687
0.674
0.66
0.647
0.634
0.621
0.609
0.597
0.585
0.573
0.562
0.55
0.539
0.529
0.518
0.508
0.497
0.487
0.478
0.468
0.459
0.45
0.441
0.432
0.423
0.415
0.406
0.398
0.39
0.382
0.375
0.367
0.36
0.353
0.346
0.339
0.332
0.325
0.319
0.312
0.306
0.3
0.294
0.288
0.282
0.277
0.271
0.266
0.26
0.255
0.25
0.245
0.24
0.235
0.231
0.226
0.221
0.217
0.213
0.208
0.204
0.2
0.196
0.192
0.188
0.185
0.181
0.177
0.174
0.17
0.167
0.163
0.16
0.157
0.154
0.151
0.148
0.145
0.142
0.139
0.136
0.133
0.131
0.128
0.126
0.123
0.121
0.118
0.116
0.113
0.111
0.109
0.107
0.105
0.102
0.1
0.098
0.096
0.094
0.093
0.091
0.089
0.087
0.085
0.084
0.082
0.08
0.079
0.077
0.076
0.074
0.073
0.071
0.07
0.068
0.067
0.066
0.064
0.063
0.062
0.06
0.059
0.058
0.057
0.056
0.055
0.053
0.052
0.051
0.05
0.049
0.048
0.047
0.046
0.045
0.044
0.044
0.043
0.042
0.041
0.04
0.039
0.039
0.038
0.037
0.036
0.036
0.035
0.034
0.033
0.033
0.032
0.031
0.031
0.03
0.03
0.029
0.028
0.028
0.027
0.027
0.026
0.026
0.025
0.025
0.024
0.024
0.023
0.023
0.022
0.022
0.021
0.021
0.02
0.02
0.02
0.019
0.019
0.018
0.018
0.018
0.017
0.017
0.017
0.016
0.016
0.016
0.015
0.015
0.015
0.014
0.014
0.014
0.013
0.013
0.013
0.013
0.012
0.012
0.012
0.012
0.011
0.011
0.011
0.011
0.01
0.01
0.01
0.01
0.01
0.009
0.009
0.009
0.009
0.009
0.008
0.008
0.008
0.008
0.008
0.008
0.007
0.007
0.007
0.007
0.007
0.007
0.007
0.006
0.006
0.006
0.006
0.006
0.006
0.006
0.005
0.005
0.005
0.005
0.005
0.005
0.005
0.005
0.005
0.004
0.004
0.004
0.004
0.004
0.004
0.004
0.004
0.004
0.004
0.004
0.003
0.003
0.003
0.003
0.003
0.003
0.003
0.003
0.003
0.003
0.003
0.003
0.003
0.003
0.003
0.002
0.002
0.002
0.002
0.002
0.002
0.002
0.002
0.002
0.002
0.002
0.002
0.002
0.002
0.002
0.002
0.002
0.002
0.002
0.002
0.001
0.001
0.001
0.001
0.001
0.001
0.001
0.001
0.001
0.001
0.001
0.001
0.001
0.001
0.001
0.001
0.001
0.001
0.001
0.001
0.001
0.001
0.001
0.001
0.001
0.001
0.001
0.001
0.001
0.001
0.001
0.001
0.001
0.001
0.0
0.0
0.0
0.0
0.0
0.0
0.0
0.0
0.0
0.0
0.0
0.0
0.0
0.0
0.0
0.0
0.0
0.0
0.0
0.0
0.0
0.0
0.0
0.0
0.0
0.0
0.0
0.0
0.0
0.0
0.0
0.0
0.0
0.0
0.0
0.0
0.0
0.0
0.0
0.0
0.0
0.0
0.0
0.0
0.0
0.0
0.0
0.0
0.0
0.0
0.0
0.0
0.0
0.0
0.0
0.0
0.0
0.0
0.0
0.0
0.0
0.0
0.0
0.0
0.0
0.0
0.0
0.0
0.0
0.0
0.0
0.0
0.0
0.0
0.0
0.0
0.0
0.0
0.0
0.0
0.0
0.0
0.0
0.0
0.0
0.0
0.0
0.0
0.0
0.0
0.0
0.0
0.0
0.0
0.0
0.0
0.0
0.0
0.0
0.0
0.0
0.0
0.0
0.0
0.0
0.0
0.0
0.0
0.0
0.0
0.0
0.0
0.0
0.0
0.0
0.0
0.0
0.0
0.0
0.0
0.0
0.0
0.0
0.0
0.0
0.0
0.0
0.0
0.0
0.0
0.0
0.0
0.0
0.0
0.0
0.0
0.0
0.0
0.0
0.0
0.0
0.0
0.0
0.0
0.0
0.0
0.0
0.0
0.0
0.0
0.0
0.0
0.0
0.0
0.0
0.0
0.0
0.0
0.0
0.0
0.0
0.0
0.0
0.0
0.0
0.0
0.0
0.0
0.0
0.0
0.0
0.0
0.0
0.0
0.0
0.0
0.0
0.0
0.0
0.0
0.0
0.0
0.0
0.0
0.0
0.0
0.0
0.0
0.0
0.0
0.0
0.0
0.0
0.0
0.0
0.0
0.0
0.0
0.0
0.0
0.0
0.0
0.0
0.0
0.0
0.0
0.0
0.0
0.0
0.0
0.0
0.0
0.0
0.0
0.0
0.0
0.0
0.0
0.0
0.0
0.0
0.0
0.0
0.0
0.0
0.0
0.0
0.0
0.0
0.0
0.0
0.0
0.0
0.0
0.0
0.0
0.0
0.0
0.0
0.0
0.0
0.0
0.0
0.0
0.0
0.0
0.0
0.0
0.0
0.0
0.0
0.0
0.0
0.0
0.0
0.0
0.0
0.0
0.0
0.0
0.0
0.0
0.0
0.0
0.0
0.0
0.0
0.0
0.0
0.0
0.036
0.073
0.108
0.145
0.19
0.261
0.359
0.472
0.584
0.695
0.805
0.913
1.02
1.125
1.229
1.332
1.433
1.438
1.409
1.381
1.354
1.327
1.3
1.274
1.248
1.223
1.199
1.175
1.152
1.128
1.106
1.084
1.062
1.041
1.02
1.0
0.98
0.96
0.941
0.922
0.903
0.885
0.868
0.85
0.833
0.817
0.8
0.784
0.769
0.753
0.738
0.723
0.709
0.695
0.681
0.667
0.654
0.641
0.628
0.615
0.603
0.591
0.579
0.568
0.556
0.545
0.534
0.523
0.513
0.503
0.493
0.483
0.473
0.464
0.454
0.445
0.436
0.401
0.283
0.159
0.037
-0.084
-0.203
-0.32
-0.436
-0.427
-0.419
-0.411
-0.402
-0.394
-0.386
-0.379
-0.371
-0.364
-0.356
-0.349
-0.342
-0.336
-0.329
-0.322
-0.316
-0.31
-0.303
-0.42
-0.534
-0.647
-0.759
-0.869
-0.978
-1.085
-1.19
-1.167
-1.143
-1.121
-1.098
-1.076
-1.055
-1.034
-1.013
-0.993
-0.973
-0.953
-0.934
-0.916
-0.897
-0.879
-0.862
-0.845
-0.828
-0.811
-0.795
-0.779
-0.763
-0.748
-0.733
-0.719
-0.704
-0.69
-0.676
-0.663
-0.65
-0.637
-0.624
-0.611
-0.599
-0.587
-0.576
-0.564
-0.553
-0.542
-0.531
-0.52
-0.51
-0.5
-0.49
-0.48
-0.47
-0.461
-0.452
-0.443
-0.434
-0.425
-0.417
-0.408
-0.4
-0.392
-0.384
-0.377
-0.369
-0.362
-0.355
-0.348
-0.341
-0.334
-0.327
-0.321
-0.314
-0.308
-0.302
-0.296
-0.29
-0.284
-0.278
-0.273
-0.267
-0.262
-0.257
-0.252
-0.247
-0.242
-0.237
-0.232
-0.228
-0.223
-0.219
-0.214
-0.21
-0.206
-0.202
-0.198
-0.194
-0.19
-0.186
-0.182
-0.179
-0.175
-0.172
-0.168
-0.165
-0.162
-0.158
-0.155
-0.152
-0.149
-0.146
-0.143
-0.14
-0.138
-0.135
-0.132
-0.129
-0.127
-0.124
-0.122
-0.119
-0.117
-0.115
-0.112
-0.11
-0.108
-0.106
-0.104
-0.102
-0.1
-0.098
-0.096
-0.094
-0.092
-0.09
-0.088
-0.087
-0.085
-0.083
-0.082
-0.08
-0.078
-0.077
-0.075
-0.074
-0.072
-0.071
-0.069
-0.068
-0.067
-0.065
-0.064
-0.063
-0.062
-0.06
-0.059
-0.058
-0.057
-0.056
-0.055
-0.054
-0.052
-0.051
-0.05
-0.049
-0.048
-0.047
-0.047
-0.046
-0.045
-0.044
-0.043
-0.042
-0.041
-0.04
-0.04
-0.039
-0.038
-0.037
-0.037
-0.036
-0.035
-0.034
-0.034
-0.033
-0.032
-0.032
-0.031
-0.031
-0.03
-0.029
-0.029
-0.028
-0.028
-0.027
-0.027
-0.026
-0.026
-0.025
-0.025
-0.024
-0.024
-0.023
-0.023
-0.022
-0.022
-0.021
-0.021
-0.021
-0.02
-0.02
-0.019
-0.019
-0.019
-0.018
-0.018
-0.018
-0.017
-0.017
-0.017
-0.016
-0.016
-0.016
-0.015
-0.015
-0.015
-0.014
-0.014
-0.014
-0.014
-0.013
-0.013
-0.013
-0.013
-0.012
-0.012
-0.012
-0.012
-0.011
-0.011
-0.011
-0.011
-0.011
-0.01
-0.01
-0.01
-0.01
-0.01
-0.009
-0.009
-0.009
-0.009
-0.009
-0.009
-0.008
-0.008
-0.008
-0.008
-0.008
-0.008
-0.008
-0.007
-0.007
-0.007
-0.007
-0.007
-0.007
-0.007
-0.006
-0.006
-0.006
-0.006
-0.006
-0.006
-0.006
-0.006
-0.006
-0.005
-0.005
-0.005
-0.005
-0.005
-0.005
-0.005
-0.005
-0.005
-0.005
-0.005
-0.004
-0.004
-0.004
-0.004
-0.004
-0.004
-0.004
-0.004
-0.004
-0.004
-0.004
-0.004
-0.004
-0.004
-0.004
-0.003
-0.003
-0.003
-0.003
-0.003
-0.003
-0.003
-0.003
-0.003
-0.003
-0.003
-0.003
-0.003
-0.003
-0.003
-0.003
-0.003
-0.003
-0.003
-0.002
-0.002
-0.002
-0.002
-0.002
-0.002
-0.002
-0.002
-0.002
-0.002
-0.002
-0.002
-0.002
-0.002
-0.002
-0.002
-0.002
-0.002
-0.002
-0.002
-0.002
-0.002
-0.002
-0.001
-0.001
-0.001
-0.001
-0.001
-0.001
-0.001
-0.001
-0.001
-0.001
-0.001
-0.001
-0.001
-0.001
-0.001
-0.001
-0.001
-0.001
-0.001
-0.001
-0.001
-0.001
-0.001
-0.001
-0.001
-0.001
-0.001
-0.001
-0.001
-0.001
-0.001
-0.001
-0.001
-0.001
-0.001
-0.001
-0.001
-0.001
-0.001
-0.001
-0.001
-0.001
-0.001
-0.001
-0.001
-0.001
-0.001
-0.001
-0.001
-0.001
-0.001
-0.001
-0.001
-0.001
-0.001
-0.001
-0.001
-0.001
-0.001
-0.001
-0.001
-0.001
-0.001
-0.001
-0.001
-0.001
-0.001
-0.001
-0.001
-0.001
-0.001
-0.001
-0.001
-0.001
-0.001
-0.001
-0.001
-0.001
-0.001
-0.001
-0.001
-0.001
-0.001
-0.001
-0.001
-0.001
-0.001
-0.001
-0.001
-0.001
-0.001
-0.001
-0.001
-0.001
-0.001
-0.001
-0.001
-0.001
-0.001
-0.001
-0.001
-0.001
-0.001
-0.001
-0.001
-0.001
-0.001
-0.001
-0.001
-0.001
-0.001
-0.001
-0.001
-0.001
-0.001
-0.001
-0.001
-0.001
-0.001
-0.001
-0.001
-0.001
-0.001
-0.001
-0.001
-0.001
-0.001
-0.001
-0.001
-0.001
-0.001
-0.001
-0.001
-0.001
-0.001
-0.001
0.015
0.131
0.249
0.366
0.481
0.595
0.707
0.818
0.927
1.035
1.142
1.247
1.35
1.452
1.553
1.653
1.751
1.848
1.943
1.971
1.932
1.893
1.855
1.818
1.782
1.746
1.711
1.808
1.905
1.999
2.093
2.185
2.276
2.366
2.455
2.542
2.629
2.714
2.798
2.881
2.962
3.043
3.123
3.201
3.279
3.355
3.431
3.505
3.579
3.651
3.723
3.793
3.863
3.932
3.999
4.066
4.132
4.197
4.262
4.325
4.387
4.449
4.475
4.386
4.298
4.212
4.128
4.045
3.964
3.885
3.807
3.731
3.657
3.584
3.512
3.442
3.373
3.305
3.239
3.174
3.111
3.049
2.988
2.928
2.869
2.812
2.756
2.701
2.647
2.594
2.542
2.491
2.441
2.392
2.344
2.297
2.252
2.206
2.162
2.119
2.077
2.035
2.128
2.22
2.311
2.4
2.488
2.575
2.661
2.746
2.829
2.912
2.993
3.074
3.153
3.231
3.308
3.384
3.459
3.533
3.606
3.679
3.75
3.82
3.743
3.669
3.595
3.523
3.453
3.384
3.316
3.25
3.185
3.238
3.315
3.391
3.466
3.54
3.613
3.685
3.756
3.826
3.895
3.963
4.031
4.097
4.163
4.227
4.291
4.354
4.416
4.478
4.538
4.598
4.657
4.715
4.772
4.829
4.885
4.94
4.994
5.048
5.101
5.153
5.204
5.255
5.305
5.355
5.403
5.452
5.499
5.546
5.592
5.638
5.683
5.727
5.771
5.814
5.857
5.899
5.941
5.879
5.762
5.646
5.533
5.423
5.314
5.155
4.684
4.236
3.801
3.376
2.963
2.563
2.182
1.816
1.461
1.116
0.782
0.458
0.144
-0.161
-0.457
-0.744
-1.022
-1.292
-1.554
-1.808
-2.054
-2.293
-2.525
-2.75
-2.968
-3.179
-3.374
-3.52
-3.647
-3.766
-3.882
-3.988
-3.992
-4.039
-4.078
-1.825
-1.931
-2.034
-2.134
-2.231
-2.325
-2.416
-2.504
-2.59
-2.673
-2.754
-2.832
-2.908
-2.981
-3.058
-3.133
-3.039
-2.948
-2.859
-2.774
-2.69
-2.61
-2.532
-2.456
-2.382
-2.334
-2.288
-2.242
-2.197
-2.153
-2.11
-2.068
-2.027
-1.986
-1.946
-1.907
-1.869
-1.955
-2.046
-2.129
-2.202
-2.271
-2.338
-2.405
-2.474
-2.544
-2.613
-2.681
-2.749
-2.814
-2.878
-2.942
-3.005
-3.069
-3.131
-3.193
-3.255
-3.316
-3.378
-3.406
-3.338
-3.271
-3.205
-3.141
-3.078
-3.017
-2.957
-2.897
-2.84
-2.783
-2.727
-2.673
-2.619
-2.567
-2.465
-2.334
-2.205
-2.077
-1.951
-1.827
-1.705
-1.584
-1.464
-1.347
-1.231
-1.116
-1.003
-0.892
-0.782
-0.673
-0.566
-0.46
-0.356
-0.253
-0.151
-0.051
0.048
0.145
0.241
0.336
0.43
0.522
0.613
0.703
0.787
0.771
0.756
0.741
0.726
0.712
0.697
0.683
0.67
0.656
0.643
0.63
0.618
0.605
0.593
0.581
0.57
0.558
0.547
0.536
0.525
0.515
0.505
0.494
0.485
0.475
0.465
0.456
0.447
0.438
0.429
0.421
0.412
0.404
0.396
0.388
0.38
0.373
0.365
0.358
0.351
0.344
0.337
0.33
0.323
0.317
0.311
0.304
0.298
0.292
0.286
0.281
0.275
0.269
0.264
0.259
0.254
0.249
0.244
0.239
0.234
0.229
0.225
0.22
0.216
0.211
0.207
0.203
0.251
0.368
0.483
0.597
0.709
0.82
0.929
1.037
1.143
1.248
1.352
1.454
1.555
1.654
1.706
1.671
1.638
1.605
1.573
1.542
1.511
1.481
1.581
-3.0
-3.0
1.874
1.97
2.064
2.156
2.248
2.338
2.427
2.378
2.331
2.284
2.239
2.194
2.15
2.107
2.065
2.023
1.983
1.943
1.904
1.866
1.829
1.792
1.757
1.721
1.578
1.437
1.298
1.16
1.024
0.891
0.758
0.628
0.5
0.373
0.247
0.124
0.121
0.119
0.117
0.114
0.112
0.11
0.108
0.105
0.103
0.101
0.099
0.097
0.095
0.093
0.091
0.09
0.088
0.086
0.084
0.083
0.081
0.079
0.078
0.076
0.075
0.073
0.072
0.07
0.069
0.067
0.066
0.065
0.063
0.062
0.061
0.06
0.058
0.057
0.056
0.055
0.054
0.053
0.052
0.051
0.05
0.049
0.048
0.047
0.046
0.045
0.044
0.043
0.042
0.041
0.04
0.04
0.039
0.038
0.037
0.037
0.036
0.035
0.034
0.034
0.033
0.032
0.032
0.031
0.03
0.03
0.029
0.029
0.028
0.027
0.027
0.026
0.026
0.025
0.025
0.024
0.024
0.023
0.023
0.022
0.022
0.021
0.021
0.021
0.02
0.02
0.019
0.019
0.019
0.018
0.018
0.017
0.017
0.017
0.016
0.016
0.016
0.015
0.015
0.015
0.014
0.014
0.014
0.014
0.013
0.013
0.013
0.012
0.012
0.012
0.012
0.011
0.09
0.2
0.318
0.434
0.548
0.661
0.773
0.757
0.742
0.727
0.713
0.698
0.684
0.671
0.657
0.644
0.631
0.619
0.606
0.594
0.582
0.571
0.559
0.548
0.537
0.526
0.516
0.505
0.495
0.485
0.476
0.466
0.457
0.448
0.439
0.43
0.421
0.413
0.405
0.396
0.388
0.381
0.373
0.366
0.358
0.351
0.344
0.337
0.33
0.324
0.317
0.311
0.305
0.299
0.174
0.052
-0.069
-0.188
-0.306
-0.422
-0.537
-0.65
-0.761
-0.871
-0.98
-1.087
-1.065
-1.033
-1.002
-0.972
-0.943
-0.915
-0.888
-0.861
-0.835
-0.81
-0.786
-0.762
-0.739
-0.717
-0.696
-0.675
-0.655
-0.635
-0.616
-0.597
-0.58
-0.562
-0.545
-0.529
-0.513
-0.498
-0.483
-0.468
-0.454
-0.441
-0.428
-0.415
-0.632
-0.903
-1.165
-1.42
-1.666
-1.906
-2.142
-2.37
-2.589
-2.8
-3.006
-3.209
-3.402
-3.59
-3.771
-3.936
-3.818
-3.703
-3.592
-3.484
-3.38
-3.278
-3.18
-3.085
-2.992
-2.902
-2.815
-2.731
-2.649
-2.57
-2.518
-2.468
-2.418
-2.37
-2.323
-2.276
-2.231
-2.186
-2.142
-2.1
-2.058
-2.016
-1.976
-1.937
-1.898
-1.86
-1.823
-1.786
-1.751
-1.716
-1.681
-0.618
-0.404
-0.149
-0.097
-0.095
-0.094
-0.092
-0.034
-0.033
-0.033
-0.032
-0.031
-0.031
-0.02
-0.02
-0.019
-0.019
-0.019
-0.018
-0.007
-0.007
-0.007
-0.007
-0.007
-0.006
-0.006
-0.006
-0.006
-0.006
-0.006
-0.006
-0.006
-0.006
-0.005
-0.005
-0.005
-0.005
-0.005
-0.005
-0.005
-0.005
-0.005
-0.005
-0.005
-0.004
-0.004
-0.004
-0.004
-0.004
-0.004
-0.004
-0.004
-0.004
-0.004
-0.004
-0.004
-0.004
-0.004
-0.003
-0.003
-0.003
-0.003
-0.003
-0.003
-0.003
-0.003
-0.003
-0.003
-0.003
-0.003
-0.003
-0.003
-0.003
-0.003
-0.003
-0.003
-0.003
-0.003
-0.002
-0.002
-0.002
-0.002
-0.002
-0.002
-0.002
-0.002
-0.002
-0.002
-0.002
-0.002
-0.002
-0.002
-0.002
-0.002
-0.002
-0.002
-0.002
-0.002
-0.002
0.073
0.187
0.304
0.42
0.535
0.648
0.737
0.723
0.708
0.694
0.68
0.666
0.653
0.64
0.627
0.615
0.602
0.59
0.578
0.567
0.556
0.544
0.534
0.523
0.512
0.502
0.492
0.482
0.473
0.463
0.454
0.445
0.436
0.427
0.419
0.41
0.402
0.394
0.386
0.378
0.371
0.363
0.356
0.349
0.342
0.335
0.328
0.322
0.315
0.309
0.303
0.297
0.291
0.285
0.279
0.274
0.268
0.263
0.258
0.252
0.247
0.242
0.238
0.233
0.228
0.224
0.219
0.215
0.21
0.206
0.202
0.198
0.194
0.19
0.186
0.183
0.179
0.175
0.172
0.168
0.165
0.162
0.158
0.155
0.152
0.149
0.146
0.143
0.14
0.137
0.135
0.132
0.129
0.127
0.124
0.122
0.119
0.117
0.115
0.112
0.11
0.108
0.106
0.103
0.101
0.099
0.097
0.095
0.093
0.092
0.09
0.088
0.086
0.084
0.083
0.081
0.079
0.078
0.076
0.075
0.073
0.072
0.07
0.069
0.068
0.066
0.065
0.064
0.062
0.061
0.06
0.059
0.057
0.056
0.055
0.054
0.053
0.052
0.051
0.05
0.049
0.048
0.047
0.046
0.045
0.044
0.043
0.042
0.041
0.041
0.04
0.039
0.038
0.037
0.037
0.036
0.035
0.034
0.034
0.033
0.032
0.032
0.031
0.03
0.03
0.029
0.029
0.028
0.027
0.027
0.026
0.026
0.025
0.025
0.024
0.024
0.023
0.023
0.022
0.022
0.021
0.021
0.021
0.02
0.02
0.019
0.019
0.019
0.018
0.018
0.017
0.017
0.017
0.016
0.016
0.016
0.015
0.015
0.015
0.014
0.014
0.014
0.014
0.013
0.013
0.013
0.012
0.012
0.012
0.012
0.011
0.011
0.011
0.011
0.011
0.01
0.01
0.01
0.01
0.009
0.009
0.009
0.009
0.009
0.009
0.008
0.008
0.008
0.008
0.008
0.007
0.007
0.007
0.007
0.007
0.007
0.007
0.006
0.006
0.006
0.006
0.126
0.245
0.362
0.477
0.591
0.703
0.814
0.923
1.031
1.138
1.243
1.346
1.449
1.549
1.649
1.747
1.844
1.94
2.034
2.127
2.219
2.193
2.149
2.106
2.064
2.023
1.982
1.942
1.904
1.865
1.828
1.792
1.756
1.721
1.686
1.652
1.619
1.587
1.555
1.524
1.494
1.464
1.434
1.406
1.378
1.35
1.323
1.297
1.271
1.245
1.22
1.196
1.172
1.149
1.126
1.103
1.081
1.059
1.038
1.017
0.997
0.977
0.958
0.938
0.92
0.901
0.883
0.865
0.848
0.831
0.815
0.798
0.782
0.767
0.636
0.507
0.38
0.255
0.132
0.01
-0.111
-0.229
-0.347
-0.462
-0.576
-0.689
-0.8
-0.909
-1.017
-1.124
-1.229
-1.333
-1.436
-1.407
-1.379
-1.351
-1.324
-1.298
-1.272
-1.246
-1.221
-1.197
-1.173
-1.15
-1.127
-1.104
-1.082
-1.06
-1.039
-1.018
-0.998
-0.978
-0.959
-0.939
-0.921
-0.902
-0.884
-0.867
-0.849
-0.832
-0.816
-0.799
-0.783
-0.768
-0.752
-0.737
-0.723
-0.708
-0.694
-0.68
-0.667
-0.653
-0.64
-0.627
-0.615
-0.603
-0.59
-0.579
-0.567
-0.556
-0.545
-0.534
-0.523
-0.513
-0.502
-0.492
-0.483
-0.473
-0.463
-0.454
-0.445
-0.436
-0.428
-0.419
-0.411
-0.402
-0.394
-0.386
-0.379
-0.371
-0.364
-0.357
-0.349
-0.342
-0.336
-0.329
-0.322
-0.316
-0.31
-0.303
-0.297
-0.291
-0.286
-0.28
-0.274
-0.269
-0.263
-0.258
-0.253
-0.248
-0.243
-0.238
-0.233
-0.229
-0.224
-0.22
-0.215
-0.211
-0.207
-0.203
-0.199
-0.195
-0.191
-0.187
-0.183
-0.18
-0.176
-0.173
-0.169
-0.166
-0.162
-0.159
-0.156
-0.153
-0.15
-0.147
-0.144
-0.141
-0.138
-0.136
-0.133
-0.13
-0.128
-0.125
-0.123
-0.12
-0.118
-0.115
-0.113
-0.111
-0.109
-0.106
-0.104
-0.102
-0.1
-0.098
-0.096
-0.094
-0.092
-0.091
-0.089
-0.087
-0.085
-0.084
-0.082
-0.08
-0.079
-0.077
-0.076
-0.074
-0.073
-0.071
-0.07
-0.068
-0.067
-0.066
-0.064
-0.063
-0.062
-0.061
-0.059
-0.058
-0.057
-0.056
-0.055
-0.054
-0.053
-0.052
-0.051
-0.05
-0.049
-0.048
-0.047
-0.046
-0.045
-0.044
-0.043
-0.042
-0.041
-0.041
-0.04
-0.039
-0.038
-0.038
-0.037
-0.036
-0.035
-0.035
-0.034
-0.033
-0.033
-0.032
-0.031
-0.031
-0.03
-0.03
-0.029
-0.028
-0.028
-0.027
-0.026
-0.025
-0.025
-0.024
-0.023
-0.023
-0.022
-0.021
-0.021
-0.02
-0.019
-0.019
-0.018
-0.018
-0.017
-0.017
-0.016
-0.016
-0.015
-0.015
-0.015
-0.014
-0.014
-0.013
-0.013
-0.013
-0.012
-0.012
-0.011
-0.011
-0.011
-0.011
-0.01
-0.01
-0.01
-0.009
-0.009
-0.009
-0.009
-0.008
-0.008
-0.008
-0.008
-0.007
-0.007
-0.007
-0.007
-0.007
-0.006
-0.006
-0.006
-0.006
-0.006
-0.006
-0.005
-0.005
-0.005
-0.005
-0.005
-0.005
-0.005
-0.005
-0.005
-0.004
-0.004
-0.004
-0.004
-0.004
-0.004
-0.004
-0.004
-0.004
-0.004
-0.004
-0.004
-0.004
-0.004
-0.003
-0.003
-0.003
-0.003
-0.003
-0.003
-0.003
-0.003
-0.003
-0.003
-0.003
-0.003
-0.003
-0.003
-0.003
-0.003
-0.003
-0.003
-0.003
-0.003
-0.002
-0.002
-0.002
-0.002
-0.002
-0.002
-0.002
-0.002
-0.002
-0.002
-0.002
-0.002
-0.002
-0.002
-0.002
-0.002
-0.002
-0.002
-0.002
-0.002
-0.002
-0.002
-0.002
-0.002
-0.002
-0.002
-0.002
-0.002
-0.002
-0.002
-0.002
-0.002
-0.002
-0.002
-0.001
-0.001
-0.001
-0.001
-0.001
-0.001
-0.001
-0.001
-0.001
-0.001
-0.001
-0.001
-0.001
-0.001
-0.001
-0.001
-0.001
-0.001
-0.001
-0.001
-0.001
-0.001
-0.001
-0.001
-0.001
-0.001
-0.001
-0.001
-0.001
-0.001
-0.001
-0.001
-0.001
-0.001
-0.001
-0.001
-0.001
-0.001
-0.001
-0.001
-0.001
-0.001
-0.001
-0.001
-0.001
-0.001
-0.001
-0.001
-0.001
-0.001
-0.001
-0.001
-0.001
-0.001
-0.001
-0.001
-0.001
-0.001
-0.001
-0.001
-0.001
-0.001
-0.001
-0.001
-0.001
-0.001
-0.001
-0.001
-0.001
-0.001
-0.001
-0.001
-0.001
-0.001
-0.001
-0.001
-0.001
-0.001
-0.001
-0.001
-0.001
-0.001
-0.001
-0.001
-0.001
-0.001
-0.001
-0.001
-0.001
-0.001
-0.001
-0.001
-0.001
-0.001
-0.001
-0.001
-0.001
-0.001
-0.001
-0.001
-0.001
-0.001
-0.001
-0.001
-0.001
-0.001
-0.001
-0.001
-0.001
-0.001
-0.001
-0.001
-0.001
-0.001
-0.001
-0.001
-0.001
-0.001
-0.001
-0.001
-0.001
-0.001
-0.001
-0.001
-0.001
-0.001
-0.001
-0.001
-0.001
-0.001
-0.001
-0.001
-0.001
-0.001
-0.001
-0.001
-0.001
-0.001
-0.001
-0.001
-0.001
-0.001
-0.001
-0.001
-0.001
-0.001
-0.001
-0.001
-0.001
-0.001
-0.001
-0.001
-0.001
-0.001
-0.001
-0.001
-0.001
-0.001
-0.001
-0.001
-0.001
-0.001
-0.001
-0.001
-0.001
-0.001
-0.001
-0.001
-0.001
-0.001
-0.001
-0.001
-0.001
-0.001
-0.001
-0.001
-0.001
-0.001
-0.001
-0.001
-0.001
-0.001
-0.001
-0.001
-0.001
-0.001
-0.001
-0.001
-0.001
-0.001
-0.001
-0.001
-0.001
-0.001
-0.001
-0.001
-0.001
-0.001
-0.001
-0.001
-0.001
-0.001
-0.001
-0.001
-0.001
-0.001
-0.001
-0.001
-0.001
-0.001
-0.001
-0.001
-0.001
-0.001
-0.001
-0.001
-0.001
-0.001
-0.001
-0.001
-0.001
-0.001
-0.001
-0.001
-0.001
-0.001
-0.001
-0.001
-0.001
-0.001
-0.001
-0.001
0.12
0.238
0.355
0.471
0.585
0.697
0.808
0.917
1.025
1.132
1.237
1.341
1.443
1.544
1.644
1.742
1.839
1.935
2.029
2.122
2.214
2.305
2.394
2.483
2.57
2.656
2.74
2.824
2.907
2.988
3.068
3.007
2.947
2.888
2.83
2.774
2.718
2.664
2.61
2.558
2.507
2.457
2.408
2.36
2.312
2.266
2.221
2.176
2.133
2.09
2.048
2.007
1.967
1.928
1.889
1.851
1.814
1.778
1.743
1.708
1.674
1.64
1.607
1.575
1.544
1.643
1.741
1.838
1.934
2.029
2.122
2.214
2.304
2.394
2.482
2.569
2.655
2.74
2.824
2.906
2.988
3.068
3.147
3.225
3.303
3.379
3.311
3.245
3.18
3.117
3.054
2.993
2.933
2.875
2.817
2.761
2.844
2.926
3.008
3.088
3.167
3.245
3.322
3.398
3.472
3.546
3.619
3.691
3.762
3.832
3.901
3.969
3.89
3.812
3.736
3.661
3.588
3.516
3.446
3.377
3.309
3.243
3.178
3.172
3.239
3.303
3.367
3.431
3.493
3.554
3.614
3.645
3.572
3.501
3.431
3.362
3.295
3.229
3.165
3.101
3.039
2.978
2.919
2.86
2.803
2.747
2.779
2.862
2.944
3.025
3.105
3.183
3.261
3.321
3.255
3.19
3.126
3.064
3.002
2.942
2.883
2.826
2.769
2.714
2.659
2.606
2.554
2.503
2.349
2.198
2.048
1.901
1.755
1.612
1.47
1.33
1.192
1.056
0.922
0.789
0.659
0.53
0.402
0.277
0.153
0.031
-0.09
-0.209
-0.327
-0.422
-0.414
-0.406
-0.398
-0.39
-0.382
-0.374
-0.367
-0.359
-0.352
-0.345
-0.338
-0.332
-0.325
-0.318
-0.312
-0.306
-0.3
-0.294
-0.288
-0.282
-0.277
-0.271
-0.266
-0.26
-0.255
-0.25
-0.245
-0.24
-0.235
-0.231
-0.226
-0.222
-0.217
-0.213
-0.209
-0.204
-0.2
-0.196
-0.192
-0.189
-0.185
-0.181
-0.177
-0.174
-0.17
-0.167
-0.164
-0.16
-0.157
-0.154
-0.151
-0.148
-0.145
-0.142
-0.139
-0.137
-0.134
-0.131
-0.129
-0.126
-0.124
-0.121
-0.119
-0.116
-0.114
-0.112
-0.109
-0.107
-0.105
-0.103
-0.101
-0.099
-0.097
-0.095
-0.093
-0.091
-0.09
-0.088
-0.086
-0.084
-0.083
-0.081
-0.079
-0.078
-0.076
-0.075
-0.073
-0.072
-0.07
-0.069
-0.068
-0.066
-0.065
-0.064
-0.062
-0.061
-0.06
-0.059
-0.058
-0.056
-0.055
-0.054
-0.053
-0.052
-0.051
-0.05
-0.049
-0.048
-0.047
-0.046
-0.045
-0.044
-0.044
-0.043
-0.042
-0.041
-0.04
-0.039
-0.039
-0.038
-0.037
-0.036
-0.036
-0.035
-0.034
-0.034
-0.033
-0.032
-0.032
-0.031
-0.03
-0.03
-0.029
-0.029
-0.028
-0.028
-0.027
-0.026
-0.026
-0.025
-0.025
-0.024
-0.024
-0.024
-0.023
-0.023
-0.022
-0.022
-0.021
-0.021
-0.02
-0.02
-0.02
-0.019
-0.019
-0.019
-0.018
-0.018
-0.017
-0.017
-0.017
-0.016
-0.016
-0.016
-0.016
-0.015
-0.015
-0.015
-0.014
-0.014
-0.014
-0.014
-0.013
-0.013
-0.013
-0.013
-0.012
-0.012
-0.012
-0.012
-0.011
-0.011
-0.011
-0.011
-0.011
-0.01
-0.01
-0.01
-0.01
-0.01
-0.009
-0.009
-0.009
-0.009
-0.009
-0.009
-0.008
-0.008
-0.008
-0.008
-0.008
-0.008
-0.007
-0.007
-0.007
-0.007
-0.007
-0.007
-0.007
-0.007
-0.006
-0.006
-0.006
-0.006
-0.006
-0.006
-0.006
-0.006
-0.006
-0.005
-0.005
-0.005
-0.005
-0.005
-0.005
-0.005
-0.005
0.011
0.028
0.047
0.068
0.088
0.109
0.131
0.147
0.16
0.174
0.187
0.201
0.214
0.228
0.346
0.461
0.575
0.688
0.799
0.908
1.016
1.123
1.228
1.332
1.435
1.536
1.592
1.561
1.529
1.499
1.469
1.439
1.411
1.382
1.355
1.328
1.407
1.509
1.609
1.707
1.805
1.901
1.996
2.089
2.182
2.273
2.363
2.451
2.539
2.625
2.71
2.656
2.603
2.551
2.5
2.45
2.401
2.353
2.306
2.26
2.215
2.305
2.395
2.483
2.57
2.656
2.741
2.824
2.907
2.988
3.069
3.007
2.947
2.888
2.831
2.774
2.718
2.664
2.611
2.559
2.507
2.457
2.545
2.631
2.716
2.8
2.883
2.965
3.045
3.07
3.009
2.948
2.889
2.832
2.775
2.719
2.665
2.612
2.613
2.699
2.783
2.866
2.948
3.029
3.109
3.187
3.162
3.099
3.037
2.976
2.917
2.858
2.801
2.745
2.69
2.637
2.584
2.532
2.481
2.432
2.383
2.335
2.289
2.243
2.198
2.154
2.111
2.069
2.027
1.987
1.947
1.908
1.87
1.833
1.796
1.76
1.725
1.822
1.918
2.013
2.106
2.198
2.289
2.379
2.467
2.418
2.369
2.322
2.276
2.23
2.185
2.142
2.099
2.057
2.016
1.975
1.936
1.897
1.859
1.822
1.786
1.75
1.715
1.681
1.647
1.614
1.582
1.55
1.519
1.489
1.459
1.43
1.401
1.373
1.346
1.319
1.292
1.266
1.241
1.216
1.192
1.168
1.145
1.122
1.099
1.077
1.056
1.035
1.014
0.994
0.974
0.954
0.935
0.916
0.898
0.88
0.863
0.845
0.828
0.812
0.796
0.78
0.764
0.749
0.734
0.719
0.705
0.691
0.677
0.663
0.65
0.637
0.624
0.612
0.599
0.587
0.576
0.564
0.553
0.542
0.531
0.52
0.51
0.5
0.49
0.48
0.47
0.461
0.452
0.443
0.434
0.425
0.417
0.408
0.4
0.392
0.384
0.376
0.369
0.362
0.354
0.347
0.34
0.333
0.327
0.32
0.314
0.308
0.301
0.295
0.289
0.284
0.278
0.272
0.267
0.262
0.256
0.251
0.246
0.241
0.236
0.232
0.227
0.222
0.218
0.214
0.209
0.205
0.201
0.151
0.028
-0.092
-0.211
-0.329
-0.444
-0.559
-0.547
-0.537
-0.526
-0.515
-0.505
-0.495
-0.485
-0.475
-0.466
-0.457
-0.447
-0.438
-0.43
-0.421
-0.413
-0.404
-0.396
-0.388
-0.381
-0.373
-0.366
-0.358
-0.351
-0.344
-0.337
-0.331
-0.324
-0.318
-0.311
-0.305
-0.299
-0.293
-0.287
-0.281
-0.276
-0.27
-0.265
-0.26
-0.254
-0.249
-0.244
-0.239
-0.235
-0.23
-0.225
-0.221
-0.216
-0.212
-0.208
-0.204
-0.2
-0.196
-0.192
-0.188
-0.184
-0.181
-0.177
-0.173
-0.17
-0.167
-0.163
-0.16
-0.157
-0.154
-0.151
-0.148
-0.145
-0.142
-0.139
-0.136
-0.133
-0.131
-0.128
-0.126
-0.123
-0.121
-0.118
-0.116
-0.114
-0.111
-0.109
-0.107
-0.105
-0.103
-0.101
-0.099
-0.097
-0.095
-0.093
-0.091
-0.089
-0.088
-0.086
-0.084
-0.082
-0.081
-0.079
-0.078
-0.076
-0.075
-0.073
-0.072
-0.07
-0.069
-0.067
-0.066
-0.065
-0.063
-0.062
-0.061
-0.06
-0.059
-0.057
-0.056
-0.055
-0.054
-0.053
-0.052
-0.051
-0.05
-0.049
-0.048
-0.047
-0.046
-0.045
-0.044
-0.043
-0.043
-0.042
-0.041
-0.04
-0.039
-0.039
-0.038
-0.037
-0.036
-0.036
-0.035
-0.034
-0.033
-0.033
-0.032
-0.032
-0.031
-0.03
-0.03
-0.029
-0.029
-0.028
-0.027
-0.027
-0.026
-0.026
-0.025
-0.025
-0.024
-0.024
-0.023
-0.023
-0.023
-0.022
-0.022
-0.021
-0.021
-0.02
-0.02
-0.02
-0.019
-0.019
-0.018
-0.018
-0.018
-0.017
-0.017
-0.017
-0.016
-0.016
-0.016
-0.016
-0.015
-0.015
-0.015
-0.014
-0.014
-0.014
-0.014
-0.013
-0.013
-0.013
-0.013
-0.012
-0.012
-0.012
-0.012
-0.011
-0.011
-0.011
-0.011
-0.011
-0.01
-0.01
-0.01
-0.01
-0.01
-0.009
-0.009
-0.009
-0.009
-0.009
-0.009
-0.008
-0.008
-0.008
-0.008
-0.008
-0.008
-0.007
-0.007
-0.007
-0.007
-0.007
-0.007
-0.007
-0.007
-0.006
-0.006
-0.006
-0.006
-0.006
-0.006
-0.006
-0.006
-0.006
-0.005
-0.005
-0.005
-0.005
-0.005
-0.005
-0.005
-0.005
-0.005
-0.005
-0.005
-0.004
-0.004
-0.004
-0.004
-0.004
-0.004
-0.004
-0.004
-0.004
-0.004
-0.004
-0.004
-0.004
-0.004
-0.003
-0.003
-0.003
-0.003
-0.003
-0.003
-0.003
-0.003
-0.003
-0.003
-0.003
-0.003
-0.003
-0.003
-0.003
-0.003
-0.003
-0.003
-0.003
-0.003
-0.002
-0.002
-0.002
-0.002
-0.002
-0.002
-0.002
-0.002
-0.002
-0.002
-0.002
-0.002
-0.002
-0.002
-0.002
-0.002
-0.002
-0.002
-0.002
-0.002
-0.002
-0.002
-0.002
-0.002
-0.002
-0.002
-0.002
-0.002
-0.002
-0.002
-0.002
-0.002
-0.002
-0.002
-0.002
-0.001
-0.001
-0.001
-0.001
-0.001
-0.001
-0.001
-0.001
-0.001
-0.001
-0.001
-0.001
-0.001
-0.001
-0.001
-0.001
-0.001
-0.001
-0.001
-0.001
-0.001
-0.001
-0.001
-0.001
-0.001
-0.001
-0.001
-0.001
-0.001
-0.001
-0.001
-0.001
-0.001
-0.001
-0.001
-0.001
-0.001
-0.001
-0.001
-0.001
-0.001
-0.001
-0.001
-0.001
-0.001
-0.001
-0.001
-0.001
-0.001
-0.001
-0.001
-0.001
-0.001
-0.001
-0.001
-0.001
-0.001
-0.001
-0.001
-0.001
-0.001
-0.001
-0.001
-0.001
-0.001
-0.001
-0.001
-0.001
-0.001
-0.001
-0.001
-0.001
-0.001
-0.001
-0.001
-0.001
-0.001
-0.001
-0.001
-0.001
-0.001
-0.001
-0.001
-0.001
-0.001
-0.001
-0.001
-0.001
-0.001
-0.001
-0.001
-0.001
-0.001
-0.001
-0.001
-0.001
-0.001
-0.001
-0.001
-0.001
-0.001
-0.001
-0.001
-0.001
-0.001
-0.001
-0.001
-0.001
-0.001
-0.001
-0.001
-0.001
-0.001
-0.001
-0.001
-0.001
-0.001
-0.001
-0.001
-0.001
-0.001
-0.001
-0.001
-0.001
-0.001
-0.001
-0.001
-0.001
-0.001
-0.001
-0.001
-0.001
-0.001
-0.001
-0.001
-0.001
-0.001
-0.001
-0.001
-0.001
-0.001
-0.001
-0.001
0.083
0.202
0.319
0.435
0.55
0.663
0.774
0.758
0.743
0.728
0.714
0.7
0.686
0.672
0.658
0.645
0.632
0.62
0.607
0.595
0.583
0.571
0.56
0.549
0.538
0.527
0.517
0.506
0.496
0.486
0.476
0.467
0.457
0.448
0.439
0.431
0.422
0.413
0.405
0.397
0.389
0.381
0.374
0.366
0.359
0.352
0.345
0.338
0.331
0.324
0.318
0.311
0.305
0.299
0.293
0.287
0.282
0.276
0.27
0.265
0.26
0.254
0.249
0.244
0.239
0.235
0.23
0.225
0.221
0.216
0.212
0.208
0.204
0.2
0.196
0.192
0.188
0.184
0.18
0.177
0.173
0.17
0.166
0.163
0.16
0.156
0.153
0.15
0.147
0.144
0.141
0.139
0.136
0.133
0.13
0.128
0.125
0.123
0.12
0.118
0.115
0.113
0.111
0.109
0.106
0.104
0.102
0.1
0.098
0.096
0.094
0.092
0.09
0.089
0.087
0.085
0.083
0.082
0.08
0.078
0.077
0.075
0.074
0.072
0.071
0.069
0.068
0.067
0.065
0.064
0.063
0.061
0.06
0.059
0.058
0.057
0.056
0.054
0.053
0.052
0.051
0.05
0.049
0.048
0.047
0.046
0.045
0.044
0.043
0.043
0.042
0.041
0.04
0.039
0.038
0.038
0.037
0.036
0.035
0.035
0.034
0.033
0.033
0.032
0.031
0.031
0.03
0.029
0.029
0.028
0.028
0.027
0.027
0.026
0.025
0.025
0.024
0.024
0.023
0.023
0.023
0.022
0.022
0.021
0.021
0.02
0.02
0.019
0.019
0.019
0.018
0.018
0.018
0.017
0.017
0.017
0.016
0.016
0.016
0.015
0.015
0.015
0.014
0.014
0.014
0.013
0.013
0.013
0.013
0.012
0.012
0.012
0.012
0.011
0.011
0.011
0.011
0.01
0.01
0.01
0.01
0.01
0.009
0.009
0.009
0.009
0.009
0.008
0.008
0.008
0.008
0.008
0.008
0.007
0.007
0.007
0.007
0.007
0.007
0.006
0.006
0.006
0.006
0.006
0.006
0.006
0.006
0.005
0.005
0.005
0.005
0.005
0.005
0.005
0.005
0.005
0.004
0.004
0.004
0.004
0.004
0.004
0.004
0.004
0.004
0.004
0.004
0.003
0.003
0.003
0.003
0.003
0.003
0.003
0.003
0.003
0.003
0.003
0.003
0.003
0.003
0.002
0.002
0.002
0.002
0.002
0.002
0.002
0.002
0.002
0.002
0.002
0.002
0.002
0.002
0.002
0.002
0.002
0.002
0.002
0.002
0.001
0.001
0.001
0.001
0.001
0.001
0.001
0.001
0.001
0.001
0.001
0.001
0.001
0.001
0.001
0.001
0.001
0.001
0.001
0.001
0.001
0.001
0.001
0.001
0.001
0.001
0.001
0.001
0.001
0.001
0.001
0.001
0.001
0.001
0.001
0.0
0.0
0.0
0.0
0.0
0.0
0.0
0.0
0.0
0.0
0.0
0.0
0.0
0.0
0.0
0.0
0.0
0.0
0.0
0.0
0.0
0.0
0.0
0.0
0.0
0.0
0.0
0.0
0.0
0.0
0.0
0.0
0.0
0.0
0.0
0.0
0.0
0.0
0.0
0.0
0.0
0.0
0.0
0.0
0.0
0.0
0.0
0.0
0.0
0.0
0.0
0.0
0.0
0.0
0.0
0.0
0.0
0.0
0.0
0.0
0.0
0.0
0.0
0.0
0.0
0.0
0.0
0.0
0.0
0.0
0.0
0.0
0.0
0.0
0.0
0.0
0.0
0.0
0.0
0.0
0.0
0.0
0.0
0.0
0.0
0.0
0.0
0.0
0.0
0.0
0.0
0.0
0.0
0.0
0.0
0.0
0.0
0.0
0.0
0.0
0.0
0.0
0.0
0.0
0.0
0.0
0.0
0.0
0.0
0.0
0.0
0.0
0.0
0.0
0.0
0.0
0.0
0.0
0.0
0.0
0.0
0.0
0.0
0.0
0.0
0.0
0.0
0.0
0.0
0.0
0.0
0.0
0.0
0.0
0.0
0.0
0.0
0.0
0.0
0.0
0.0
0.0
0.0
0.0
0.0
0.0
0.0
0.0
0.0
0.0
0.0
0.0
0.0
0.0
0.0
0.0
0.0
0.0
0.0
0.0
0.0
0.0
0.0
0.0
0.0
0.0
0.0
0.0
0.0
0.0
0.0
0.0
0.0
0.0
0.0
0.0
0.0
0.0
0.0
0.0
0.0
0.0
0.0
0.0
0.0
0.0
0.0
0.0
0.0
0.0
0.0
0.0
0.0
0.0
0.0
0.0
0.0
0.0
0.0
0.0
0.0
0.0
0.0
0.0
0.0
0.0
0.0
0.0
0.0
0.0
0.0
0.0
0.0
0.0
0.0
0.0
0.0
0.0
0.0
0.0
0.0
0.0
0.0
0.0
0.0
0.0
0.0
0.0
0.0
0.0
0.0
0.0
0.0
0.0
0.0
0.0
0.0
0.0
0.0
0.0
0.0
0.0
0.0
0.0
0.0
0.0
0.0
0.0
0.0
0.0
0.0
0.0
0.0
0.0
0.0
0.0
0.0
0.0
0.0
0.0
0.0
0.0
0.0
0.0
0.0
0.0
0.0
0.0
0.0
0.0
0.029
0.149
0.267
0.384
0.499
0.612
0.724
0.835
0.944
1.052
1.158
1.263
1.366
1.468
1.569
1.668
1.766
1.863
1.958
1.919
1.88
1.843
1.806
1.77
1.734
1.7
1.666
1.632
1.6
1.568
1.536
1.506
1.475
1.446
1.417
1.389
1.361
1.334
1.345
1.448
1.549
1.648
1.746
1.843
1.939
2.033
2.126
2.218
2.309
2.398
2.486
2.574
2.659
2.744
2.828
2.91
2.989
3.022
2.983
2.924
2.865
2.808
2.752
2.697
2.643
2.59
2.538
2.487
2.437
2.389
2.341
2.294
2.248
2.203
2.159
2.116
2.074
2.032
1.992
1.952
1.913
1.874
1.837
1.834
1.908
1.986
2.064
2.14
2.215
2.291
2.367
2.445
2.525
2.601
2.672
2.738
2.793
2.814
2.802
2.746
2.691
2.637
2.584
2.533
2.482
2.432
2.384
2.336
2.289
2.244
2.199
2.155
2.112
2.069
2.028
1.987
1.948
1.909
1.871
1.833
1.796
1.76
1.725
1.691
1.657
1.624
1.591
1.559
1.528
1.498
1.468
1.438
1.41
1.381
1.354
1.327
1.3
-3.0
1.249
1.224
1.199
-3.0
1.152
1.129
-3.0
1.084
1.062
1.041
-3.0
1.0
0.98
0.96
-3.0
0.922
0.904
0.886
0.868
-3.0
0.833
0.817
0.8
-3.0
0.769
0.753
0.738
0.723
-3.0
0.695
0.681
0.667
0.654
0.641
-3.0
0.615
0.603
0.591
0.579
0.568
-3.0
0.545
0.534
0.523
0.59
0.698
0.809
0.919
1.027
1.133
1.238
1.342
1.444
1.545
1.549
1.518
1.488
1.458
1.429
1.4
1.372
1.345
1.318
1.291
1.265
1.24
1.215
1.191
1.167
1.144
1.121
1.099
1.077
1.055
1.034
1.013
0.993
0.973
0.888
0.756
0.626
0.497
0.37
0.245
0.122
0.0
-0.121
-0.239
-0.356
-0.472
-0.586
-0.698
-0.809
-0.917
-1.017
-1.103
-1.187
-1.269
-1.562
-1.847
-2.122
-2.39
-2.65
-2.901
-3.146
-3.383
-3.612
-3.835
-4.051
-4.261
-4.46
-4.62
-4.768
-4.913
-5.055
-5.189
-5.319
-5.446
-5.568
-5.755
-5.945
-6.126
-5.942
-5.764
-5.591
-5.423
-5.26
-5.102
-4.949
-4.801
-4.657
-4.517
-4.382
-4.25
-4.123
-3.999
-3.879
-3.763
-3.65
-3.54
-3.434
-3.331
-3.231
-3.134
-3.04
-2.949
-2.861
-2.775
-2.692
-2.611
-2.533
-2.457
-2.383
-2.312
-2.242
-2.175
-2.11
-2.046
-1.985
-1.945
-1.906
-1.868
-1.831
-1.794
-1.758
-1.723
-1.689
-1.655
-1.622
-1.48
-1.34
-1.202
-1.066
-0.932
-0.799
-0.671
-0.557
-0.444
-0.334
-0.253
-0.193
-0.132
-0.072
-0.015
0.044
0.101
0.158
0.214
0.269
0.324
0.378
0.431
0.483
0.535
0.569
0.599
0.631
0.662
0.693
0.728
0.762
0.846
0.955
1.063
1.169
1.273
1.377
1.479
1.579
1.678
1.768
1.732
1.698
1.664
1.63
1.598
1.566
1.535
1.504
1.474
1.444
1.415
1.387
1.359
1.332
1.305
1.279
1.254
1.229
1.204
1.18
1.156
1.133
1.111
1.088
1.067
1.045
1.024
1.004
0.984
0.964
0.945
0.926
0.907
0.889
0.871
0.854
0.837
0.82
0.804
0.788
0.772
0.756
0.741
0.726
0.712
0.698
0.684
0.67
0.657
0.643
0.631
0.618
0.606
0.593
0.582
0.57
0.559
0.547
0.521
0.393
0.268
0.144
0.022
-0.098
-0.217
-0.335
-0.328
-0.321
-0.315
-0.309
-0.303
-0.297
-0.291
-0.285
-0.279
-0.274
-0.268
-0.263
-0.257
-0.252
-0.247
-0.242
-0.238
-0.233
-0.228
-0.224
-0.219
-0.215
-0.21
-0.206
-0.202
-0.198
-0.194
-0.19
-0.187
-0.183
-0.179
-0.176
-0.172
-0.169
-0.165
-0.162
-0.159
-0.183
-0.27
-0.377
-0.484
-0.59
-0.678
-0.665
-0.651
-0.638
-0.626
-0.613
-0.601
-0.589
-0.577
-0.566
-0.554
-0.543
-0.532
-0.522
-0.511
-0.501
-0.491
-0.481
-0.472
-0.462
-0.453
-0.444
-0.435
-0.426
-0.418
-0.409
-0.401
-0.393
-0.385
-0.378
-0.37
-0.363
-0.356
-0.348
-0.341
-0.335
-0.328
-0.321
-0.315
-0.309
-0.303
-0.296
-0.291
-0.285
-0.279
-0.274
-0.268
-0.263
-0.257
-0.252
-0.247
-0.242
-0.238
-0.233
-0.228
-0.224
-0.219
-0.215
-0.21
-0.206
-0.202
-0.198
-0.194
-0.19
-0.186
-0.183
-0.179
-0.176
-0.172
-0.169
-0.165
-0.162
-0.159
-0.156
-0.152
-0.149
-0.146
-0.144
-0.141
-0.138
-0.135
-0.132
-0.13
-0.127
-0.125
-0.122
-0.12
-0.117
-0.115
-0.113
-0.11
-0.108
-0.106
-0.104
-0.102
-0.1
-0.098
-0.096
-0.094
-0.092
-0.09
-0.089
-0.087
-0.085
-0.083
-0.082
-0.08
-0.079
-0.077
-0.075
-0.074
-0.072
-0.071
-0.07
-0.068
-0.067
-0.066
-0.064
-0.063
-0.062
-0.06
-0.059
-0.058
-0.057
-0.056
-0.055
-0.054
-0.053
-0.051
-0.05
-0.048
-0.047
-0.045
-0.044
-0.043
-0.041
-0.04
-0.039
-0.038
-0.037
-0.036
-0.035
-0.033
-0.032
-0.032
-0.031
-0.03
-0.029
-0.028
-0.027
-0.026
-0.026
-0.025
-0.024
-0.023
-0.023
-0.022
-0.021
-0.021
-0.02
-0.02
-0.019
-0.018
-0.018
-0.017
-0.017
-0.016
-0.016
-0.015
-0.015
-0.015
-0.014
-0.014
-0.013
-0.013
-0.013
-0.012
-0.012
-0.012
-0.011
-0.011
-0.011
-0.01
-0.01
-0.01
-0.009
-0.009
-0.009
-0.009
-0.008
-0.008
-0.008
-0.008
-0.008
-0.008
-0.008
-0.007
-0.007
-0.007
-0.007
-0.007
-0.007
-0.007
-0.007
-0.006
-0.006
-0.006
-0.006
-0.006
-0.006
-0.006
-0.006
-0.006
-0.005
-0.005
-0.005
-0.005
-0.005
-0.005
-0.005
0.115
0.234
0.351
0.467
0.581
0.693
0.804
0.914
1.022
1.128
1.233
1.337
1.439
1.54
1.64
1.738
1.835
1.931
2.026
2.119
2.211
2.302
2.391
2.479
2.567
2.652
2.737
2.821
2.904
2.985
3.048
2.987
2.927
2.869
2.811
2.755
2.7
2.646
2.593
2.541
2.49
2.441
2.392
2.344
2.385
2.425
2.478
2.531
2.583
2.633
2.682
2.728
2.716
2.662
2.609
2.557
2.506
2.455
2.406
2.358
2.311
2.265
2.219
2.175
2.132
2.089
2.047
2.006
2.016
2.047
2.088
2.128
2.177
2.248
2.338
2.427
2.515
2.602
2.687
2.771
2.837
2.78
2.724
2.67
2.616
2.564
2.513
2.462
2.55
2.636
2.721
2.805
2.888
2.969
3.05
3.13
3.208
3.285
3.362
3.437
3.512
3.585
3.657
3.706
3.694
3.62
3.548
3.502
3.457
3.388
3.321
3.278
3.236
3.194
3.159
3.124
3.089
3.027
2.967
2.907
2.849
2.792
2.736
2.682
2.628
2.575
2.524
2.473
2.424
2.375
2.328
2.281
2.236
2.191
2.147
2.104
2.062
2.021
1.98
1.941
1.902
1.864
1.827
1.79
1.754
1.719
1.685
1.651
1.618
1.586
1.554
1.523
1.492
1.463
1.433
1.405
1.376
1.349
1.322
1.296
1.27
1.244
1.219
1.195
1.171
1.148
1.125
1.102
1.08
1.058
1.037
1.016
0.996
0.976
0.957
0.938
0.919
0.9
0.882
0.865
0.847
0.83
0.814
0.798
0.782
0.766
0.751
0.736
0.721
0.706
0.692
0.678
0.665
0.652
0.639
0.626
0.613
0.601
0.589
0.577
0.566
0.554
0.543
0.532
0.522
0.511
0.501
0.491
0.481
0.471
0.462
0.453
0.444
0.435
0.426
0.418
0.409
0.401
0.393
0.385
0.377
0.37
0.362
0.355
0.348
0.341
0.334
0.328
0.321
0.315
0.308
0.302
0.296
0.29
0.284
0.279
0.273
0.268
0.262
0.257
0.252
0.367
0.483
0.596
0.709
0.819
0.929
1.037
1.143
1.248
1.351
1.394
1.367
1.339
1.312
1.286
1.26
1.235
1.211
1.186
1.218
1.322
1.425
1.526
1.626
1.724
1.821
1.917
2.012
2.105
2.197
2.262
2.217
2.173
2.129
2.087
2.045
2.004
1.964
1.925
1.886
1.848
1.811
1.775
1.74
1.705
1.671
1.637
1.605
1.572
1.541
1.51
1.48
1.45
1.421
1.393
1.365
1.338
1.311
1.285
1.259
1.234
1.209
1.185
1.161
1.138
1.115
1.093
1.071
1.05
1.029
1.008
0.988
0.968
0.949
0.93
0.911
0.893
0.875
0.858
0.84
0.824
0.807
0.791
0.775
0.76
0.744
0.729
0.715
0.701
0.687
0.673
0.659
0.646
0.633
0.621
0.608
0.596
0.584
0.572
0.561
0.55
0.539
0.528
0.517
0.507
0.497
0.487
0.477
0.468
0.458
0.332
0.207
0.084
-0.037
-0.157
-0.275
-0.391
-0.384
-0.376
-0.368
-0.361
-0.354
-0.347
-0.34
-0.333
-0.326
-0.32
-0.314
-0.307
-0.423
-0.538
-0.651
-0.763
-0.873
-0.981
-1.088
-1.194
-1.298
-1.401
-1.503
-1.603
-1.702
-1.799
-1.896
-1.99
-2.084
-2.177
-2.268
-2.358
-2.447
-2.534
-2.621
-2.706
-2.79
-2.873
-2.955
-3.036
-3.115
-3.194
-3.272
-3.348
-3.424
-3.498
-3.428
-3.36
-3.293
-3.227
-3.162
-3.099
-3.037
-2.976
-2.917
-2.858
-2.801
-2.745
-2.69
-2.637
-2.584
-2.532
-2.482
-2.432
-2.383
-2.336
-2.289
-2.243
-2.198
-2.154
-2.111
-2.069
-2.028
-1.987
-1.947
-1.908
-1.87
-1.833
-1.796
-1.76
-1.725
-1.691
-1.657
-1.624
-1.591
-1.559
-1.528
-1.498
-1.468
-1.438
-1.41
-1.382
-1.354
-1.327
-1.3
-1.274
-1.249
-1.224
-1.199
-1.175
-1.152
-1.129
-1.106
-1.084
-1.063
-1.041
-1.02
-1.0
-0.98
-0.96
-0.941
-0.922
-0.904
-0.886
-0.868
-0.851
-0.834
-0.817
-0.801
-0.785
-0.769
-0.754
-0.739
-0.724
-0.71
-0.695
-0.681
-0.668
-0.654
-0.641
-0.617
-0.568
-0.516
-0.468
-0.42
-0.392
-0.384
-0.376
-0.369
-0.361
-0.354
-0.347
-0.34
-0.333
-0.327
-0.32
-0.314
-0.308
-0.301
-0.295
-0.29
-0.284
-0.278
-0.273
-0.267
-0.262
-0.257
-0.251
-0.246
-0.242
-0.237
-0.232
-0.227
-0.223
-0.218
-0.214
-0.21
-0.206
-0.201
-0.197
-0.193
-0.19
-0.186
-0.182
-0.178
-0.175
-0.171
-0.168
-0.165
-0.161
-0.158
-0.155
-0.112
0.01
0.13
0.248
0.365
0.481
0.595
0.707
0.818
0.927
1.035
1.141
1.118
1.096
1.074
1.052
1.031
1.011
0.991
0.971
0.951
0.98
1.087
1.193
1.297
1.4
1.501
1.602
1.7
1.771
1.736
1.701
1.667
1.634
1.601
1.569
1.537
1.507
1.477
1.447
1.418
1.39
1.491
1.592
1.691
1.788
1.885
1.98
2.024
1.984
1.944
1.905
1.867
1.83
1.793
1.757
1.722
1.688
1.654
1.621
1.588
1.556
1.525
1.495
1.471
1.45
1.429
1.406
1.368
1.315
1.254
1.173
1.069
0.955
0.824
0.693
0.564
0.436
0.427
0.419
0.41
0.402
0.394
0.386
0.378
0.371
0.363
0.356
0.349
0.342
0.335
0.328
0.322
0.315
0.309
0.303
0.297
0.291
0.285
0.161
0.039
-0.082
-0.201
-0.319
-0.435
-0.549
-0.662
-0.773
-0.883
-0.992
-1.091
-1.069
-1.047
-1.026
-1.006
-0.986
-0.966
-0.947
-0.928
-0.909
-0.891
-0.873
-0.856
-0.839
-0.822
-0.806
-0.789
-0.774
-0.758
-0.743
-0.728
-0.714
-0.699
-0.685
-0.672
-0.658
-0.645
-0.632
-0.62
-0.607
-0.595
-0.583
-0.572
-0.56
-0.549
-0.538
-0.527
-0.517
-0.506
-0.496
-0.486
-0.477
-0.467
-0.458
-0.449
-0.44
-0.431
-0.422
-0.414
-0.406
-0.397
-0.39
-0.382
-0.374
-0.367
-0.359
-0.352
-0.345
-0.338
-0.331
-0.325
-0.318
-0.312
-0.306
-0.3
-0.294
-0.288
-0.282
-0.276
-0.271
-0.266
-0.26
-0.255
-0.25
-0.245
-0.24
-0.235
-0.231
-0.226
-0.221
-0.217
-0.213
-0.208
-0.204
-0.2
-0.196
-0.192
-0.188
-0.185
-0.181
-0.177
-0.174
-0.17
-0.167
-0.164
-0.16
-0.157
-0.154
-0.151
-0.148
-0.145
-0.142
-0.139
-0.137
-0.134
-0.131
-0.129
-0.126
-0.123
-0.121
-0.119
-0.116
-0.114
-0.112
-0.109
-0.107
-0.105
-0.103
0.019
0.138
0.257
0.374
0.489
0.603
0.715
0.76
0.745
0.73
0.716
0.701
0.687
0.673
0.66
0.647
0.634
0.621
0.609
0.597
0.671
0.782
0.892
1.0
1.107
1.212
1.316
1.419
1.44
1.411
1.383
1.355
1.328
1.301
1.275
1.25
1.225
1.2
1.176
1.153
1.175
1.28
1.383
1.485
1.585
1.684
1.782
1.878
1.908
1.87
1.833
1.796
1.76
1.725
1.691
1.657
1.624
1.591
1.559
1.528
1.497
1.468
1.438
1.409
1.381
1.354
1.326
1.3
1.274
1.248
1.223
1.199
1.175
1.151
1.128
1.106
1.084
1.062
1.041
1.02
1.0
0.98
0.96
0.941
0.922
0.903
0.885
0.868
0.85
0.833
0.817
0.8
0.784
0.769
0.753
0.738
0.723
0.834
0.943
1.051
1.157
1.262
1.365
1.467
1.568
1.667
1.765
1.862
1.957
2.051
2.144
2.236
2.326
2.415
2.503
2.59
2.657
2.604
2.552
2.501
2.451
2.402
2.354
2.307
2.261
2.216
2.171
2.128
2.085
2.043
2.003
1.963
1.923
1.885
1.847
1.81
1.774
1.738
1.704
1.67
1.636
1.603
1.571
1.54
1.509
1.479
1.449
1.42
1.392
1.364
1.337
1.31
1.284
1.258
1.233
1.208
1.184
1.16
1.137
1.16
1.265
1.368
1.47
1.571
1.67
1.768
1.864
1.96
2.054
2.147
2.238
2.329
2.418
2.506
2.593
2.678
2.763
2.846
2.928
3.009
3.09
3.169
3.246
3.323
3.399
3.474
3.548
3.616
3.606
3.534
3.463
3.394
3.326
3.26
3.194
3.13
3.068
3.006
2.946
2.887
2.83
2.773
2.718
2.663
2.61
2.558
2.507
2.456
2.407
2.359
2.312
2.266
2.22
2.176
2.132
2.09
2.048
2.007
1.967
1.927
1.889
1.851
1.814
1.778
1.742
1.707
1.673
1.64
1.607
1.575
1.543
1.512
1.482
1.452
1.423
1.395
1.367
1.34
1.313
1.287
1.261
1.236
1.211
1.187
1.163
1.14
1.117
1.095
1.073
1.051
1.03
1.01
0.989
0.97
0.95
0.931
0.912
0.894
0.876
0.859
0.842
0.825
0.808
0.792
0.776
0.761
0.745
0.731
0.716
0.702
0.688
0.674
0.66
0.647
0.634
0.621
0.609
0.597
0.585
0.573
0.562
0.55
0.539
0.529
0.518
0.508
0.498
0.488
0.478
0.468
0.459
0.45
0.441
0.432
0.423
0.415
0.406
0.398
0.39
0.382
0.375
0.367
0.466
0.58
0.693
0.804
0.913
1.021
1.128
1.233
1.337
1.439
1.54
1.64
1.738
1.835
1.931
2.025
2.118
2.21
2.301
2.391
2.479
2.566
2.652
2.669
2.615
2.563
2.512
2.462
2.412
2.364
2.317
2.27
2.225
2.181
2.137
2.094
2.052
2.011
1.971
1.932
1.893
1.855
1.818
1.782
1.746
1.711
1.677
1.643
1.61
1.578
1.547
1.516
1.485
1.456
1.426
1.398
1.37
1.343
1.316
1.289
1.264
1.238
1.213
1.189
1.165
1.142
1.119
1.097
1.075
1.053
1.032
1.012
0.991
0.972
0.952
0.933
0.914
0.896
0.878
0.861
0.843
0.827
0.81
0.794
0.778
0.762
0.747
0.732
0.717
0.703
0.689
0.675
0.662
0.648
0.635
0.623
0.61
0.598
0.586
0.574
0.563
0.552
0.541
0.53
0.519
0.509
0.499
0.489
0.479
0.469
0.46
0.451
0.442
0.433
0.424
0.416
0.407
0.399
0.391
0.383
0.376
0.368
0.361
0.354
0.346
0.339
0.333
0.326
0.319
0.313
0.307
0.301
0.295
0.289
0.283
0.277
0.272
0.266
0.261
0.256
0.251
0.246
0.241
0.236
0.231
0.226
0.222
0.217
0.213
0.209
0.205
0.201
0.197
0.193
0.189
0.185
0.181
0.178
0.174
0.171
0.167
0.164
0.16
0.157
0.154
0.151
0.148
0.145
0.142
0.139
0.136
0.134
0.131
0.128
0.126
0.123
0.121
0.118
0.116
0.114
0.111
0.109
0.107
0.105
0.103
0.101
0.099
0.183
0.301
0.417
0.532
0.645
0.756
0.866
0.975
1.082
1.188
1.164
1.141
1.118
1.096
1.074
1.052
1.031
1.011
0.99
0.971
1.078
1.184
1.288
1.391
1.493
1.593
1.692
1.79
1.886
1.981
2.075
2.167
2.124
2.082
2.04
1.999
1.959
1.92
1.882
1.844
1.807
1.771
1.867
1.963
2.057
2.15
2.241
2.331
2.421
2.508
2.595
2.681
2.765
2.849
2.931
3.012
3.092
3.171
3.249
3.326
3.259
3.194
3.13
3.068
3.006
2.946
2.887
2.829
2.773
2.717
2.663
2.61
2.557
2.506
2.456
2.407
2.359
2.312
2.265
2.22
2.176
2.132
2.09
2.048
2.007
1.967
1.927
1.889
1.851
1.814
1.778
1.742
1.707
1.673
1.64
1.607
1.575
1.543
1.512
1.482
1.452
1.423
1.395
1.367
1.34
1.313
1.287
1.261
1.236
1.211
1.187
1.163
1.14
1.117
1.094
1.073
1.051
1.03
1.009
0.989
0.969
0.95
0.931
0.912
0.894
0.876
0.859
0.842
0.825
0.808
0.792
0.776
0.761
0.745
0.73
0.716
0.702
0.688
0.674
0.601
0.177
-0.234
-0.633
-1.02
-1.395
-1.759
-2.111
-2.454
-2.786
-3.108
-3.421
-3.724
-4.018
-4.303
-4.58
-4.848
-4.702
-4.561
-4.425
-4.292
-4.163
-4.038
-3.917
-3.8
-3.686
-3.575
-3.468
-3.364
-3.263
-3.165
-3.07
-2.978
-2.889
-2.802
-2.537
-2.093
-1.625
-1.17
-0.73
-0.302
0.113
0.515
0.864
1.019
0.989
0.959
0.93
0.902
0.875
0.849
0.823
0.799
0.775
0.751
0.729
0.707
0.686
0.665
0.645
0.626
0.607
0.595
0.583
0.571
0.56
0.549
0.538
0.527
0.516
0.506
0.496
0.486
0.476
0.467
0.457
0.448
0.439
0.43
0.422
0.413
0.405
0.397
0.389
0.381
0.374
0.366
0.359
0.352
0.345
0.338
0.331
0.324
0.318
0.311
0.305
0.299
0.293
0.287
0.281
0.276
0.27
0.265
0.26
0.254
0.249
0.244
0.239
0.235
0.23
0.225
0.221
0.216
0.212
0.208
0.204
0.199
0.195
0.192
0.188
0.184
0.18
0.177
0.173
0.17
0.166
0.163
0.16
0.156
0.153
0.15
0.147
0.144
0.141
0.139
0.136
0.133
0.13
0.128
0.125
0.123
0.12
0.118
0.115
0.113
0.111
0.109
0.106
0.104
0.102
0.1
0.098
0.096
0.094
0.092
0.09
0.089
0.087
0.085
0.083
0.082
0.08
0.078
0.077
0.075
0.074
0.072
0.071
0.069
0.068
0.067
0.065
0.064
0.063
0.061
0.06
0.156
0.274
0.39
0.505
0.619
0.731
0.841
0.95
1.058
1.164
1.269
1.372
1.474
1.574
1.543
1.512
1.482
1.452
1.423
1.394
1.367
1.339
1.312
1.286
1.26
1.235
1.211
1.186
1.163
1.139
1.117
1.094
1.095
1.139
1.228
1.332
1.435
1.536
1.635
1.635
1.602
1.57
1.538
1.508
1.478
1.448
1.419
1.391
1.487
1.587
1.686
1.784
1.88
1.976
2.069
2.162
2.253
2.344
2.433
2.52
2.607
2.692
2.777
2.86
2.942
3.023
3.103
3.182
3.259
3.273
3.207
3.143
3.08
3.019
2.958
2.899
2.841
2.784
2.728
2.812
2.895
2.977
3.057
3.137
3.215
3.292
3.369
3.444
3.518
3.591
3.664
3.735
3.806
3.875
3.944
4.011
4.078
4.144
4.209
4.273
4.336
4.398
4.46
4.521
4.581
4.64
4.698
4.756
4.812
4.868
4.924
4.978
5.032
5.085
5.138
5.035
4.934
4.835
4.739
4.644
4.551
4.46
4.371
4.283
4.198
4.114
4.031
3.951
3.872
3.794
3.718
3.644
3.571
3.5
3.43
3.361
3.294
3.228
3.163
3.1
3.038
2.977
2.918
2.859
2.802
2.746
2.691
2.637
2.585
2.533
2.482
2.433
2.384
2.312
2.243
2.176
2.11
2.047
1.986
1.926
1.868
1.812
1.758
1.705
1.654
1.604
1.556
1.509
1.464
1.42
1.378
1.336
1.296
1.257
1.22
1.183
1.147
1.113
1.08
1.047
1.016
0.985
0.956
0.927
0.899
0.872
0.846
0.821
0.796
0.772
0.749
0.726
0.705
0.683
0.663
0.932
1.31
1.676
2.032
2.376
2.711
3.035
3.35
3.655
3.951
4.238
4.517
4.787
5.049
5.303
5.55
5.789001
6.021
6.246
6.283
6.319
6.355
6.391
6.426
6.460001
6.494
6.518
6.497
6.367
6.239
6.115
5.992
5.873
5.755
5.64
5.527
5.417
5.308
5.202
5.098
4.996
4.896
4.798
4.702
4.608
4.516
4.426
4.337
4.25
4.165
4.082
4.0
3.92
3.842
3.765
3.69
3.616
3.544
3.473
3.403
3.335
3.269
3.203
3.139
3.076
3.015
2.954
2.895
2.837
2.781
2.725
2.671
2.617
2.565
2.488
2.413
2.341
2.271
2.202
2.136
2.072
2.01
1.95
1.891
1.834
1.779
1.726
1.674
1.624
1.575
1.528
1.482
1.438
1.394
1.353
1.312
1.273
1.234
1.197
1.161
1.127
1.093
1.06
1.028
0.997
0.967
0.938
0.91
0.883
0.856
0.831
0.806
0.782
0.758
0.735
0.713
0.692
0.671
0.651
0.631
0.612
0.594
0.576
0.559
0.542
0.526
0.51
0.495
0.48
0.465
0.451
0.438
0.425
0.412
0.4
0.392
0.384
0.376
0.369
0.361
0.354
0.347
0.34
0.333
0.326
0.32
