0.707107
0.707065
0.706947
0.706764
0.706528
0.706246
0.705926
0.705576
0.705201
0.704807
0.704399
0.70398
0.703555
0.703125
0.702694
0.702265
0.701838
0.701417
0.701001
0.700593
0.700193
0.699802
0.69942
0.699049
0.698688
0.698338
0.697999
0.697671
0.697354
0.697048
0.696753
0.696469
0.696195
0.695932
0.695679
0.695437
0.695204
0.69498
0.694766
0.694561
0.694365
0.694177
0.693997
0.693825
0.69366
0.693503
0.693353
0.69321
0.693073
0.692942
0.692818
0.692699
0.692585
0.692477
0.692374
0.692275
0.692182
0.692092
0.692007
0.691926
0.691849
0.691776
0.691706
0.691639
0.691576
0.691515
0.691458
0.691403
0.691351
0.691301
0.691254
0.691209
0.691167
0.691126
0.691088
0.691051
0.691016
0.690983
0.690951
0.690921
0.690893
0.690866
0.69084
0.690815
0.690792
0.69077
0.690749
0.690729
0.69071
0.690692
0.690674
0.690658
0.690642
0.690628
0.690614
0.6906
0.690588
0.690576
0.690564
0.690553
0.690543
0.690533
0.690524
0.690515
0.690506
0.690498
0.690491
0.690484
0.690477
0.69047
0.690464
0.690458
0.690452
0.690447
0.690442
0.690437
0.690433
0.690428
0.690424
0.69042
0.690417
0.690413
0.69041
0.690407
0.690404
0.690401
0.690398
0.690395
0.690393
0.69039
0.690388
0.690386
0.690384
0.690382
0.69038
0.690379
0.690377
0.690375
0.690374
0.690373
0.690371
0.69037
0.690369
0.690368
0.690366
0.690365
0.690364
0.690363
0.690363
0.690362
0.690361
0.69036
0.690359
0.690359
0.690358
0.690358
0.690357
0.690356
0.690356
0.690355
0.690355
0.690354
0.690354
0.690354
0.690353
0.690353
0.690352
0.690352
0.690352
0.690352
0.690351
0.690351
0.690351
0.69035
0.69035
0.69035
0.69035
0.69035
0.690349
0.690349
0.690349
0.690349
0.690349
0.690349
0.690349
0.690349
0.690349
0.690349
0.690349
0.690349
0.690349
0.690349
0.690349
0.690349
0.690349
0.690349
0.690349
0.690349
0.690349
0.690349
0.690349
0.690349
0.690349
0.690349
0.690349
0.690349
0.690349
0.690349
0.690349
0.690349
0.690349
0.690349
0.690349
0.690349
0.690349
0.688638
0.686937
0.685253
0.683592
0.681958
0.680356
0.678789
0.67726
0.675771
0.674324
0.672919
0.671559
0.669899
0.667943
0.665694
0.663155
0.660328
0.657214
0.653813
0.650128
0.646157
0.6419
0.637357
0.632527
0.627408
0.622
0.616301
0.610308
0.604021
0.597437
0.590553
0.583368
0.57588
0.568085
0.559982
0.551569
0.542842
0.533801
0.524443
0.514765
0.504767
0.494445
0.4838
0.472828
0.46153
0.449904
0.437949
0.437674
0.437414
0.437166
0.43693
0.436705
0.436492
0.439343
0.442009
0.444504
0.446839
0.449026
0.451075
0.452995
0.454796
0.456485
0.458071
0.45956
0.460959
0.462273
0.463509
0.464671
0.465764
0.466793
0.467762
0.468675
0.469535
0.470345
0.471109
0.47183
0.47251
0.473152
0.473757
0.474329
0.474869
0.47538
0.475862
0.476318
0.474047
0.471423
0.468451
0.465134
0.461476
0.457482
0.453153
0.448493
0.443503
0.438185
0.432541
0.426572
0.42028
0.413664
0.406726
0.399466
0.391884
0.383982
0.375758
0.367214
0.358349
0.349164
0.33966
0.329837
0.319694
0.309234
0.298456
0.287362
0.275952
0.264229
0.252192
0.239846
0.22719
0.214227
0.200961
0.187393
0.173526
0.159365
0.16174
0.163982
0.166099
0.168099
0.169988
0.171773
0.173459
0.175053
0.17656
0.177985
0.179333
0.180608
0.181814
0.182955
0.184035
0.185057
0.186025
0.186941
0.187808
0.18863
0.189408
0.190145
0.190844
0.191505
0.192133
0.192727
0.19329
0.193825
0.194331
0.194811
0.195266
0.195698
0.196107
0.196495
0.196864
0.197213
0.197545
0.197859
0.19578
0.19332
0.190485
0.187277
0.183699
0.179756
0.17545
0.170783
0.16576
0.160383
0.154654
0.148577
0.142155
0.135389
0.128284
0.120841
0.113063
0.104953
0.096514
0.08775
0.078662
0.069253
0.059528
0.04949
0.039142
0.028488
0.017532
0.006278
0.005779
0.005304
0.006854
0.008367
0.009838
0.011267
0.012654
0.013997
0.015295
0.016549
0.01776
0.018926
0.02005
0.02113
0.022169
0.023167
0.024125
0.025044
0.025925
0.02677
0.02535
0.023991
0.022691
0.022727
0.022863
0.023083
0.023375
0.023726
0.024127
0.024569
0.025043
0.025543
0.026062
0.026596
0.027139
0.027688
0.028239
0.030625
0.032963
0.03525
0.03748
0.03965
0.041758
0.043802
0.045782
0.047696
0.049544
0.051326
0.053044
0.054697
0.056287
0.057814
0.057222
0.05665
0.056098
0.055567
0.055055
0.054564
0.054091
0.053638
0.053203
0.052786
0.052386
0.052003
0.051636
0.051285
0.050949
0.050628
0.050321
0.050028
0.049748
0.04948
0.049225
0.048981
0.048749
0.048527
0.048315
0.048113
0.047921
0.047738
0.047563
0.047396
0.047238
0.047087
0.046943
0.046806
0.048981
0.051046
0.053007
0.054869
0.056637
0.058316
0.05991
0.061424
0.06286
0.064224
0.06552
0.066749
0.067916
0.069025
0.070077
0.071075
0.072024
0.072924
0.071524
0.070191
0.06892
0.067709
0.066556
0.065458
0.064413
0.063418
0.06247
0.061569
0.060711
0.059894
0.059117
0.058378
0.057676
0.057007
0.056371
0.055766
0.055191
0.054644
0.051793
0.049076
0.046487
0.04402
0.04167
0.039434
0.037304
0.035277
0.033349
0.031514
0.029768
0.028108
0.026529
0.025027
0.0236
0.022242
0.020952
0.019725
0.018559
0.019847
0.02107
0.022231
0.023333
0.024381
0.025375
0.02632
0.027216
0.028068
0.028877
0.029644
0.030374
0.031067
0.031724
0.032349
0.032942
0.033505
0.036415
0.039174
0.04179
0.044269
0.046618
0.048846
0.050957
0.052958
0.054855
0.056653
0.058357
0.059973
0.061505
0.062957
0.064334
0.06564
0.066878
0.068052
0.069166
0.067936
0.066766
0.065652
0.064592
0.063584
0.062624
0.061712
0.060844
0.060018
0.059233
0.058487
0.057777
0.057102
0.05646
0.05585
0.05527
0.054718
0.054194
0.053696
0.053222
0.052772
0.052344
0.051937
0.051551
0.051184
0.050835
0.050503
0.050188
0.049888
0.049603
0.049333
0.049076
0.048831
0.048599
0.048379
0.048169
0.04797
0.047781
0.047601
0.047431
0.047269
0.047114
0.046968
0.046829
0.046697
0.046571
0.046452
0.046339
0.046231
0.04848
0.050612
0.052632
0.054547
0.056363
0.058084
0.059715
0.061262
0.062728
0.064118
0.065436
0.066686
0.067872
0.068995
0.070061
0.071072
0.072031
0.072941
0.073804
0.074622
0.075399
0.076135
0.076834
0.077497
0.078127
0.078724
0.079291
0.079829
0.08034
0.080824
0.081284
0.08172
0.082135
0.082528
0.082901
0.083256
0.083592
0.083912
0.084215
0.084503
0.084777
0.085037
0.085283
0.085518
0.08574
0.085951
0.086152
0.086342
0.086523
0.086695
0.086858
0.087013
0.08716
0.0873
0.087432
0.087558
0.087678
0.087792
0.0879
0.088003
0.0881
0.088193
0.088281
0.088364
0.088444
0.088519
0.088591
0.088659
0.088724
0.088785
0.088844
0.088899
0.088952
0.089002
0.089049
0.089094
0.089137
0.089178
0.089217
0.089254
0.089289
0.089322
0.089354
0.089384
0.089412
0.089439
0.089465
0.089489
0.087307
0.085225
0.083238
0.081343
0.077286
0.072933
0.068282
0.06333
0.058079
0.052527
0.046675
0.040523
0.034074
0.027327
0.020285
0.01295
0.005322
-0.002596
-0.010801
-0.019292
-0.028066
-0.037121
-0.046454
-0.056061
-0.065941
-0.076089
-0.086502
-0.097177
-0.108109
-0.119295
-0.13073
-0.14241
-0.143339
-0.14422
-0.145053
-0.143693
-0.142395
-0.141156
-0.139974
-0.138847
-0.137772
-0.136747
-0.135769
-0.134838
-0.133951
-0.133106
-0.132301
-0.131535
-0.130805
-0.127844
-0.125007
-0.12229
-0.119691
-0.117205
-0.114829
-0.112558
-0.11039
-0.10832
-0.106344
-0.104459
-0.102662
-0.100948
-0.099314
-0.097757
-0.098719
-0.099631
-0.100496
-0.101317
-0.102095
-0.102834
-0.103534
-0.104198
-0.104828
-0.105426
-0.10839
-0.111188
-0.113829
-0.116323
-0.118677
-0.1209
-0.123001
-0.124984
-0.126859
-0.12863
-0.130304
-0.131887
-0.133383
-0.134798
-0.136136
-0.137402
-0.1386
-0.137536
-0.136522
-0.135555
-0.134634
-0.133756
-0.13292
-0.132124
-0.131366
-0.130644
-0.129956
-0.129302
-0.128679
-0.128086
-0.125239
-0.122513
-0.119904
-0.117409
-0.115023
-0.112744
-0.110567
-0.108489
-0.106506
-0.107017
-0.107503
-0.107964
-0.108402
-0.108817
-0.109212
-0.109586
-0.109941
-0.110278
-0.110598
-0.110902
-0.11119
-0.111464
-0.111724
-0.111971
-0.112205
-0.112428
-0.112639
-0.11284
-0.11303
-0.113211
-0.113383
-0.113546
-0.113701
-0.113848
-0.113988
-0.11412
-0.114246
-0.114366
-0.11448
-0.114587
-0.11469
-0.114787
-0.11488
-0.117315
-0.119614
-0.121785
-0.123836
-0.125774
-0.127605
-0.129335
-0.130971
-0.132517
-0.133979
-0.135361
-0.134449
-0.13358
-0.132753
-0.131965
-0.131214
-0.130499
-0.129819
-0.126899
-0.124102
-0.121424
-0.118863
-0.116413
-0.114072
-0.111835
-0.109699
-0.10766
-0.105715
-0.103859
-0.102089
-0.100401
-0.098793
-0.099701
-0.100563
-0.10138
-0.102155
-0.10289
-0.103587
-0.104249
-0.104876
-0.105471
-0.106036
-0.106572
-0.107081
-0.107563
-0.108021
-0.108456
-0.108869
-0.10926
-0.109632
-0.109984
-0.110319
-0.110637
-0.113309
-0.115831
-0.118213
-0.120462
-0.122586
-0.124593
-0.126489
-0.12828
-0.129974
-0.131574
-0.133087
-0.134518
-0.135871
-0.137151
-0.138362
-0.139508
-0.140592
-0.139436
-0.138333
-0.137282
-0.136279
-0.135324
-0.134414
-0.133547
-0.132721
-0.131934
-0.131184
-0.130471
-0.127524
-0.1247
-0.121996
-0.11941
-0.116936
-0.114571
-0.112312
-0.110155
-0.108095
-0.106129
-0.10666
-0.107164
-0.107642
-0.108096
-0.108527
-0.108935
-0.109323
-0.109692
-0.110041
-0.110373
-0.110688
-0.110987
-0.111271
-0.111541
-0.111796
-0.11204
-0.11227
-0.112489
-0.112697
-0.112895
-0.113082
-0.11326
-0.113429
-0.113589
-0.113742
-0.113886
-0.114024
-0.114154
-0.114278
-0.114396
-0.114508
-0.114614
-0.114715
-0.114811
-0.114902
-0.114989
-0.115071
-0.115149
-0.115223
-0.115293
-0.11536
-0.115423
-0.115484
-0.115541
-0.115595
-0.115647
-0.115696
-0.115743
-0.115787
-0.115829
-0.115869
-0.115907
-0.115943
-0.115977
-0.11601
-0.116041
-0.11607
-0.116098
-0.116125
-0.11615
-0.116174
-0.116196
-0.116218
-0.116238
-0.116258
-0.116277
-0.116294
-0.116311
-0.116327
-0.116342
-0.116356
-0.116369
-0.116382
-0.116395
-0.116406
-0.116417
-0.116428
-0.116438
-0.116447
-0.116456
-0.116465
-0.116473
-0.116481
-0.116488
-0.116495
-0.116502
-0.116508
-0.116514
-0.11652
-0.116525
-0.11653
-0.116535
-0.116539
-0.116544
-0.116548
-0.113726
-0.110542
-0.106997
-0.103095
-0.098837
-0.094226
-0.089266
-0.083958
-0.078306
-0.072312
-0.06598
-0.059311
-0.05231
-0.044978
-0.037319
-0.029336
-0.021032
-0.012411
-0.003476
0.00577
0.015323
0.013764
0.012283
0.010875
0.009538
0.008267
0.007059
0.005911
0.004821
0.003785
0.002801
0.001865
0.000977
0.000133
-0.000669
-0.00143
-0.002154
-0.002841
-0.003494
-0.004114
-0.004704
-0.005263
-0.005795
-0.0063
-0.00678
-0.007235
-0.007668
-0.00808
-0.00847
-0.008841
-0.009194
-0.009529
-0.009847
-0.010149
-0.010436
-0.010708
-0.010967
-0.011213
-0.011447
-0.011669
-0.01188
-0.01208
-0.012271
-0.012451
-0.012623
-0.012786
-0.012941
-0.013088
-0.013228
-0.01336
-0.013486
-0.013606
-0.013719
-0.013828
-0.01393
-0.014028
-0.01412
-0.014208
-0.014292
-0.014371
-0.014447
-0.014518
-0.014586
-0.014651
-0.014712
-0.014771
-0.014826
-0.014879
-0.014928
-0.014976
-0.015021
-0.015064
-0.015104
-0.015143
-0.01518
-0.015215
-0.015247
-0.015279
-0.015309
-0.015337
-0.015364
-0.015389
-0.015413
-0.015436
-0.015458
-0.015479
-0.015499
-0.015517
-0.015535
-0.015552
-0.015568
-0.015583
-0.015597
-0.015611
-0.015624
-0.015636
-0.015648
-0.015659
-0.01567
-0.01568
-0.015689
-0.015698
-0.015707
-0.015715
-0.015723
-0.01573
-0.015737
-0.015743
-0.01575
-0.015756
-0.015761
-0.015767
-0.015772
-0.015776
-0.015781
-0.015785
-0.015789
-0.012954
-0.009765
-0.006224
-0.002331
0.001911
0.006501
0.011436
0.016713
0.015918
0.015163
0.014445
0.013763
0.013115
0.012499
0.011914
0.011359
0.01083
0.010329
0.009852
0.009399
0.008969
0.00856
0.008172
0.007803
0.007452
0.00712
0.006803
0.006503
0.006217
0.005946
0.005689
0.005444
0.005211
0.00499
0.004781
0.004581
0.004392
0.004212
0.004041
0.003879
0.003725
0.003578
0.003439
0.003307
0.003182
0.003062
0.002949
0.002841
0.002739
0.002642
0.00255
0.002462
0.005216
0.008327
0.011792
0.01561
0.01978
0.024298
0.029163
0.034372
0.039923
0.045812
0.052037
0.058594
0.06548
0.072691
0.080224
0.088075
0.09624
0.104715
0.113495
0.122577
0.131955
0.141625
0.151581
0.150089
0.148663
0.147301
0.146001
0.14476
0.143576
0.142447
0.141369
0.140342
0.139363
0.13843
0.137541
0.136694
0.138588
0.140867
0.14353
0.146572
0.14999
0.15378
0.157938
0.16246
0.167342
0.17258
0.178168
0.184103
0.190378
0.19699
0.203932
0.2112
0.218787
0.226689
0.234898
0.24341
0.252217
0.261313
0.270692
0.280346
0.290268
0.300451
0.310886
0.309468
0.308096
0.306772
0.305494
0.304262
0.303077
0.301937
0.303151
0.304764
0.30677
0.309165
0.311943
0.315099
0.318627
0.322523
0.326779
0.331391
0.336351
0.341654
0.347292
0.35326
0.35955
0.366155
0.373068
0.380282
0.387789
0.39558
0.403648
0.411985
0.420581
0.429429
0.438519
0.447843
0.45739
0.467151
0.477117
0.487276
0.497618
0.508134
0.518812
0.52964
0.540608
0.551704
0.562915
0.57423
0.585636
0.59712
0.608669
0.62027
0.631909
0.643574
0.65525
0.666922
0.678577
0.690199
0.701775
0.713288
0.724724
0.736067
0.747302
0.758414
0.769385
0.780201
0.790845
0.801301
0.811553
0.821585
0.831379
0.840921
0.850192
0.859178
0.867862
0.876226
0.884255
0.885279
0.886157
0.886905
0.887537
0.888069
0.88851
0.888873
0.889165
0.889397
0.889575
0.889706
0.889796
0.889851
0.889875
0.889873
0.889849
0.889805
0.889745
0.88967
0.889585
0.889491
0.889388
0.88928
0.889168
0.889051
0.889521
0.890114
0.890832
0.891677
0.891619
0.891547
0.891464
0.891372
0.891273
0.891167
0.891057
0.890944
0.890828
0.890711
0.890593
0.890476
0.890359
0.890754
0.891261
0.891883
0.892625
0.893487
0.894469
0.895572
0.896792
0.898129
0.90119
0.904152
0.907038
0.909867
0.912653
0.91541
0.918147
0.920872
0.923591
0.926306
0.92902
0.931733
0.934443
0.937148
0.939844
0.942525
0.945186
0.94782
0.950418
0.952973
0.955476
0.957916
0.960284
0.962568
0.964758
0.966841
0.968807
0.970642
0.972334
0.973871
0.975239
0.976113
0.976681
0.976939
0.976886
0.978288
0.979475
0.980474
0.981305
0.981989
0.982542
0.982981
0.98332
0.983572
0.983748
0.983857
0.983909
0.983912
0.983872
0.983796
0.98369
0.983558
0.983405
0.983234
0.983049
0.982853
0.982648
0.982437
0.982221
0.982003
0.981783
0.981563
0.981344
0.981127
0.980913
0.980702
0.980495
0.980293
0.980095
0.979903
0.979715
0.979533
0.979357
0.979186
0.979021
0.978968
0.978782
0.978482
0.978085
0.977608
0.977065
0.976468
0.975827
0.975151
0.97445
0.97373
0.972997
0.972258
0.971516
0.970775
0.970039
0.969311
0.968594
0.967889
0.967197
0.966522
0.965863
0.965221
0.964597
0.963992
0.963406
0.962839
0.962291
0.961762
0.961251
0.96076
0.960287
0.959832
0.961298
0.962623
0.965442
0.967807
0.969769
0.971377
0.972673
0.973694
0.974475
0.975046
0.975434
0.975663
0.975756
0.975729
0.975602
0.975388
0.975102
0.974755
0.974357
0.973918
0.973445
0.972947
0.972428
0.971895
0.971352
0.970802
0.970251
0.9697
0.970313
0.970863
0.971356
0.971798
0.972195
0.972551
0.973594
0.974375
0.974926
0.975277
0.975456
0.975484
0.975385
0.975177
0.974876
0.974496
0.974052
0.973555
0.973014
0.972438
0.971835
0.971213
0.970577
0.971003
0.97139
0.971742
0.97206
0.97235
0.972612
0.972851
0.97375
0.974426
0.974907
0.975219
0.975383
0.975421
0.975351
0.975187
0.974945
0.974636
0.974271
0.973861
0.973414
0.972937
0.972437
0.97192
0.97139
0.970852
0.970311
0.970853
0.97134
0.971777
0.972977
0.973895
0.974567
0.975023
0.975292
0.9754
0.975369
0.975219
0.974967
0.974631
0.974222
0.973754
0.973238
0.972682
0.972095
0.971485
0.970858
0.971256
0.971618
0.971946
0.972245
0.972515
0.972761
0.972985
0.973846
0.974489
0.974941
0.975228
0.975372
0.975392
0.975306
0.975129
0.974876
0.974558
0.974187
0.974327
0.974452
0.974564
0.974664
0.974752
0.974832
0.974902
0.974964
0.97502
0.974751
0.974435
0.974079
0.973686
0.97326
0.972804
0.972316
0.971799
0.971249
0.970665
0.970044
0.969381
0.968673
0.967915
0.967099
0.966221
0.965274
0.964249
0.96314
0.961939
0.960637
0.959225
0.957696
0.956039
0.957487
0.960529
0.963106
0.965271
0.967071
0.968549
0.969744
0.970689
0.971416
0.971953
0.972322
0.971954
0.971453
0.970831
0.970097
0.969257
0.968316
0.967278
0.966146
0.964921
0.963602
0.96219
0.960682
0.959075
0.957366
0.955551
0.953625
0.951583
0.949418
0.947125
0.944697
0.942126
0.939405
0.936526
0.933481
0.930262
0.926861
0.923268
0.919475
0.915473
0.911254
0.906808
0.902125
0.897198
0.892018
0.886574
0.880858
0.874862
0.868577
0.861993
0.855104
0.847899
0.840372
0.832515
0.82432
0.815779
0.806885
0.797632
0.788014
0.778022
0.767654
0.756902
0.745762
0.734228
0.722298
0.709966
0.697229
0.684085
0.670531
0.656566
-0.642187
-0.627394
-0.612185
-0.596563
-0.580527
-0.583576
-0.586412
-0.589053
-0.591513
-0.596663
-0.601346
-0.605604
-0.609476
-0.612997
-0.616199
-0.619112
-0.621762
-0.624173
-0.626367
-0.628363
-0.630181
-0.631836
-0.633344
-0.634717
-0.63597
-0.637111
-0.638153
-0.639103
-0.639969
-0.640761
-0.641484
-0.642145
-0.642749
-0.643302
-0.643808
-0.644271
-0.644695
-0.645084
-0.64544
-0.645767
-0.646068
-0.646344
-0.646597
-0.64683
-0.647045
-0.647242
-0.647424
-0.647592
-0.647747
-0.64789
-0.648022
-0.648144
-0.648257
-0.648361
-0.648458
-0.648547
-0.64863
-0.648708
-0.648779
-0.648845
-0.648907
-0.648965
-0.649018
-0.649068
-0.648642
-0.64818
-0.647011
-0.645669
-0.644184
-0.642584
-0.640895
-0.639137
-0.640358
-0.641856
-0.643629
-0.645676
-0.647995
-0.650582
-0.653434
-0.656547
-0.659915
-0.659396
-0.658879
-0.658366
-0.65786
-0.65736
-0.65687
-0.65639
-0.657063
-0.657676
-0.658235
-0.658746
-0.659212
-0.659637
-0.660025
-0.66038
-0.660705
-0.661002
-0.661273
-0.660764
-0.660248
-0.65973
-0.659212
-0.658696
-0.658185
-0.657681
-0.657184
-0.656698
-0.656222
-0.655756
-0.655303
-0.654863
-0.654435
-0.654021
-0.653619
-0.653231
-0.652856
-0.652495
-0.652147
-0.651811
-0.651489
-0.651179
-0.650881
-0.650595
-0.65032
-0.650057
-0.649805
-0.649564
-0.649333
-0.649112
-0.6489
-0.648698
-0.648505
-0.64832
-0.648144
-0.647975
-0.647814
-0.647661
-0.647515
-0.647375
-0.647242
-0.647115
-0.646994
-0.646878
-0.646768
-0.648307
-0.649706
-0.650979
-0.652136
-0.653189
-0.654147
-0.65502
-0.655814
-0.656538
-0.657198
-0.657799
-0.658348
-0.658848
-0.659305
-0.658789
-0.658277
-0.658783
-0.658272
-0.656675
-0.654998
-0.65326
-0.651479
-0.64967
-0.647846
-0.646018
-0.644196
-0.642389
-0.640602
-0.638843
-0.637116
-0.635425
-0.633772
-0.632162
-0.630596
-0.629074
-0.629953
-0.630779
-0.631554
-0.632282
-0.632967
-0.635768
-0.638312
-0.640623
-0.642722
-0.64463
-0.646363
-0.647939
-0.649372
-0.650674
-0.651859
-0.652937
-0.653918
-0.654811
-0.655624
-0.656365
-0.65704
-0.657655
-0.658217
-0.657712
-0.657215
-0.656728
-0.656251
-0.655785
-0.655331
-0.65489
-0.653149
-0.651366
-0.649555
-0.64773
-0.645903
-0.644082
-0.644108
-0.644134
-0.644158
-0.644181
-0.644203
-0.644224
-0.644244
-0.644262
-0.64428
-0.644297
-0.644313
-0.644328
-0.644343
-0.644356
-0.644369
-0.644382
-0.644394
-0.644405
-0.644415
-0.644425
-0.644435
-0.644444
-0.644453
-0.644461
-0.644469
-0.644476
-0.644483
-0.64449
-0.644496
-0.644502
-0.644508
-0.644513
-0.644518
-0.644523
-0.646267
-0.647851
-0.649292
-0.650601
-0.651793
-0.652877
-0.653863
-0.654761
-0.655579
-0.656324
-0.657002
-0.656519
-0.656047
-0.655587
-0.655138
-0.654702
-0.654279
-0.65387
-0.653473
-0.65309
-0.652721
-0.652364
-0.65202
-0.65169
-0.651372
-0.651066
-0.650773
-0.650491
-0.650221
-0.649962
-0.649714
-0.649477
-0.649249
-0.649032
-0.648824
-0.648625
-0.648435
-0.649823
-0.651084
-0.652232
-0.653276
-0.654227
-0.655092
-0.65588
-0.656598
-0.657252
-0.657849
-0.658393
-0.658889
-0.659342
-0.658825
-0.658313
-0.657807
-0.657308
-0.656819
-0.65634
-0.655872
-0.655416
-0.654972
-0.654541
-0.654123
-0.652361
-0.650564
-0.648746
-0.646919
-0.645093
-0.643277
-0.64148
-0.639706
-0.637963
-0.636253
-0.634582
-0.63513
-0.635647
-0.636133
-0.636592
-0.637024
-0.639453
-0.641659
-0.643664
-0.645485
-0.647141
-0.648646
-0.650014
-0.651258
-0.65239
-0.65342
-0.654358
-0.655211
-0.655989
-0.656697
-0.657342
-0.657931
-0.658468
-0.65796
-0.657459
-0.656967
-0.656484
-0.656013
-0.655553
-0.655106
-0.654671
-0.654249
-0.65384
-0.652071
-0.65027
-0.648449
-0.646622
-0.644438
-0.641911
-0.639048
-0.635858
-0.632349
-0.628526
-0.624394
-0.619959
-0.615222
-0.610188
-0.604858
-0.599233
-0.593315
-0.587104
-0.5806
-0.573804
-0.566714
-0.55933
-0.55165
-0.543674
-0.5354
-0.526826
-0.517951
-0.508774
-0.499292
-0.489505
-0.479411
-0.469007
-0.458294
-0.447269
-0.435931
-0.424281
-0.412316
-0.414654
-0.416845
-0.418899
-0.420827
-0.422636
-0.424335
-0.42593
-0.427429
-0.428838
-0.430164
-0.43141
-0.432584
-0.433689
-0.434729
-0.435709
-0.436633
-0.440351
-0.444234
-0.448294
-0.452542
-0.456987
-0.461637
-0.466498
-0.471573
-0.476866
-0.482378
-0.48811
-0.494063
-0.500234
-0.506623
-0.513226
-0.520041
-0.527062
-0.534287
-0.54171
-0.549326
-0.557127
-0.565109
-0.573263
-0.581582
-0.59006
-0.58939
-0.587559
-0.585654
-0.583698
-0.581706
-0.579694
-0.577675
-0.57566
-0.573659
-0.575746
-0.578069
-0.580632
-0.583439
-0.586492
-0.589791
-0.593337
-0.597127
-0.60116
-0.605434
-0.609945
-0.614688
-0.61966
-0.624855
-0.630266
-0.635889
-0.641716
-0.64774
-0.653953
-0.660348
-0.666916
-0.673649
-0.680537
-0.687571
-0.694742
-0.702039
0.709452
0.71697
0.724582
0.732278
0.740045
0.747872
0.747523
0.74692
0.746102
0.745103
0.743955
0.742685
0.741316
0.73987
0.741102
0.742539
0.744182
0.746035
0.748097
0.750367
0.752844
0.755524
0.758404
0.761481
0.764748
0.768202
0.771836
0.775643
0.779616
0.783748
0.788031
0.792457
0.797016
0.8017
0.806499
0.811403
0.816402
0.821486
0.826644
0.831865
0.837137
0.84245
0.847791
0.853148
0.858509
0.863861
0.869192
0.874489
0.87974
0.884929
0.890046
0.895075
0.900003
0.904817
0.909503
0.914046
0.918434
0.922651
0.926684
0.930519
0.934141
0.937536
0.940691
0.943591
0.946222
0.94857
0.950622
0.952363
0.95378
0.95486
0.955588
0.955953
0.955941
0.95554
0.954736
0.953518
0.951874
0.949793
0.947262
0.949566
0.951656
0.953553
0.955273
0.956835
0.958253
0.95954
0.962335
0.964691
0.966659
0.968285
0.969608
0.970665
0.971489
0.972109
0.97255
0.972837
0.972989
0.972984
0.97298
0.972976
0.972971
0.972967
0.972963
0.972959
0.972955
0.972951
0.972947
0.972943
0.97294
0.972936
0.972933
0.972929
0.972926
0.972923
0.97292
0.972917
0.972915
0.972912
0.972909
0.972907
0.972905
0.972902
0.9729
0.972898
0.972896
0.972621
0.972203
0.971655
0.970987
0.970206
0.969319
0.96833
0.967242
0.966058
0.964778
0.963401
0.961927
0.960352
0.958675
0.95689
0.954994
0.952982
0.950847
0.948584
0.946185
0.943645
0.940955
0.938109
0.935097
0.931912
0.928545
0.924988
0.921232
0.917268
0.913088
0.908681
0.90404
0.899155
0.894018
0.888618
0.882948
0.876998
0.87076
0.864225
0.857384
0.85023
0.842753
0.834947
0.826804
0.818316
0.809476
0.800277
0.790712
0.780776
0.770462
0.759766
0.748681
0.737203
0.725328
0.713052
0.700371
0.687283
0.673784
0.659873
0.645549
0.63081
0.615655
0.600085
0.584101
0.587144
0.589975
0.59261
0.595064
0.597351
0.599483
0.601471
0.603328
0.605061
0.60668
0.608194
0.60961
0.610935
0.612176
0.613338
0.614427
0.615448
0.619104
0.622821
0.62662
0.630516
0.634525
0.638657
0.642921
0.647326
0.651877
0.656579
0.661433
0.666442
0.671606
0.676924
0.682393
0.688013
0.693778
0.699685
0.705729
0.711904
0.718203
0.72462
0.731148
0.737778
0.744501
0.751311
0.758196
0.765148
0.772155
0.779209
0.786297
0.793409
0.800534
0.80766
0.814774
0.821865
0.828921
0.835927
0.842872
0.849742
0.856525
0.863205
0.869771
0.876207
0.8825
0.888636
0.8946
0.900379
0.905957
0.911321
0.916457
0.921349
0.925983
0.930345
0.934421
0.938196
0.941655
0.944785
0.947572
0.950002
0.95206
0.953704
0.955173
0.956484
0.957655
0.958698
0.959628
0.960455
0.961191
0.961844
0.963312
0.964438
0.965203
0.965641
0.965782
0.965651
0.965272
0.964662
0.963838
0.96341
0.962896
0.962312
0.96167
0.960982
0.960257
0.959505
0.961125
0.962527
0.963735
0.964773
0.965657
0.966407
0.967036
0.96756
0.967991
0.96834
0.968617
0.968831
0.96899
0.970422
0.971541
0.972386
0.972992
0.975084
0.976825
0.978256
0.979413
0.980331
0.981037
0.981559
0.981919
0.98214
0.98224
0.982236
0.982142
0.981972
0.981023
0.98005
0.979059
0.97806
0.977998
0.977875
0.977701
0.977484
0.977231
0.977486
0.977486
0.977269
0.976867
0.976308
0.975617
0.974818
0.97562
0.97625
0.97673
0.97708
0.977314
0.977449
0.977499
0.977474
0.977386
0.977245
0.978207
0.978974
0.979577
0.980044
0.980396
0.980653
0.98083
0.98094
0.980991
0.980992
0.980948
0.980862
0.980735
0.980568
0.980359
0.980107
0.979806
0.979454
0.979045
0.978572
0.978029
0.977408
0.976703
0.975903
0.975002
0.973988
0.974561
0.975061
0.975495
0.975871
0.976195
0.976474
0.976712
0.976913
0.977083
0.977225
0.977341
0.977436
0.977512
0.977571
0.977615
0.976959
0.976274
0.975562
0.974827
0.974068
0.973286
0.972479
0.971644
0.97078
0.969882
0.968946
0.967967
0.96694
0.965858
0.964714
0.963503
0.962216
0.963361
0.964397
0.965333
0.96618
0.966946
0.967638
0.968265
0.968832
0.969345
0.969809
0.971244
0.972392
0.973287
0.973961
0.974443
0.974757
0.974925
0.974968
0.974904
0.974747
0.974512
0.974211
0.973856
0.973455
0.973603
0.973733
0.973848
0.973949
0.974037
0.974114
0.974182
0.97424
0.97429
0.974334
0.974371
0.974403
0.974429
0.974452
0.97447
0.974592
0.974567
0.974417
0.974161
0.973814
0.973392
0.972906
0.973023
0.973129
0.973225
0.973313
0.973394
0.973468
0.973535
0.973597
0.973653
0.973705
0.973752
0.973796
0.974168
0.974389
0.97448
0.974459
0.974342
0.974144
0.973875
0.973549
0.973175
0.972762
0.972317
0.971847
0.972147
0.972416
0.972655
0.972869
0.973059
0.973229
0.973379
0.973513
0.973631
0.973737
0.97383
0.973912
0.973984
0.974048
0.974104
0.974153
0.974197
0.974234
0.974267
0.974295
0.974319
0.974341
0.974358
0.974374
0.974387
0.974397
0.974406
0.974413
0.974419
0.974424
0.974427
0.97443
0.974432
0.974432
0.974433
0.974432
0.974432
0.974431
0.974429
0.974427
0.974425
0.974423
0.974421
0.974419
0.974416
0.974414
0.974411
0.974408
0.974406
0.974403
0.9744
0.974398
0.974395
0.974393
0.97439
0.974388
0.974386
0.974383
0.974381
0.974379
0.974377
0.974375
0.974373
0.974371
0.97437
0.974368
0.974366
0.974364
0.974363
0.974361
0.974427
0.974385
0.97425
0.974036
0.973756
0.97342
0.973038
0.972619
0.972169
0.971696
0.971205
0.971571
0.9719
0.972192
0.972454
0.972688
0.972896
0.973082
0.973247
0.973394
0.973524
0.97364
0.973743
0.973834
0.973914
0.973985
0.974048
0.974103
0.974151
0.974368
0.974427
0.974349
0.974154
0.973861
0.973484
0.973547
0.973605
0.973658
0.973707
0.973752
0.973793
0.973831
0.973866
0.973899
0.973928
0.973956
0.973981
0.974005
0.974274
0.974406
0.97442
0.974334
0.974161
0.973916
0.973609
0.973251
0.972851
0.972417
0.971955
0.971473
0.971812
0.972114
0.972384
0.972625
0.97284
0.973032
0.973203
0.973355
0.97349
0.973609
0.973716
0.97381
0.973893
0.973967
0.974031
0.974088
0.974138
0.974182
0.974221
0.974254
0.974283
0.974308
0.97433
0.974348
0.974364
0.974378
0.974389
0.974398
0.974406
0.974412
0.974417
0.974421
0.974424
0.974426
0.974427
0.974428
0.974428
0.974428
0.974427
0.974426
0.974424
0.974422
0.97442
0.974418
0.974416
0.974414
0.974412
0.974409
0.974407
0.974404
0.974402
0.974399
0.974397
0.974394
0.974392
0.97439
0.974388
0.974385
0.974383
0.974381
0.974379
0.974377
0.974375
0.974373
0.974167
0.973825
0.973357
0.972775
0.972087
0.971297
0.970412
0.969435
0.968368
0.96721
0.965962
0.964623
0.96319
0.96166
0.960029
0.958292
0.956445
0.954482
0.952396
0.950181
0.94783
0.945335
0.942688
0.939882
0.936908
0.933758
0.930422
0.926893
0.928573
0.930111
0.931518
0.932807
0.933988
0.935071
0.936064
0.936975
0.935996
0.93491
0.933717
0.932417
0.93101
0.929493
0.927865
0.926124
0.924266
0.922287
0.920183
0.917949
0.915582
0.913074
0.910421
0.907616
0.904653
0.901526
0.898228
0.894751
0.891088
0.887232
0.883176
0.878911
0.874431
0.869727
0.864791
0.859616
0.854194
0.848516
0.842576
0.836365
0.829875
0.8231
0.816031
0.808662
0.800984
0.792992
0.784677
0.776034
0.767056
0.757737
0.748071
0.738053
0.727677
0.730631
0.733364
0.735895
0.73824
0.740413
0.742429
0.7443
0.746037
0.747651
0.749152
0.750548
0.751848
0.753058
0.754186
0.755237
0.756218
0.757134
0.75799
0.758789
0.759537
0.760237
0.760892
0.759182
0.757207
0.754971
0.752477
0.749729
0.746727
0.743474
0.739969
0.736214
0.732207
0.727947
0.723433
0.718664
0.713637
0.708351
0.702801
0.696986
0.690902
0.684547
0.677915
0.671006
0.663813
0.656335
-0.648567
-0.640505
-0.632147
-0.623487
-0.614523
-0.605252
-0.595669
-0.585772
-0.575558
-0.565023
-0.554165
-0.542982
-0.531471
-0.51963
-0.507458
-0.494953
-0.482114
-0.468939
-0.45543
-0.441584
-0.427403
-0.412888
-0.398038
-0.382856
-0.367344
-0.370162
-0.372804
-0.37528
-0.377603
-0.379783
-0.381829
-0.383751
-0.385556
-0.387252
-0.388847
-0.390348
-0.39176
-0.393088
-0.394339
-0.395518
-0.396628
-0.397674
-0.398661
-0.399591
-0.400469
-0.401298
-0.402079
-0.402818
-0.403515
-0.404174
-0.404796
-0.405384
-0.40594
-0.406466
-0.404172
-0.401515
-0.398498
-0.395128
-0.391406
-0.387336
-0.382922
-0.378165
-0.373068
-0.367633
-0.361862
-0.355757
-0.349319
-0.342549
-0.335448
-0.328019
-0.320261
-0.312176
-0.303764
-0.295027
-0.285966
-0.276582
-0.266876
-0.256849
-0.246502
-0.235838
-0.224858
-0.213564
-0.201957
-0.19004
-0.177815
-0.165286
-0.152455
-0.139325
-0.125901
-0.112185
-0.098182
-0.083897
-0.069334
-0.054498
-0.039395
-0.024031
-0.008412
-0.010625
-0.012726
-0.014721
-0.016615
-0.018414
-0.020121
-0.021742
-0.02328
-0.024741
-0.026127
-0.027444
-0.028693
-0.02988
-0.028602
-0.027388
-0.026233
-0.025136
-0.024092
-0.023101
-0.022159
-0.026086
-0.02981
-0.033339
-0.036684
-0.039855
-0.042858
-0.045704
-0.048401
-0.050956
-0.053376
-0.055669
-0.057842
-0.059901
-0.061851
-0.063699
-0.065451
-0.06711
-0.068683
-0.070174
-0.071587
-0.072927
-0.074196
-0.0754
-0.076541
-0.077623
-0.074093
-0.069922
-0.06625
-0.063028
-0.060207
-0.057746
-0.055606
-0.053753
-0.052155
-0.050785
-0.049616
-0.049081
-0.048862
-0.049823
-0.050659
-0.051384
-0.052011
-0.052548
-0.053008
-0.053398
-0.053727
-0.054197
-0.054127
-0.054063
-0.054005
-0.053953
-0.053907
-0.053864
-0.053533
-0.053243
-0.053203
-0.053074
-0.052958
-0.052856
-0.052764
-0.052684
-0.052612
-0.052549
-0.052492
-0.052443
-0.052399
-0.052361
-0.052327
-0.052298
-0.052272
-0.05225
-0.05223
-0.052213
-0.052199
-0.052187
-0.052176
-0.052167
-0.05216
-0.052153
-0.052148
-0.052144
-0.05214
-0.052138
-0.052136
-0.052134
-0.052134
-0.052133
-0.052133
-0.052133
-0.052134
-0.052134
-0.052135
-0.052136
-0.052138
-0.052139
-0.05214
-0.052142
-0.052143
-0.052145
-0.052146
-0.052148
-0.052149
-0.052151
-0.052152
-0.052154
-0.052155
-0.052157
-0.052158
-0.052159
-0.052161
-0.052162
-0.052163
-0.052164
-0.052165
-0.052166
-0.052167
-0.052168
-0.05217
-0.05217
-0.052171
-0.052172
-0.052173
-0.052174
-0.052174
-0.052175
-0.052176
-0.052177
-0.052177
-0.052178
-0.052178
-0.052178
-0.052179
-0.052179
-0.052179
-0.049856
-0.04764
-0.045526
-0.043511
-0.041591
-0.039761
-0.038018
-0.036358
-0.034777
-0.033272
-0.03184
-0.030476
-0.029178
-0.030329
-0.031423
-0.032462
-0.033449
-0.034387
-0.035278
-0.036124
-0.036928
-0.037691
-0.038417
-0.039106
-0.039761
-0.040383
-0.040973
-0.041535
-0.042068
-0.042574
-0.043055
-0.043512
-0.043946
-0.044358
-0.04475
-0.045122
-0.045475
-0.045811
-0.046129
-0.046432
-0.04672
-0.046993
-0.047252
-0.047499
-0.047733
-0.047956
-0.048167
-0.046001
-0.043939
-0.041975
-0.040107
-0.038329
-0.036638
-0.035028
-0.033498
-0.032042
-0.030657
-0.029341
-0.028089
-0.026899
-0.025768
-0.027099
-0.028363
-0.029564
-0.030703
-0.031785
-0.032812
-0.033787
-0.034713
-0.035592
-0.036426
-0.037218
-0.03797
-0.038685
-0.039363
-0.040007
-0.040618
-0.041198
-0.04175
-0.042273
-0.04277
-0.043242
-0.04369
-0.044116
-0.04452
-0.044904
-0.045268
-0.045614
-0.045943
-0.046255
-0.046552
-0.046833
-0.047101
-0.047355
-0.047596
-0.047825
-0.048043
-0.048249
-0.048445
-0.048632
-0.048809
-0.048977
-0.049137
-0.049289
-0.049432
-0.049569
-0.049699
-0.049823
-0.04994
-0.050051
-0.050157
-0.050257
-0.050353
-0.050443
-0.050529
-0.050611
-0.050689
-0.050763
-0.050833
-0.050899
-0.050963
-0.051023
-0.05108
-0.051134
-0.051185
-0.051234
-0.048917
-0.046712
-0.044611
-0.042613
-0.04071
-0.0389
-0.037178
-0.03554
-0.033982
-0.032501
-0.033491
-0.034431
-0.035324
-0.036171
-0.036976
-0.03774
-0.038466
-0.039154
-0.039808
-0.040429
-0.041019
-0.041578
-0.04211
-0.042614
-0.043094
-0.043548
-0.04398
-0.044391
-0.044781
-0.045151
-0.045502
-0.045836
-0.046153
-0.046454
-0.046739
-0.047011
-0.047269
-0.047514
-0.047746
-0.047967
-0.048177
-0.048376
-0.048565
-0.048745
-0.048915
-0.049077
-0.049231
-0.052216
-0.055538
-0.059198
-0.063196
-0.067531
-0.072201
-0.077204
-0.08254
-0.088205
-0.094197
-0.100513
-0.107151
-0.114107
-0.121377
-0.128959
-0.136848
-0.145041
-0.153532
-0.162319
-0.171395
-0.180756
-0.190398
-0.200314
-0.210499
-0.220947
-0.231653
-0.24261
-0.25381
-0.265248
-0.276917
-0.288808
-0.300913
-0.313226
-0.325737
-0.338437
-0.351318
-0.36437
-0.377583
-0.390948
-0.404455
-0.418091
-0.431847
-0.445712
-0.459673
-0.458607
-0.457554
-0.456518
-0.455501
-0.454507
-0.455355
-0.456586
-0.458195
-0.460175
-0.462521
-0.465227
-0.468287
-0.471693
-0.475439
-0.47952
-0.483926
-0.488651
-0.493688
-0.499028
-0.504663
-0.510586
-0.516788
-0.52326
-0.529993
-0.536978
-0.544207
-0.551669
-0.559354
-0.567253
-0.575356
-0.583652
-0.59213
-0.600779
-0.609589
-0.618548
-0.627644
-0.636865
-0.6462
-0.655637
-0.665162
-0.674763
-0.684427
-0.69414
-0.70389
0.713663
0.723444
0.73322
0.742977
0.7527
0.762375
0.771987
0.78152
0.790961
0.800292
0.809501
0.81857
0.827485
0.836229
0.844788
0.853144
0.861284
0.86919
0.876848
0.877803
0.878617
0.879305
0.879883
0.880363
0.880756
0.881074
0.881136
0.881384
0.881813
0.88242
0.8832
0.884146
0.885254
0.886517
0.887928
0.889481
0.891167
0.892979
0.894908
0.896946
0.899084
0.901313
0.903623
0.906004
0.908446
0.91094
0.913473
0.916036
0.918618
0.921207
0.923791
0.926359
0.928899
0.931399
0.933847
0.936231
0.938538
0.940755
0.94287
0.94487
0.946743
0.948475
0.950053
0.951464
0.952696
0.954451
0.956021
0.957426
0.958682
0.959803
0.960805
0.961698
0.962494
0.963202
0.963833
0.964393
0.96489
0.965331
0.964898
0.964459
0.964018
0.963576
0.963136
0.9627
0.962269
0.961845
0.961429
0.961022
0.960624
0.960236
0.959859
0.959493
0.959137
0.960808
0.962275
0.96356
0.964682
0.96566
0.966509
0.967244
0.967877
0.968419
0.968881
0.969272
0.9696
0.969873
0.970097
0.970278
0.970421
0.970532
0.970613
0.97067
0.970704
0.97072
0.970719
0.970705
0.970678
0.970642
0.970597
0.970545
0.970488
0.970425
0.970359
0.970291
0.97022
0.970147
0.970074
0.970001
0.969927
0.972008
0.973888
0.975586
0.978861
0.981619
0.983918
0.985812
0.98735
0.988573
0.989521
0.990023
0.9902
0.990097
0.989687
0.989228
0.988731
0.988202
0.98765
0.987079
0.986496
0.985905
0.98531
0.984714
0.984122
0.983534
0.982954
0.982382
0.981822
0.981273
0.980737
0.980285
0.979754
0.979157
0.978507
0.977815
0.977091
0.976342
0.976116
0.975882
0.975642
0.975399
0.975153
0.974907
0.974661
0.974417
0.974176
0.973938
0.973705
0.973477
0.973253
0.973035
0.972823
0.972617
0.972417
0.972185
0.971822
0.971349
0.970783
0.97014
0.969436
0.968682
0.967888
0.967065
0.966221
0.965363
0.964498
0.96363
0.962764
0.961904
0.961054
0.960216
0.959393
0.961578
0.963402
0.964905
0.966196
0.967301
0.968245
0.96905
0.969734
0.970311
0.970794
0.971192
0.971515
0.971767
0.971953
0.972077
0.972138
0.972138
0.972074
0.971945
0.971747
0.971477
0.971893
0.972265
0.972597
0.972892
0.973155
0.973389
0.974178
0.974733
0.975084
0.975258
0.97528
0.975171
0.97495
0.974636
0.974241
0.973781
0.973266
0.973406
0.973534
0.973649
0.973754
0.97385
0.973937
0.974016
0.974517
0.974847
0.97503
0.975085
0.97503
0.974882
0.974654
0.974359
0.974008
0.973611
0.973176
0.97271
0.972222
0.971715
0.971195
0.971613
0.971987
0.972322
0.972622
0.97289
0.97373
0.974331
0.974723
0.974935
0.97499
0.974911
0.974718
0.974428
0.974461
0.974492
0.97452
0.974545
0.974569
0.974591
0.974611
0.974629
0.974646
0.97487
0.974961
0.974938
0.974817
0.974614
0.974339
0.974006
0.973624
0.973202
0.972748
0.972269
0.97177
0.972124
0.972441
0.972726
0.972979
0.973207
0.973409
0.97359
0.973752
0.973895
0.974024
0.974138
0.974239
0.974329
0.974409
0.974479
0.974542
0.974597
0.974646
0.974689
0.974726
0.974759
0.974788
0.974813
0.974835
0.974854
0.97487
0.974884
0.974896
0.974906
0.974915
0.974922
0.974928
0.974932
0.974936
0.974939
0.974941
0.974943
0.974944
0.974944
0.974944
0.974944
0.974943
0.974943
0.974941
0.97494
0.974939
0.974937
0.974936
0.974934
0.974932
0.974931
0.974929
0.974927
0.974925
0.974923
0.974921
0.97492
0.974918
0.974916
0.974914
0.974913
0.974911
0.97494
0.974864
0.974698
0.974456
0.974149
0.97379
0.973386
0.972947
0.972479
0.971989
0.971482
0.970964
0.970438
0.97093
0.971371
0.971767
0.972121
0.972438
0.972722
0.972976
0.973202
0.973405
0.973586
0.973747
0.973891
0.974019
0.974133
0.974235
0.974325
0.974405
0.974476
0.974538
0.974593
0.974642
0.974685
0.974723
0.974756
0.974785
0.97481
0.974832
0.974851
0.974868
0.974882
0.974894
0.974904
0.974913
0.97492
0.974926
0.974931
0.974935
0.974938
0.97494
0.974941
0.974943
0.974943
0.974943
0.974943
0.974943
0.974942
0.974941
0.97494
0.974938
0.974937
0.974935
0.974934
0.974932
0.97493
0.974928
0.974927
0.974925
0.974923
0.974921
0.97492
0.974918
0.974916
0.974915
0.974913
0.974911
0.97491
0.974908
0.974907
0.974905
0.974904
0.974903
0.974901
0.9749
0.974899
0.974898
0.974897
0.974896
0.974895
0.974894
0.974893
0.974892
0.974891
0.974891
0.97489
0.974889
0.974888
0.974888
0.974887
0.974886
0.974886
0.974885
0.974885
0.974884
0.974884
0.974883
0.974883
0.974882
0.974882
0.974882
0.974881
0.974881
0.974881
0.97488
0.97488
0.97488
0.974879
0.974879
0.974879
0.974944
0.974898
0.974759
0.974539
0.974251
0.973907
0.973516
0.973087
0.972627
0.972143
0.971641
0.971126
0.970602
0.970073
0.970603
0.971078
0.971504
0.971886
0.972227
0.972534
0.972807
0.973052
0.973271
0.973466
0.973641
0.973796
0.973935
0.974059
0.974168
0.974266
0.974352
0.974717
0.974905
0.97494
0.974844
0.974637
0.974335
0.973953
0.973505
0.973002
0.972454
0.972657
0.972842
0.97301
0.973164
0.973304
0.973431
0.973548
0.973654
0.973751
0.97384
0.973921
0.973995
0.974063
0.974125
0.974182
0.974234
0.974282
0.974326
0.974367
0.974404
0.974438
0.974469
0.974498
0.974524
0.974549
0.974572
0.974592
0.974612
0.97463
0.974646
0.974661
0.974675
0.974688
0.9747
0.974712
0.974722
0.974732
0.974741
0.974749
0.974757
0.974764
0.974771
0.974777
0.974919
0.974939
0.974856
0.974683
0.974436
0.974125
0.973762
0.973356
0.972914
0.972444
0.971952
0.971445
0.970926
0.9704
0.96987
0.969339
0.968811
0.969471
0.970062
0.970593
0.971069
0.971496
0.971879
0.972221
0.972528
0.972803
0.973048
0.973267
0.973463
0.973638
0.973794
0.973933
0.974057
0.974167
0.974265
0.974351
0.974428
0.974497
0.974557
0.97461
0.974657
0.974699
0.974735
0.974767
0.974795
0.974819
0.97484
0.974858
0.97492
0.974815
0.974559
0.974166
0.973646
0.973008
0.972259
0.971405
0.970449
0.969394
0.968241
0.96699
0.965639
0.964187
0.962631
0.960966
0.959189
0.957294
0.955276
0.953128
0.950844
0.948417
0.94584
0.943103
0.9402
0.937122
0.933861
0.930408
0.926753
0.922888
0.918804
0.91827
0.920087
0.921752
0.923277
0.922576
0.921901
0.921108
0.920199
0.919174
0.918031
0.91677
0.915386
0.91388
0.912246
0.910482
0.908584
0.906547
0.904366
0.902037
0.899555
0.896912
0.894105
0.891126
0.887969
0.884628
0.881094
0.877363
0.873426
0.869277
0.864907
0.860311
0.855479
0.850405
0.845081
0.8395
0.833655
0.827537
0.82114
0.814456
0.807477
0.800198
0.803068
0.805714
0.808155
0.810408
0.812489
0.814413
0.816192
0.817838
0.819362
0.820774
0.81951
0.818031
0.816336
0.814427
0.812304
0.809968
0.807416
0.804649
0.801663
0.798458
0.79503
0.791378
0.787496
0.783384
0.779036
0.774448
0.769617
0.764539
0.759208
0.75362
0.747771
0.741656
0.735269
0.728607
0.721664
0.714435
0.706915
0.699099
0.690984
0.682563
0.673833
0.664788
0.655426
0.645741
-0.63573
-0.625389
-0.614714
-0.603702
-0.606643
-0.605944
-0.604903
-0.607683
-0.606883
-0.605745
-0.604272
-0.602465
-0.600328
-0.597863
-0.59507
-0.597841
-0.600421
-0.605716
-0.610526
-0.614897
-0.618867
-0.622475
-0.625752
-0.62873
-0.631436
-0.633896
-0.636131
-0.638163
-0.640011
-0.641691
-0.643219
-0.64461
-0.645876
-0.647028
-0.648077
-0.649032
-0.649903
-0.650697
-0.650233
-0.649782
-0.649344
-0.648919
-0.648508
-0.646362
-0.64383
-0.640926
-0.637664
-0.634055
-0.630108
-0.625833
-0.621236
-0.616324
-0.611103
-0.605575
-0.599746
-0.593616
-0.58719
-0.580468
-0.57345
-0.566139
-0.558533
-0.550632
-0.542436
-0.533944
-0.525156
-0.516069
-0.506683
-0.496997
-0.487009
-0.476718
-0.466122
-0.455221
-0.444013
-0.432498
-0.420674
-0.408542
-0.3961
-0.383349
-0.370288
-0.356918
-0.343239
-0.329253
-0.314961
-0.300363
-0.285463
-0.270263
-0.272679
-0.274952
-0.279829
-0.284365
-0.288585
-0.292513
-0.296169
-0.299575
-0.302748
-0.305706
-0.308464
-0.311038
-0.313439
-0.315682
-0.312913
-0.309776
-0.306275
-0.302414
-0.298199
-0.293632
-0.288718
-0.28346
-0.277861
-0.271923
-0.265649
-0.259043
-0.252105
-0.244838
-0.237244
-0.229325
-0.221083
-0.21252
-0.203637
-0.194437
-0.184922
-0.175092
-0.164952
-0.154503
-0.143746
-0.132686
-0.121324
-0.109664
-0.097708
-0.08546
-0.072924
-0.060103
-0.047001
-0.033622
-0.035631
-0.037538
-0.039346
-0.041061
-0.042689
-0.044233
-0.045698
-0.047088
-0.048407
-0.049658
-0.050845
-0.051972
-0.053041
-0.054055
-0.055018
-0.055931
-0.059202
-0.062297
-0.065702
-0.069419
-0.07345
-0.077797
-0.082459
-0.087438
-0.092732
-0.09834
-0.104261
-0.110494
-0.117036
-0.123885
-0.131039
-0.138493
-0.137601
-0.136751
-0.135941
-0.13517
-0.134436
-0.133736
-0.13307
-0.132437
-0.131833
-0.131259
-0.130713
-0.130193
-0.129698
-0.129228
-0.126484
-0.123858
-0.121346
-0.118944
-0.116648
-0.114454
-0.11236
-0.110361
-0.108453
-0.106633
-0.104897
-0.103242
-0.101665
-0.100162
-0.101183
-0.102151
-0.103069
-0.10394
-0.104765
-0.105548
-0.106291
-0.106995
-0.107663
-0.108297
-0.108898
-0.109469
-0.11001
-0.110524
-0.111011
-0.111474
-0.111913
-0.112329
-0.112725
-0.1131
-0.113456
-0.113794
-0.114115
-0.11442
-0.114709
-0.114984
-0.115244
-0.117856
-0.120321
-0.122648
-0.124845
-0.12692
-0.12888
-0.130732
-0.132482
-0.134135
-0.135698
-0.137175
-0.138572
-0.137676
-0.136823
-0.13601
-0.135235
-0.134497
-0.133795
-0.133126
-0.13249
-0.131884
-0.131307
-0.130759
-0.130237
-0.12974
-0.129267
-0.128818
-0.12839
-0.127984
-0.127597
-0.127229
-0.126879
-0.126546
-0.12623
-0.125929
-0.125643
-0.125371
-0.125112
-0.124867
-0.124633
-0.124411
-0.1242
-0.123999
-0.123808
-0.123627
-0.123455
-0.123291
-0.123135
-0.122987
-0.122847
-0.122713
-0.122586
-0.122465
-0.122351
-0.122242
-0.122138
-0.12204
-0.121946
-0.121857
-0.121773
-0.121693
-0.121617
-0.121544
-0.121475
-0.12141
-0.121348
-0.121289
-0.123562
-0.125708
-0.127736
-0.130123
-0.132869
-0.135974
-0.139435
-0.14325
-0.147417
-0.151933
-0.156795
-0.162
-0.167543
-0.173422
-0.179633
-0.18617
-0.193031
-0.200209
-0.207701
-0.215501
-0.223605
-0.232006
-0.240699
-0.249678
-0.258937
-0.268471
-0.278271
-0.288331
-0.298645
-0.309204
-0.320001
-0.331029
-0.342279
-0.353742
-0.36541
-0.377274
-0.389325
-0.401552
-0.400337
-0.399149
-0.397991
-0.396866
-0.395772
-0.394712
-0.393685
-0.392692
-0.391733
-0.390809
-0.389917
-0.389059
-0.388233
-0.38744
-0.388914
-0.39075
-0.392944
-0.395493
-0.398393
-0.40164
-0.405229
-0.409155
-0.413413
-0.417997
-0.422902
-0.428122
-0.433649
-0.439479
-0.445603
-0.452014
-0.458706
-0.46567
-0.472899
-0.480384
-0.488118
-0.496091
-0.504295
-0.512721
-0.521359
-0.530201
-0.539235
-0.548452
-0.557842
-0.567394
-0.577096
-0.586939
-0.596909
-0.606997
-0.617189
-0.627474
-0.63784
-0.648274
-0.647865
-0.647416
-0.646936
-0.646431
-0.645906
-0.645369
-0.644822
-0.64427
-0.643717
-0.643165
-0.643952
-0.645049
-0.646454
-0.648161
-0.650167
-0.652466
-0.655053
-0.657921
-0.657413
-0.656895
-0.655479
-0.653941
-0.652306
-0.650597
-0.648834
-0.647031
-0.645205
-0.643369
-0.641531
-0.639703
-0.637891
-0.636103
-0.634344
-0.632618
-0.63093
-0.629282
-0.627676
-0.626116
-0.626923
-0.627682
-0.628396
-0.629066
-0.629697
-0.630291
-0.63085
-0.633473
-0.635857
-0.638024
-0.639993
-0.641784
-0.643412
-0.644894
-0.646241
-0.647467
-0.648583
-0.6496
-0.650525
-0.651369
-0.652137
-0.652838
-0.653478
-0.654061
-0.654594
-0.65508
-0.655524
-0.655931
-0.656302
-0.656642
-0.656953
-0.657238
-0.657499
-0.657739
-0.657958
-0.65816
-0.658345
-0.658515
-0.658026
-0.657521
-0.657006
-0.656483
-0.655956
-0.655429
-0.654905
-0.654385
-0.653871
-0.653365
-0.652869
-0.652383
-0.650677
-0.648916
-0.647115
-0.64529
-0.643453
-0.641615
-0.639786
-0.637974
-0.636184
-0.634423
-0.632696
-0.631006
-0.631523
-0.63201
-0.632469
-0.632902
-0.63331
-0.633695
-0.634059
-0.634402
-0.634726
-0.635031
-0.63532
-0.635593
-0.635852
-0.636096
-0.636326
-0.636545
-0.636751
-0.636946
-0.637131
-0.637306
-0.637472
-0.637628
-0.637777
-0.637917
-0.63805
-0.638177
-0.638296
-0.638409
-0.638516
-0.638618
-0.638715
-0.638806
-0.638893
-0.638975
-0.639053
-0.639127
-0.639197
-0.639264
-0.639327
-0.639386
-0.639443
-0.639497
-0.639548
-0.639597
-0.639643
-0.639687
-0.639728
-0.639767
-0.639805
-0.63984
-0.639874
-0.637699
-0.635189
-0.63235
-0.629191
-0.625717
-0.621933
-0.617844
-0.613453
-0.608763
-0.603776
-0.598493
-0.592915
-0.587044
-0.58088
-0.574421
-0.567668
-0.56062
-0.553277
-0.545636
-0.537696
-0.529457
-0.520916
-0.512072
-0.502924
-0.493469
-0.483707
-0.473635
-0.463252
-0.452558
-0.44155
-0.430228
-0.418592
-0.40664
-0.394372
-0.381789
-0.36889
-0.355675
-0.342146
-0.328304
-0.314149
-0.299684
-0.28491
-0.26983
-0.254447
-0.238764
-0.222785
-0.206514
-0.189955
-0.173113
-0.155994
-0.138603
-0.120947
-0.103033
-0.084867
-0.066458
-0.047813
-0.028942
-0.009853
0.009443
0.028938
0.048619
0.046414
0.044315
0.042318
0.040416
0.038606
0.036885
0.035247
0.033689
0.032208
0.030799
0.029459
0.028185
0.026975
0.025824
0.024729
0.023689
0.022701
0.021761
0.020868
0.020019
0.019213
0.018446
0.017718
0.017026
0.016368
0.015743
0.01515
0.014585
0.014049
0.01354
0.013056
0.012596
0.01216
0.011745
0.01135
0.010976
0.01062
0.010282
0.009961
0.009656
0.009366
0.00909
0.008828
0.00858
0.008344
0.008119
0.007906
0.007704
0.007512
0.007329
0.007155
0.00699
0.006834
0.006685
0.006544
0.00641
0.006282
0.006161
0.006046
0.005937
0.005832
0.005734
0.00564
0.005551
0.005467
0.005386
0.00531
0.005238
0.005169
0.005103
0.005041
0.004982
0.004926
0.004873
0.004823
0.004774
0.004729
0.004685
0.004644
0.004605
0.004568
0.004533
0.0045
0.004468
0.004438
0.004409
0.004382
0.004356
0.004331
0.004308
0.004286
0.004265
0.004245
0.004226
0.004208
0.004191
0.004175
0.00416
0.004145
0.004131
0.004118
0.004105
0.004094
0.004082
0.004072
0.004062
0.004052
0.004043
0.004034
0.004026
0.004018
0.004011
0.004004
0.003997
0.003991
0.003985
0.003979
0.003974
0.003969
0.003964
0.003959
0.003955
0.00395
0.003947
0.003943
0.003939
0.003936
0.003933
0.00393
0.003927
0.003925
0.003922
0.00392
0.003918
0.003915
0.003913
0.003912
0.00391
0.003908
0.003906
0.003905
0.003904
0.003902
0.003901
0.0039
0.003899
0.003898
0.003897
0.003896
0.003895
0.003894
0.003894
0.003893
0.003892
0.003892
0.003891
0.003891
0.00389
0.00389
0.003889
0.003889
0.003889
0.003888
0.003888
0.003888
0.003888
0.003887
0.003887
0.003887
0.003887
0.003887
0.003887
0.003886
0.003886
0.003886
0.003887
0.003886
0.003886
0.003886
0.003886
0.003886
0.003886
0.003886
0.003886
0.003886
0.003886
0.003886
0.003886
0.003886
0.003886
0.001525
-0.000718
-0.002849
-0.004873
-0.007272
-0.010045
-0.013187
-0.016698
-0.020574
-0.024813
-0.029412
-0.034366
-0.039674
-0.045332
-0.051337
-0.057684
-0.064369
-0.07139
-0.078743
-0.086422
-0.094424
-0.102744
-0.111378
-0.120321
-0.129568
-0.139114
-0.139676
-0.140208
-0.140712
-0.141191
-0.141644
-0.142074
-0.140369
-0.138739
-0.137181
-0.135693
-0.134273
-0.132917
-0.131623
-0.130389
-0.129212
-0.12809
-0.12702
-0.126001
-0.125029
-0.124104
-0.123222
-0.122383
-0.121583
-0.120822
-0.120097
-0.119407
-0.11875
-0.120396
-0.122424
-0.124833
-0.12762
-0.130781
-0.134314
-0.138215
-0.14248
-0.147107
-0.15209
-0.157425
-0.163109
-0.169136
-0.175503
-0.182203
-0.189233
-0.196587
-0.204259
-0.212244
-0.220537
-0.229132
-0.238021
-0.2472
-0.256661
-0.266398
-0.266763
-0.267108
-0.263322
-0.259154
-0.254612
-0.249705
-0.24444
-0.238825
-0.232865
-0.226568
-0.21994
-0.212985
-0.205708
-0.198115
-0.190208
-0.181991
-0.173469
-0.164645
-0.155521
-0.146101
-0.136388
-0.126384
-0.116092
-0.105515
-0.094655
-0.083516
-0.0721
-0.06041
-0.04845
-0.036223
-0.023732
-0.010981
0.002025
0.015284
0.02879
0.042538
0.056524
0.070742
0.085186
0.09985
0.114728
0.115264
0.115772
0.116253
0.114539
0.112902
0.111341
0.107637
0.104086
0.100682
0.097424
0.094306
0.091325
0.088476
0.085755
0.083156
0.080201
0.07689
0.073226
0.069211
0.064846
0.060134
0.055077
0.049679
0.043941
0.037866
0.031457
0.024716
0.017648
0.010254
0.002538
-0.005497
-0.013848
-0.02251
-0.031482
-0.040758
-0.050336
-0.06021
-0.058702
-0.057266
-0.055899
-0.054599
-0.051049
-0.047663
-0.044435
-0.041359
-0.038429
-0.035639
-0.032983
-0.030455
-0.02805
-0.025761
-0.023585
-0.021038
-0.018123
-0.014842
-0.011197
-0.00719
-0.002825
0.001895
0.006969
0.012392
0.018162
0.024276
0.030729
0.037519
0.044643
0.043312
0.042046
0.040842
0.039697
0.038608
0.037573
0.036589
0.035653
0.034763
0.033917
0.033114
0.032349
0.031623
0.030933
0.03262
0.034222
0.035741
0.037183
0.038551
0.039849
0.041081
0.04225
0.04336
0.044413
0.045412
0.046361
0.047261
0.048116
0.048927
0.049696
0.050427
0.051121
0.051779
0.052404
0.052998
0.053561
0.054096
0.054603
0.055086
0.055543
0.055978
0.056391
0.056782
0.057154
0.057507
0.057843
0.058161
0.058464
0.058751
0.059024
0.059283
0.059529
0.059763
0.057705
0.055745
0.053878
0.052101
0.050409
0.048799
0.047267
0.045809
0.044422
0.040779
0.037306
0.033999
0.030849
0.02785
0.024997
0.022282
0.019699
0.017243
0.014908
0.012688
0.010578
0.008572
0.006666
0.004854
0.003133
0.001498
-0.000055
-0.001531
-0.002933
-0.001896
-0.000912
0.000024
0.000913
0.001757
0.00256
0.003321
0.004045
0.004733
0.005386
0.006007
0.006596
0.007156
0.007688
0.008194
0.008674
0.00913
0.009563
0.009975
0.010365
0.010737
0.01109
0.011425
0.011743
0.012046
0.012333
0.012606
0.012865
0.013111
0.013345
0.013567
0.013778
0.013979
0.01417
0.014351
0.014523
0.014686
0.014841
0.014989
0.015129
0.015262
0.015388
0.015509
0.018461
0.021759
0.0254
0.029384
0.03371
0.038376
0.043381
0.048721
0.054395
0.060401
0.066734
0.073393
0.080374
0.087674
0.095289
0.103216
0.111451
0.119989
0.128827
0.13796
0.147383
0.157092
0.167081
0.177346
0.187879
0.198677
0.209732
0.221038
0.232589
0.244377
0.256397
0.268639
0.281097
0.293762
0.306626
0.31968
0.319953
0.320212
0.320456
0.320688
0.320908
0.321115
0.321312
0.319869
0.318471
0.317119
0.315811
0.312317
0.308426
0.30415
0.299498
0.294479
0.2891
0.28337
0.277295
0.270881
0.264134
0.25706
0.249662
0.241946
0.233914
0.225571
0.216919
0.207962
0.198703
0.189144
0.179287
0.169136
0.158692
0.147959
0.136938
0.125632
0.114044
0.102177
0.090033
0.077615
0.064927
0.051972
0.038754
0.025276
0.011544
-0.002439
-0.016668
-0.031136
-0.04584
-0.060773
-0.075929
-0.091301
-0.106883
-0.122667
-0.138646
-0.15481
-0.171153
-0.187664
-0.204336
-0.221156
-0.238117
-0.255207
-0.272415
-0.289731
-0.307142
-0.324635
-0.323187
-0.321783
-0.320423
-0.319108
-0.317838
-0.314816
-0.311846
-0.308935
-0.306091
-0.303317
-0.300618
-0.297997
-0.295457
-0.292997
-0.29062
-0.288325
-0.286113
-0.283981
-0.28193
-0.279958
-0.278063
-0.276245
-0.2745
-0.278211
-0.282154
-0.28634
-0.290774
-0.295462
-0.300408
-0.305615
-0.311085
-0.316818
-0.322816
-0.329077
-0.335601
-0.342386
-0.34943
-0.356729
-0.364281
-0.372081
-0.380124
-0.388408
-0.396925
-0.405672
-0.414641
-0.423827
-0.433223
-0.442822
-0.452617
-0.462599
-0.472762
-0.483096
-0.493593
-0.504243
-0.515038
-0.525968
-0.526234
-0.526484
-0.526718
-0.52473
-0.522656
-0.520519
-0.51834
-0.516134
-0.513918
-0.511704
-0.509503
-0.507324
-0.505175
-0.503063
-0.500993
-0.498968
-0.496994
-0.495072
-0.493204
-0.491393
-0.489638
-0.487941
-0.486301
-0.484719
-0.483195
-0.481726
-0.480313
-0.484478
-0.488744
-0.49313
-0.497652
-0.502321
-0.50715
-0.512147
-0.517319
-0.522672
-0.52821
-0.533935
-0.53985
-0.545954
-0.552247
-0.558728
-0.565394
-0.572243
-0.57927
-0.586471
-0.593842
-0.601377
-0.609069
-0.616912
-0.6249
-0.633023
-0.641274
-0.649645
-0.658127
-0.666711
-0.666216
-0.665714
-0.665208
-0.6647
-0.664194
-0.663692
-0.663195
-0.662706
-0.662225
-0.661754
-0.661294
-0.662353
-0.663689
-0.665302
-0.667188
-0.669345
-0.671769
-0.674456
-0.677401
-0.6806
-0.684045
-0.687732
-0.691653
-0.695801
-0.70017
-0.70475
0.709534
0.714514
0.71968
0.725024
0.730535
0.736205
0.742023
0.747979
0.754062
0.760261
0.766566
0.766549
0.766474
0.76635
0.766184
0.765982
0.765752
0.765498
0.765224
0.764935
0.763996
0.762908
0.761697
0.760387
0.758999
0.757551
0.756059
0.754536
0.752995
0.751445
0.749897
0.748357
0.746832
0.745327
0.743846
0.742394
0.740974
0.739588
0.738238
0.739185
0.74007
0.740897
0.741671
0.742395
0.743074
0.74371
0.744305
0.744865
0.745389
0.745882
0.748208
0.750291
0.752155
0.753822
0.755312
0.756642
0.757828
0.758886
0.759828
0.760666
0.761411
0.762073
0.762659
0.763473
0.764516
0.765785
0.767281
0.769
0.77094
0.773096
0.775465
0.778041
0.780819
0.783793
0.786955
0.790299
0.793817
0.797501
0.801343
0.801307
0.801227
0.801109
0.80096
0.800785
0.800588
0.800373
0.800145
0.799906
0.799659
0.799406
0.799149
0.798891
0.798632
0.79935
0.800273
0.801402
0.802734
0.80427
0.806004
0.807935
0.810057
0.812366
0.814856
0.817522
0.820356
0.823352
0.826503
0.8298
0.833234
0.836798
0.840483
0.844278
0.848174
0.852161
0.856229
0.860367
0.860734
0.861022
0.861241
0.8614
0.861505
0.861565
0.861586
0.861573
0.86153
0.861464
0.861376
0.861271
0.861151
0.86102
0.860879
0.860731
0.860577
0.860419
0.860259
0.860096
0.859934
0.859771
0.85961
0.85945
0.860152
0.860991
0.861973
0.863097
0.864364
0.865775
0.867326
0.869016
0.870841
0.872797
0.87488
0.877083
0.879401
0.881826
0.884352
0.886971
0.889675
0.892455
0.895302
0.898207
0.90116
0.904151
0.907169
0.910205
0.913247
0.916283
0.919303
0.922295
0.925247
0.928147
0.930983
0.930794
0.930611
0.930436
0.930267
0.930105
0.929949
0.9298
0.929656
0.929519
0.929387
0.929261
0.929141
0.930342
0.931396
0.932321
0.933129
0.933834
0.934446
0.934975
0.935432
0.935823
0.936157
0.93644
0.936678
0.936875
0.937038
0.93717
0.937274
0.937355
0.937415
0.937457
0.937483
0.937495
0.937496
0.937486
0.937468
0.937443
0.937411
0.937375
0.937334
0.93729
0.937243
0.937194
0.937144
0.937092
0.93704
0.936988
0.936935
0.936883
0.936831
0.93678
0.937087
0.9373
0.937431
0.93749
0.937489
0.937563
0.937715
0.937948
0.938262
0.938657
0.939131
0.939682
0.940307
0.941001
0.941761
0.942581
0.943455
0.944377
0.94534
0.945948
0.946478
0.94694
0.947341
0.948234
0.948834
0.949179
0.949302
0.949236
0.949008
0.948641
0.948158
0.947577
0.946916
0.946189
0.945408
0.944587
0.943734
0.944006
0.944259
0.944494
0.944711
0.944913
0.945101
0.945276
0.945438
0.946565
0.94761
0.948592
0.949524
0.950418
0.951285
0.95213
0.952961
0.953781
0.954592
0.955396
0.956193
0.956982
0.957759
0.958521
0.959266
0.959986
0.959598
0.959204
0.958807
0.958409
0.958013
0.958628
0.959172
0.959651
0.960073
0.960443
0.960768
0.961052
0.961299
0.961514
0.9617
0.96186
0.961998
0.962115
0.962215
0.962298
0.962368
0.962425
0.962471
0.962508
0.962537
0.962558
0.962573
0.962582
0.962587
0.962587
0.962584
0.962578
0.962569
0.962559
0.962586
0.962535
0.962415
0.962237
0.962011
0.961744
0.961444
0.961116
0.960767
0.9604
0.960021
0.959702
0.959443
0.959242
0.959098
0.959009
0.95897
0.958979
0.95903
0.959119
0.95924
0.959387
0.959553
0.95973
0.959913
0.960092
0.96026
0.960408
0.960528
0.960609
0.960643
0.96062
0.960531
0.960364
0.96011
0.959759
0.959299
0.95872
0.958012
0.957162
0.96091
0.964093
0.966774
0.969011
0.970856
0.972355
0.973551
0.974479
0.975174
0.975666
0.97598
0.976141
0.97617
0.976085
0.975902
0.975638
0.975305
0.974914
0.974475
0.973998
0.97349
0.972958
0.972409
0.971847
0.972284
0.972678
0.973033
0.973352
0.97364
0.973899
0.974132
0.974342
0.974531
0.9747
0.974853
0.974991
0.975114
0.975225
0.975325
0.975415
0.975495
0.975567
0.975632
0.975691
0.975743
0.97579
0.975832
0.97587
0.975904
0.975934
0.975961
0.975985
0.976007
0.976026
0.976043
0.976059
0.976073
0.976085
0.976096
0.976105
0.976114
0.976122
0.976128
0.976134
0.97614
0.976144
0.976148
0.976152
0.976155
0.976158
0.97616
0.976163
0.976164
0.976166
0.976167
0.976169
0.97617
0.97617
0.976171
0.976172
0.976172
0.976173
0.976173
0.976173
0.976173
0.976173
0.976173
0.976173
0.976173
0.976173
0.976173
0.976173
0.976173
0.976173
0.976173
0.976173
0.976173
0.976172
0.976172
0.976172
0.976172
0.976172
0.976172
0.976171
0.976171
0.976171
0.976171
0.976171
0.976171
0.976171
0.97617
0.97617
0.97617
0.97617
0.97617
0.97617
0.97617
0.976169
0.976169
0.976169
0.976169
0.976169
0.976169
0.976169
0.976169
0.976169
0.976169
0.976169
0.976168
0.976168
0.976168
0.976168
0.976168
0.976168
0.976168
0.976168
0.976168
0.976168
0.976168
0.976168
0.976168
0.976168
0.976168
0.976168
0.976168
0.976168
0.976168
0.976168
0.976167
0.976167
0.976167
0.976167
0.976167
0.976167
0.976167
0.976167
0.976167
0.976167
0.976167
0.976167
0.976167
0.976167
0.976167
0.976167
0.976167
0.976167
0.976167
0.976167
0.976167
0.976167
0.976167
0.976167
0.976167
0.976167
0.976167
0.976167
0.976167
0.976167
0.976167
0.976167
0.976167
0.976167
0.976167
0.976167
0.976167
0.976167
0.976167
0.976167
0.976167
0.976167
0.976167
0.976167
0.976167
0.976167
0.976167
0.976167
0.976167
0.976167
0.976167
0.976167
0.976167
0.976167
0.976167
0.976167
0.976167
0.976167
0.976167
0.976167
0.976167
0.976167
0.976167
0.976167
0.976167
0.976167
0.976167
0.976167
0.976167
0.976167
0.976167
0.976167
0.976167
0.976167
0.976167
0.976167
0.976167
0.976167
0.976167
0.976167
0.976167
0.976167
0.976167
0.976167
0.976167
0.976167
0.976167
0.976167
0.976167
0.976167
0.976167
0.976167
0.976167
0.976167
0.976167
0.976167
0.976167
0.976167
0.976167
0.976167
0.976167
0.976167
0.976167
0.976167
0.976167
0.976167
0.976167
0.976167
0.976167
0.976167
0.976167
0.976167
0.976167
0.976167
0.976167
0.976167
0.976167
0.976167
0.976167
0.976167
0.976167
0.976167
0.976167
0.976167
0.976167
0.976167
0.976167
0.976167
0.976167
0.976167
0.976167
0.976167
0.976167
0.976167
0.976167
0.976167
0.976167
0.976167
0.976167
0.976167
0.976167
0.976167
0.976167
0.976167
0.976167
0.976167
0.976167
0.976167
0.976167
0.976167
0.976167
0.976167
0.976167
0.976167
0.976167
0.976167
0.976167
0.976167
0.976167
0.976167
0.976167
0.976167
0.976167
0.976167
0.976167
0.976167
0.976167
0.976167
0.976167
0.976167
0.976167
0.976167
0.976167
0.976167
0.976167
0.976167
0.976167
0.976167
0.976167
0.976167
0.976167
0.976167
0.976167
0.976167
0.976167
0.976167
0.976167
0.976167
0.976167
0.976167
0.976167
0.976167
0.976167
0.976167
0.976167
0.976167
0.976167
0.976167
0.976167
0.976167
0.976167
0.976167
0.976167
0.976167
0.976167
0.976167
0.976167
0.976167
0.976167
0.976167
0.976167
0.976167
0.976167
0.976167
0.976167
0.976167
0.976167
0.976167
0.976167
0.976167
0.976167
0.976167
0.976167
0.976167
0.976167
0.976167
0.976167
0.976167
0.976167
0.976167
0.976167
0.976167
0.976167
0.976167
0.976167
0.976167
0.976167
0.976167
0.976167
0.976167
0.976167
0.976167
0.976167
0.976167
0.976167
0.976167
0.976167
0.976167
0.976167
0.976167
0.976167
0.976167
0.976167
0.976167
0.976167
0.976167
0.976167
0.976167
0.976167
0.976167
0.976167
0.976167
0.976167
0.976167
0.976167
0.976167
0.976167
0.976167
0.976167
0.976167
0.976167
0.976167
0.976167
0.976167
0.976167
0.976167
0.976167
0.976167
0.976167
0.976167
0.976167
0.976167
0.976167
0.976167
0.976167
0.976167
0.976167
0.976167
0.976167
0.976167
0.976167
0.976167
0.976167
0.976167
0.976167
0.976167
0.976167
0.976167
0.976167
0.976167
0.976167
0.976167
0.976167
0.976167
0.976167
0.976167
0.976167
0.976167
0.976167
0.976167
0.976167
0.976167
0.976167
0.976167
0.976167
0.976167
0.976167
0.976167
0.976167
0.976167
0.976167
0.976167
0.976167
0.976167
0.976167
0.976167
0.976147
0.976021
0.975804
0.97551
0.975152
0.97474
0.974285
0.973794
0.973276
0.972736
0.972181
0.971615
0.972075
0.97249
0.972863
0.9732
0.973502
0.973775
0.974021
0.974241
0.97444
0.974619
0.97478
0.974925
0.975055
0.975172
0.975277
0.975372
0.975456
0.975533
0.975601
0.975663
0.975718
0.975767
0.975812
0.975851
0.975887
0.975919
0.975948
0.975973
0.975996
0.976016
0.976035
0.976051
0.975854
0.975579
0.975233
0.974826
0.97436
0.97384
0.973269
0.972647
0.971975
0.971251
0.970474
0.96964
0.968745
0.967787
0.966758
0.965655
0.96447
0.963197
0.961829
0.960358
0.958776
0.957075
0.960063
0.962594
0.96472
0.966488
0.966917
0.967309
0.967666
0.967992
0.96829
0.968562
0.968812
0.96904
0.969248
0.96944
0.969615
0.969775
0.969923
0.970058
0.970182
0.970296
0.970401
0.970498
0.970587
0.970669
0.970744
0.970814
0.970878
0.970938
0.970993
0.971043
0.97109
0.971134
0.971174
0.971212
0.971246
0.971279
0.971309
0.971336
0.971362
0.971387
0.971409
0.97143
0.97145
0.971468
0.971485
0.971501
0.971516
0.971529
0.97112
0.970578
0.969915
0.969139
0.968256
0.967273
0.966191
0.965013
0.963741
0.962375
0.960913
0.959353
0.957692
0.955928
0.954056
0.952071
0.949967
0.947739
0.945381
0.942885
0.940244
0.937451
0.934499
0.931378
0.928082
0.924601
0.920926
0.91705
0.912963
0.914803
0.916489
0.918035
0.919454
0.920755
0.92195
0.923048
0.924058
0.924986
0.925841
0.926628
0.927353
0.928021
0.928638
0.929208
0.929734
0.93022
0.93067
0.931086
0.931472
0.931829
0.93216
0.932468
0.93387
0.935044
0.936016
0.93681
0.937447
0.937947
0.938327
0.938602
0.938785
0.938889
0.938925
0.938902
0.938828
0.938711
0.938559
0.93867
0.938758
0.938824
0.938871
0.938902
0.93892
0.93874
0.938253
0.937481
0.936444
0.93516
0.933642
0.931903
0.929952
0.927799
0.92545
0.922909
0.92018
0.917265
0.914165
0.91088
0.907409
0.903751
0.899902
0.895859
0.891619
0.887178
0.882529
0.877669
0.872591
0.867289
0.868738
0.870075
0.87131
0.872452
0.873509
0.874486
0.875392
0.876231
0.877009
0.877731
0.88009
0.882146
0.883932
0.885477
0.886808
0.887949
0.888922
0.889744
0.890435
0.890342
0.890253
0.890167
0.890083
0.890003
0.889925
0.88985
0.889779
0.88971
0.889643
0.88958
0.889519
0.88837
0.886959
0.885296
0.883395
0.881263
0.878908
0.876336
0.873553
0.870561
0.869389
0.868232
0.867093
0.867886
0.868622
0.869307
0.869943
0.870535
0.871085
0.871599
0.872077
0.872523
0.872939
0.873327
0.873691
0.87403
0.874347
0.874644
0.874922
0.875183
0.875427
0.875656
0.87587
0.876072
0.876261
0.876439
0.876606
0.876763
0.876911
0.87705
0.877181
0.877305
0.877421
0.87753
0.877633
0.877731
0.876381
0.874797
0.872985
0.870954
0.86871
0.866258
0.863599
0.860738
0.857676
0.854413
0.850948
0.847282
0.843411
0.839335
0.835049
0.830552
0.825839
0.820906
0.815748
0.810362
0.804741
0.798882
0.792778
0.786424
0.779815
0.772944
0.775009
0.776922
0.778695
0.780339
0.781864
0.783281
0.784597
0.785821
0.786959
0.788018
0.789005
0.789925
0.790782
0.791582
0.792329
0.793026
0.793678
0.794288
0.794858
0.795392
0.795892
0.796361
0.7968
0.797212
0.797599
0.797962
0.798303
0.798624
0.798925
0.799208
0.799475
0.799726
0.799962
0.800185
0.800395
0.800593
0.800779
0.800955
0.801121
0.801278
0.801426
0.801565
0.801697
0.801822
0.80194
0.802051
0.802156
0.802256
0.80235
0.802439
0.802523
0.800843
0.798883
0.796651
0.794155
0.791402
0.788395
0.785139
0.781637
0.777891
0.773903
0.769672
0.765198
0.760482
0.75552
0.750313
0.744857
0.739149
0.733187
0.726969
0.720489
0.713745
0.706733
0.699448
0.691887
0.684046
0.67592
0.667505
0.658798
-0.649793
-0.640487
-0.630876
-0.620957
-0.610725
-0.600177
-0.589309
-0.57812
-0.566605
-0.554762
-0.542589
-0.530085
-0.517246
-0.504072
-0.490561
-0.476714
-0.462528
-0.448006
-0.433146
-0.41795
-0.402419
-0.386556
-0.370361
-0.353839
-0.336991
-0.319821
-0.302335
-0.284535
-0.266428
-0.248018
-0.229313
-0.210319
-0.191043
-0.171493
-0.151677
-0.131603
-0.111283
-0.090725
-0.06994
-0.048939
-0.027733
-0.006335
0.015243
0.036988
0.058885
0.056656
0.054533
0.052511
0.050586
0.048753
0.047008
0.045347
0.043767
0.042264
0.040834
0.039473
0.03818
0.036949
0.035779
0.034667
0.033609
0.032604
0.031648
0.030739
0.029875
0.029054
0.028273
0.027532
0.026827
0.026157
0.02552
0.024915
0.02434
0.023794
0.023275
0.022782
0.022313
0.021867
0.021444
0.021042
0.02066
0.020297
0.019952
0.019625
0.019313
0.019017
0.018736
0.018469
0.018216
0.017975
0.017746
0.017529
0.017322
0.017126
0.016939
0.016762
0.016594
0.016434
0.016282
0.016137
0.016
0.01587
0.015746
0.015629
0.015517
0.015411
0.015311
0.015215
0.015124
0.015038
0.014956
0.014878
0.014804
0.014733
0.014667
0.014603
0.014543
0.014485
0.014431
0.014379
0.01433
0.014284
0.01424
0.014198
0.014158
0.01412
0.014084
0.01405
0.014018
0.013987
0.013957
0.01393
0.013903
0.013878
0.013854
0.013831
0.01381
0.013789
0.01377
0.013752
0.013735
0.013718
0.013702
0.013687
0.013673
0.01366
0.013647
0.013635
0.013623
0.013612
0.013602
0.013592
0.013583
0.013574
0.013566
0.013558
0.01355
0.013543
0.013536
0.01353
0.013524
0.013518
0.013512
0.013507
0.013502
0.013497
0.013493
0.013488
0.013484
0.013481
0.013477
0.013474
0.013471
0.013468
0.013465
0.013462
0.01346
0.013457
0.013455
0.013453
0.013451
0.013449
0.013447
0.013445
0.013443
0.013442
0.01344
0.013439
0.013438
0.013436
0.013435
0.013434
0.013433
0.013432
0.013432
0.013431
0.01343
0.013429
0.013429
0.013428
0.013428
0.013427
0.013427
0.013426
0.013426
0.013425
0.013425
0.013425
0.013424
0.013424
0.013424
0.013423
0.013423
0.013423
0.013423
0.013423
0.013422
0.013422
0.013422
0.013422
0.013422
0.013422
0.013422
0.013422
0.013422
0.013422
0.013422
0.013422
0.013422
0.013422
0.013422
0.013422
0.013422
0.013422
0.013422
0.013422
0.013422
0.013422
0.013422
0.013422
0.013422
0.013422
0.013422
0.013422
0.013422
0.013422
0.013422
0.013422
0.013422
0.013422
0.013422
0.013422
0.013422
0.013422
0.013422
0.013422
0.013422
0.013422
0.013422
0.013422
0.013422
0.013422
0.013422
0.013422
0.013422
0.013422
0.013422
0.013422
0.013422
0.013422
0.013422
0.013422
0.013422
0.013422
0.013422
0.013422
0.013422
0.013422
0.013422
0.013422
0.013422
0.013422
0.013422
0.013422
0.013422
0.013422
0.013422
0.013422
0.013422
0.013422
0.013422
0.013422
0.013422
0.013422
0.013422
0.013422
0.013422
0.013422
0.013422
0.013422
0.013422
0.013422
0.013422
0.013422
0.013422
0.013422
0.013422
0.013422
0.010584
0.007391
0.003847
-0.000049
-0.004293
-0.008885
-0.013821
-0.0191
-0.024718
-0.030673
-0.036961
-0.043581
-0.050529
-0.0578
-0.065393
-0.073303
-0.081525
-0.090058
-0.098896
-0.108034
-0.117469
-0.127196
-0.13721
-0.147505
-0.158077
-0.168919
-0.180027
-0.191392
-0.20301
-0.214874
-0.226976
-0.23931
-0.251868
-0.264641
-0.277623
-0.290804
-0.304176
-0.302731
-0.301333
-0.299983
-0.298681
-0.297428
-0.296221
-0.29506
-0.293944
-0.292873
-0.291846
-0.29324
-0.295023
-0.297192
-0.299743
-0.302669
-0.305968
-0.309633
-0.313659
-0.318041
-0.322774
-0.327851
-0.333266
-0.339013
-0.345086
-0.351477
-0.358181
-0.36519
-0.372497
-0.380095
-0.387976
-0.396131
-0.404554
-0.413235
-0.422166
-0.431339
-0.440744
-0.450373
-0.460215
-0.470261
-0.480501
-0.490924
-0.501521
-0.51228
-0.52319
-0.534241
-0.54542
-0.556716
-0.568116
-0.579608
-0.59118
-0.602819
-0.614511
-0.626243
-0.638002
-0.649774
-0.661545
-0.6733
-0.685025
-0.696705
0.708325
0.71987
0.719834
0.719726
0.719557
0.719337
0.719073
0.718773
0.718445
0.718093
0.717723
0.717339
0.716945
0.716544
0.71614
0.715734
0.71533
0.714928
0.714531
0.713107
0.711601
0.71003
0.708412
0.706762
0.705093
0.703416
0.70174
0.700074
0.698424
0.696797
0.695196
0.693627
0.692093
0.692771
0.693407
0.694005
0.694566
0.695094
0.695591
0.696058
0.696498
0.696912
0.697301
0.697669
0.698015
0.698341
0.698649
0.69894
0.699214
0.699472
0.699717
0.699948
0.700166
0.700372
0.700566
0.70075
0.700924
0.701089
0.701245
0.701392
0.701532
0.701664
0.701789
0.701907
0.702019
0.702125
0.702226
0.702321
0.702411
0.702497
0.702578
0.702655
0.702727
0.702797
0.702862
0.702924
0.702983
0.703039
0.703092
0.703142
0.70319
0.703235
0.703278
0.703318
0.703357
0.703394
0.703429
0.703462
0.703493
0.703523
0.703551
0.703578
0.703603
0.703627
0.70365
0.703672
0.703692
0.703712
0.703731
0.703748
0.703765
0.703781
0.703796
0.703811
0.703824
0.703837
0.703849
0.703861
0.703872
0.703883
0.703893
0.703902
0.703911
0.70392
0.703928
0.703936
0.703943
0.70395
0.703957
0.703963
0.703969
0.703975
0.70398
0.703985
0.702308
0.700638
0.698982
0.697346
0.695736
0.694156
0.692609
0.691099
0.689627
0.688195
0.686806
0.685458
0.684154
0.682893
0.681675
0.680501
0.679369
0.67828
0.677231
0.678876
0.68041
0.681841
0.683176
0.684423
0.685588
0.686678
0.687696
0.68865
0.689543
0.69038
0.691164
0.691899
0.692589
0.693237
0.693845
0.694416
0.694953
0.695458
0.695933
0.69638
0.696801
0.697197
0.69757
0.697922
0.698254
0.698567
0.698862
0.69914
0.699403
0.699651
0.699886
0.700107
0.700316
0.700514
0.700701
0.700878
0.699219
0.69758
0.695966
0.694381
0.69283
0.691314
0.689836
0.688399
0.687003
0.68565
0.684339
0.683072
0.681848
0.680668
0.67953
0.678434
0.679998
0.681456
0.682817
0.684087
0.685275
0.686384
0.687422
0.688393
0.689303
0.690154
0.690952
0.691701
0.692403
0.693062
0.693681
0.694262
0.694808
0.695322
0.695805
0.696259
0.696687
0.69709
0.697469
0.697827
0.698164
0.698482
0.698782
0.699065
0.699332
0.699584
0.699822
0.700047
0.70026
0.70046
0.702411
0.70417
0.705755
0.707183
0.70847
0.709629
0.710674
0.711614
0.712461
0.713223
0.713909
0.714526
0.715081
0.71558
0.716029
0.716433
0.716796
0.717121
0.717414
0.717677
0.717913
0.718125
0.718315
0.718485
0.718638
0.718299
0.717938
0.717562
0.717173
0.716776
0.716373
0.715968
0.715563
0.715159
0.714759
0.714364
0.713975
0.713593
0.713219
0.712854
0.712499
0.712153
0.711817
0.711491
0.711175
0.71087
0.710575
0.710291
0.710017
0.709753
0.709499
0.709255
0.70902
0.708795
0.708579
0.708372
0.708174
0.707984
0.707802
0.707627
0.707461
0.707301
0.707149
0.707003
0.706864
0.706732
0.706605
0.706484
0.706368
0.706258
0.706153
0.706053
0.705958
0.705867
0.70578
0.705697
0.705619
0.705544
0.705472
0.705404
0.70534
0.705278
0.705219
0.705164
0.70511
0.70506
0.705012
0.704966
0.704922
0.704881
0.704841
0.704804
0.704768
0.704734
0.704702
0.704671
0.704642
0.704614
0.704588
0.704563
0.704539
0.704516
0.704495
0.704474
0.704455
0.704436
0.704419
0.704402
0.704386
0.704371
0.704357
0.704343
0.70433
0.704318
0.704306
0.704295
0.704284
0.704274
0.704265
0.704255
0.704247
0.704239
0.704231
0.704223
0.704216
0.70421
0.704203
0.704197
0.704192
0.704186
