0.0
-0.007713
-0.01504
-0.021999
-0.028608
-0.034884
-0.040844
-0.046503
-0.051876
-0.056978
-0.061822
-0.066422
-0.070788
-0.074934
-0.07887
-0.082607
-0.086155
-0.089523
-0.092722
-0.095758
-0.098641
-0.101378
-0.103977
-0.106445
-0.108788
-0.111013
-0.113125
-0.115131
-0.117036
-0.118845
-0.120562
-0.122193
-0.123742
-0.125213
-0.12661
-0.127936
-0.129196
-0.130392
-0.131528
-0.132607
-0.133632
-0.134605
-0.13553
-0.136408
-0.137241
-0.138033
-0.138785
-0.1395
-0.140178
-0.140823
-0.141435
-0.142016
-0.142569
-0.143093
-0.143592
-0.144065
-0.144514
-0.144941
-0.145347
-0.145732
-0.146098
-0.146446
-0.146776
-0.14709
-0.147388
-0.147671
-0.14794
-0.148195
-0.148438
-0.148668
-0.148887
-0.149095
-0.149293
-0.149481
-0.149659
-0.149828
-0.149989
-0.150142
-0.150287
-0.150425
-0.150556
-0.150681
-0.150799
-0.150911
-0.151018
-0.151119
-0.151216
-0.151307
-0.151394
-0.151476
-0.151555
-0.151629
-0.1517
-0.151767
-0.151831
-0.151892
-0.151949
-0.152004
-0.152056
-0.152106
-0.152152
-0.152197
-0.152239
-0.15228
-0.152318
-0.152354
-0.152389
-0.152422
-0.152453
-0.152482
-0.152511
-0.152537
-0.152563
-0.152587
-0.152609
-0.152631
-0.152652
-0.152672
-0.15269
-0.152708
-0.152725
-0.152741
-0.152756
-0.15277
-0.152784
-0.152797
-0.152809
-0.152821
-0.152832
-0.152843
-0.152853
-0.152863
-0.152872
-0.15288
-0.152889
-0.152896
-0.152904
-0.152911
-0.152918
-0.152924
-0.15293
-0.152936
-0.152941
-0.152946
-0.152951
-0.152956
-0.15296
-0.152964
-0.152969
-0.152972
-0.152976
-0.152979
-0.152983
-0.152986
-0.152989
-0.152991
-0.152994
-0.152996
-0.152999
-0.153001
-0.153003
-0.153005
-0.153007
-0.153009
-0.153011
-0.153013
-0.153014
-0.153016
-0.153017
-0.153019
-0.15302
-0.153021
-0.153022
-0.153023
-0.153024
-0.153026
-0.153026
-0.153027
-0.153028
-0.153029
-0.15303
-0.15303
-0.153031
-0.153031
-0.153031
-0.153031
-0.153031
-0.153031
-0.153031
-0.153031
-0.153031
-0.153031
-0.153031
-0.153031
-0.153031
-0.153031
-0.153031
-0.153031
-0.153031
-0.153031
-0.153031
-0.153031
-0.153031
-0.153031
-0.153031
-0.153031
-0.153031
-0.153031
-0.153031
-0.153031
-0.153031
-0.153031
-0.153031
-0.153031
-0.153031
-0.160553
-0.167681
-0.174436
-0.180838
-0.186905
-0.192655
-0.198105
-0.20327
-0.208166
-0.212808
-0.217208
-0.221379
-0.225373
-0.229194
-0.232846
-0.236336
-0.239668
-0.242845
-0.245872
-0.248754
-0.251493
-0.254094
-0.25656
-0.258894
-0.261098
-0.263176
-0.26513
-0.266961
-0.268672
-0.270264
-0.271739
-0.273097
-0.274341
-0.275471
-0.276486
-0.277389
-0.278178
-0.278854
-0.279417
-0.279867
-0.280203
-0.280426
-0.280533
-0.280525
-0.2804
-0.280157
-0.279797
-0.280226
-0.280632
-0.281019
-0.281385
-0.281734
-0.282065
-0.277603
-0.273337
-0.269261
-0.265369
-0.261651
-0.258103
-0.254718
-0.251488
-0.248409
-0.245472
-0.242673
-0.240006
-0.237465
-0.235044
-0.232738
-0.230542
-0.228451
-0.226461
-0.224566
-0.222762
-0.221046
-0.219412
-0.217858
-0.21638
-0.214973
-0.213635
-0.212362
-0.211152
-0.210001
-0.208906
-0.207865
-0.212094
-0.216119
-0.219942
-0.223565
-0.226993
-0.230226
-0.23327
-0.236127
-0.2388
-0.241292
-0.243606
-0.245746
-0.247715
-0.249514
-0.251148
-0.252617
-0.253926
-0.255075
-0.256067
-0.256904
-0.257588
-0.25812
-0.258502
-0.258735
-0.25882
-0.258759
-0.258552
-0.258201
-0.257705
-0.257065
-0.256283
-0.255358
-0.25429
-0.253081
-0.251729
-0.250236
-0.248601
-0.246824
-0.245274
-0.243781
-0.242344
-0.240961
-0.239632
-0.238356
-0.237132
-0.235957
-0.234832
-0.233754
-0.232721
-0.231733
-0.230788
-0.229885
-0.229021
-0.228196
-0.227408
-0.226655
-0.225937
-0.225252
-0.224598
-0.223974
-0.223379
-0.222812
-0.222272
-0.221757
-0.221266
-0.220798
-0.220353
-0.219928
-0.219524
-0.21914
-0.218774
-0.218425
-0.218093
-0.217777
-0.217477
-0.217191
-0.219067
-0.220832
-0.22248
-0.224007
-0.22541
-0.226686
-0.227833
-0.228848
-0.229729
-0.230477
-0.231089
-0.231565
-0.231904
-0.232107
-0.232173
-0.232101
-0.231892
-0.231545
-0.231062
-0.230442
-0.229685
-0.228792
-0.227762
-0.226597
-0.225296
-0.223859
-0.222288
-0.220581
-0.220595
-0.220607
-0.210155
-0.20021
-0.190748
-0.181747
-0.173187
-0.165048
-0.157308
-0.149951
-0.142956
-0.136308
-0.129989
-0.123984
-0.118277
-0.112854
-0.107701
-0.102805
-0.098153
-0.093732
-0.100157
-0.106254
-0.112041
-0.117292
-0.122287
-0.127036
-0.13155
-0.135839
-0.139914
-0.143784
-0.14746
-0.15095
-0.154264
-0.15741
-0.160395
-0.163229
-0.165919
-0.168148
-0.170232
-0.17218
-0.174001
-0.175703
-0.177294
-0.178781
-0.180171
-0.18147
-0.182685
-0.183821
-0.184883
-0.185877
-0.186807
-0.187677
-0.189128
-0.190504
-0.191809
-0.193047
-0.194222
-0.195337
-0.196395
-0.197398
-0.19835
-0.199254
-0.200111
-0.200925
-0.201698
-0.20243
-0.203126
-0.203786
-0.204413
-0.205008
-0.205573
-0.206109
-0.206618
-0.207101
-0.207559
-0.207995
-0.208408
-0.208801
-0.209174
-0.209528
-0.209864
-0.210183
-0.210486
-0.210773
-0.211047
-0.211306
-0.211031
-0.210748
-0.210461
-0.210172
-0.209881
-0.209592
-0.209304
-0.20902
-0.208739
-0.208464
-0.208194
-0.20793
-0.207672
-0.207421
-0.207178
-0.206941
-0.206712
-0.206491
-0.207069
-0.207609
-0.208115
-0.208588
-0.209031
-0.209446
-0.209835
-0.210199
-0.210541
-0.210862
-0.211163
-0.211446
-0.211712
-0.211962
-0.212197
-0.212418
-0.212626
-0.212822
-0.213007
-0.21318
-0.213922
-0.214591
-0.215195
-0.215739
-0.216231
-0.216674
-0.217073
-0.217433
-0.217758
-0.21805
-0.218313
-0.218551
-0.218765
-0.218957
-0.219131
-0.219287
-0.219427
-0.219554
-0.219667
-0.219566
-0.219463
-0.219359
-0.219254
-0.21915
-0.219046
-0.218943
-0.218841
-0.218741
-0.218643
-0.218548
-0.218454
-0.218363
-0.218274
-0.218188
-0.218105
-0.218024
-0.217562
-0.217087
-0.216603
-0.216115
-0.215624
-0.215134
-0.214647
-0.214166
-0.213691
-0.213225
-0.212768
-0.212321
-0.211885
-0.211461
-0.211048
-0.210648
-0.21026
-0.209886
-0.209523
-0.209927
-0.210304
-0.210656
-0.210985
-0.211293
-0.211581
-0.21185
-0.212102
-0.212339
-0.21256
-0.212768
-0.212963
-0.213146
-0.213318
-0.21348
-0.213632
-0.213774
-0.213908
-0.214035
-0.214154
-0.214266
-0.214371
-0.214471
-0.214565
-0.214653
-0.214737
-0.214816
-0.21489
-0.214961
-0.215027
-0.21509
-0.215149
-0.215205
-0.215258
-0.215308
-0.215355
-0.2154
-0.215442
-0.215482
-0.21552
-0.215556
-0.21559
-0.215622
-0.215653
-0.215682
-0.215709
-0.215735
-0.215759
-0.215783
-0.215289
-0.214798
-0.214312
-0.213833
-0.213362
-0.2129
-0.212448
-0.212008
-0.211578
-0.211162
-0.210757
-0.210365
-0.209986
-0.209619
-0.209265
-0.208924
-0.208596
-0.20828
-0.207976
-0.207683
-0.207403
-0.207134
-0.206876
-0.206628
-0.206391
-0.206164
-0.205947
-0.205739
-0.20554
-0.20535
-0.205169
-0.204995
-0.20483
-0.204672
-0.204521
-0.204377
-0.204239
-0.204108
-0.203984
-0.203865
-0.203751
-0.203643
-0.20354
-0.203442
-0.203348
-0.203259
-0.203174
-0.203093
-0.203017
-0.202943
-0.202874
-0.202807
-0.202744
-0.202684
-0.202627
-0.202572
-0.202521
-0.202471
-0.202425
-0.20238
-0.202338
-0.202297
-0.202259
-0.202223
-0.202188
-0.202155
-0.202124
-0.202094
-0.202066
-0.202039
-0.202013
-0.201989
-0.201965
-0.201943
-0.201923
-0.201903
-0.201884
-0.201866
-0.201849
-0.201833
-0.201817
-0.201802
-0.201788
-0.201775
-0.201763
-0.201751
-0.201739
-0.201728
-0.202683
-0.203567
-0.204388
-0.205149
-0.206712
-0.208192
-0.209578
-0.210859
-0.212027
-0.213074
-0.213992
-0.214776
-0.215422
-0.215924
-0.216279
-0.216486
-0.21654
-0.216442
-0.216188
-0.215779
-0.215214
-0.214493
-0.213614
-0.21258
-0.211389
-0.210043
-0.208542
-0.206887
-0.205079
-0.203118
-0.201007
-0.198745
-0.198076
-0.197436
-0.196824
-0.197819
-0.198756
-0.199637
-0.200468
-0.20125
-0.201988
-0.202683
-0.203339
-0.203958
-0.204541
-0.205092
-0.205613
-0.206104
-0.206568
-0.208413
-0.210127
-0.211719
-0.2132
-0.214577
-0.215857
-0.21705
-0.218161
-0.219196
-0.220161
-0.221062
-0.221902
-0.222687
-0.223421
-0.224106
-0.223684
-0.223279
-0.222891
-0.222519
-0.222163
-0.221823
-0.221497
-0.221185
-0.220887
-0.220602
-0.219161
-0.217755
-0.216386
-0.215056
-0.213765
-0.212516
-0.211307
-0.21014
-0.209014
-0.207928
-0.206883
-0.205878
-0.204912
-0.203984
-0.203093
-0.202239
-0.20142
-0.202148
-0.202834
-0.203481
-0.204092
-0.204668
-0.205212
-0.205726
-0.20621
-0.206669
-0.207101
-0.207511
-0.207897
-0.208263
-0.209987
-0.21159
-0.213079
-0.214464
-0.215753
-0.216952
-0.21807
-0.219111
-0.220082
-0.219834
-0.219596
-0.21937
-0.219154
-0.218948
-0.218752
-0.218565
-0.218386
-0.218216
-0.218054
-0.2179
-0.217753
-0.217613
-0.217479
-0.217352
-0.217232
-0.217117
-0.217007
-0.216903
-0.216804
-0.216709
-0.216619
-0.216534
-0.216453
-0.216375
-0.216302
-0.216232
-0.216165
-0.216102
-0.216042
-0.215985
-0.21593
-0.215878
-0.215829
-0.214515
-0.213242
-0.212009
-0.210818
-0.209668
-0.208558
-0.20749
-0.206461
-0.205472
-0.204522
-0.20361
-0.204213
-0.204783
-0.20532
-0.205827
-0.206307
-0.20676
-0.207188
-0.208989
-0.210662
-0.212216
-0.213662
-0.215006
-0.216257
-0.217423
-0.218508
-0.21952
-0.220463
-0.221343
-0.222165
-0.222933
-0.22365
-0.223247
-0.22286
-0.222489
-0.222135
-0.221795
-0.22147
-0.22116
-0.220863
-0.220579
-0.220308
-0.22005
-0.219802
-0.219567
-0.219342
-0.219127
-0.218923
-0.218727
-0.218541
-0.218364
-0.218195
-0.218034
-0.216657
-0.215319
-0.214021
-0.212763
-0.211547
-0.210371
-0.209237
-0.208143
-0.20709
-0.206077
-0.205103
-0.204167
-0.203269
-0.202408
-0.201582
-0.200791
-0.200033
-0.20084
-0.201602
-0.202319
-0.202995
-0.203633
-0.204235
-0.204804
-0.20534
-0.205846
-0.206325
-0.206776
-0.208607
-0.210307
-0.211887
-0.213355
-0.214721
-0.215992
-0.217175
-0.218277
-0.219304
-0.220262
-0.220006
-0.219761
-0.219527
-0.219304
-0.219091
-0.218888
-0.218694
-0.21851
-0.218334
-0.218166
-0.218007
-0.217855
-0.21771
-0.217572
-0.217441
-0.217315
-0.217196
-0.217083
-0.216975
-0.216872
-0.216775
-0.216682
-0.216593
-0.216509
-0.216429
-0.216353
-0.21628
-0.216212
-0.216146
-0.216084
-0.216024
-0.215968
-0.215915
-0.215864
-0.215815
-0.215769
-0.215725
-0.215683
-0.215644
-0.215606
-0.21557
-0.215536
-0.215504
-0.215474
-0.215445
-0.215417
-0.21539
-0.215365
-0.215342
-0.215319
-0.215297
-0.215277
-0.215258
-0.215239
-0.215222
-0.215205
-0.215189
-0.215174
-0.21516
-0.215146
-0.215133
-0.215121
-0.21511
-0.215098
-0.215088
-0.215078
-0.215068
-0.215059
-0.215051
-0.215043
-0.215035
-0.215028
-0.215021
-0.215014
-0.215008
-0.215002
-0.214996
-0.214991
-0.214985
-0.214981
-0.214976
-0.214971
-0.214967
-0.214963
-0.21496
-0.214956
-0.214953
-0.214949
-0.214946
-0.214943
-0.21494
-0.214938
-0.214935
-0.214933
-0.214931
-0.216194
-0.217364
-0.218432
-0.219394
-0.220244
-0.220977
-0.22159
-0.22208
-0.222444
-0.222679
-0.222784
-0.222758
-0.222598
-0.222304
-0.221876
-0.221312
-0.220612
-0.219776
-0.218804
-0.217695
-0.21645
-0.216555
-0.216644
-0.216719
-0.216782
-0.216834
-0.216877
-0.216911
-0.216938
-0.216959
-0.216974
-0.216984
-0.216989
-0.216992
-0.216991
-0.216987
-0.216981
-0.216973
-0.216963
-0.216953
-0.216941
-0.216928
-0.216914
-0.2169
-0.216886
-0.216871
-0.216856
-0.216841
-0.216826
-0.216811
-0.216796
-0.216782
-0.216768
-0.216754
-0.21674
-0.216727
-0.216714
-0.216701
-0.216689
-0.216677
-0.216666
-0.216655
-0.216644
-0.216634
-0.216624
-0.216614
-0.216605
-0.216596
-0.216588
-0.216579
-0.216572
-0.216564
-0.216557
-0.21655
-0.216543
-0.216537
-0.216531
-0.216525
-0.21652
-0.216515
-0.216509
-0.216505
-0.2165
-0.216496
-0.216492
-0.216488
-0.216484
-0.21648
-0.216477
-0.216473
-0.21647
-0.216467
-0.216464
-0.216462
-0.216459
-0.216457
-0.216454
-0.216452
-0.21645
-0.216448
-0.216446
-0.216444
-0.216442
-0.216441
-0.216439
-0.216438
-0.216436
-0.216435
-0.216434
-0.216432
-0.216431
-0.21643
-0.216429
-0.216428
-0.216427
-0.216426
-0.216425
-0.216425
-0.216424
-0.216423
-0.216422
-0.216422
-0.216421
-0.21642
-0.21642
-0.216419
-0.216419
-0.216418
-0.216418
-0.216417
-0.216417
-0.216417
-0.216416
-0.216416
-0.216415
-0.216415
-0.216415
-0.21657
-0.216675
-0.216721
-0.216698
-0.216601
-0.216421
-0.216153
-0.215793
-0.215853
-0.215907
-0.215956
-0.216001
-0.216041
-0.216078
-0.216111
-0.216141
-0.216168
-0.216192
-0.216215
-0.216235
-0.216253
-0.21627
-0.216285
-0.216298
-0.216311
-0.216322
-0.216332
-0.216341
-0.21635
-0.216357
-0.216364
-0.21637
-0.216376
-0.216381
-0.216386
-0.21639
-0.216394
-0.216398
-0.216401
-0.216404
-0.216407
-0.216409
-0.216412
-0.216414
-0.216415
-0.216417
-0.216419
-0.21642
-0.216422
-0.216423
-0.216424
-0.216425
-0.216378
-0.216288
-0.216145
-0.21594
-0.215667
-0.215317
-0.214886
-0.214367
-0.213756
-0.213049
-0.212242
-0.211331
-0.210315
-0.20919
-0.207954
-0.206606
-0.205143
-0.203564
-0.201869
-0.200055
-0.198122
-0.19607
-0.193898
-0.195055
-0.196144
-0.197169
-0.198134
-0.199042
-0.199898
-0.200705
-0.201466
-0.202183
-0.202859
-0.203497
-0.204099
-0.204668
-0.203657
-0.202622
-0.201555
-0.200448
-0.199293
-0.198084
-0.196815
-0.195481
-0.194077
-0.192598
-0.191041
-0.189402
-0.187678
-0.185865
-0.183963
-0.181967
-0.179876
-0.177688
-0.175401
-0.173014
-0.170526
-0.167934
-0.16524
-0.16244
-0.159535
-0.156524
-0.153406
-0.156248
-0.158936
-0.161479
-0.163884
-0.16616
-0.168313
-0.17035
-0.168897
-0.167413
-0.165893
-0.164329
-0.162716
-0.161048
-0.159322
-0.157531
-0.155672
-0.153742
-0.151737
-0.149654
-0.147491
-0.145244
-0.142912
-0.140493
-0.137985
-0.135385
-0.132694
-0.129909
-0.12703
-0.124055
-0.120983
-0.117815
-0.114549
-0.111185
-0.107722
-0.104161
-0.100502
-0.096744
-0.092888
-0.088934
-0.084883
-0.080734
-0.076489
-0.072148
-0.067713
-0.063184
-0.058562
-0.053849
-0.049046
-0.044154
-0.039176
-0.034112
-0.028965
-0.023736
-0.018429
-0.013044
-0.007585
-0.002054
0.003546
0.009213
0.014943
0.020735
0.026583
0.032485
0.038438
0.044438
0.050481
0.056563
0.06268
0.068829
0.075004
0.081202
0.087417
0.093646
0.099883
0.09036
0.081304
0.072692
0.064504
0.056722
0.049324
0.042292
0.03561
0.029261
0.023227
0.017494
0.012047
0.006872
0.001955
-0.002715
-0.007153
-0.011368
-0.015372
-0.019176
-0.022789
-0.026221
-0.029481
-0.032578
-0.03552
-0.038314
-0.03116
-0.024244
-0.017547
-0.011051
-0.015023
-0.018797
-0.022381
-0.025786
-0.029021
-0.032093
-0.035011
-0.037784
-0.040417
-0.042918
-0.045294
-0.047551
-0.049694
-0.042017
-0.034611
-0.027458
-0.020535
-0.013825
-0.007309
-0.000973
0.005201
0.011226
0.021573
0.0315
0.041021
0.050147
0.058894
0.067272
0.075295
0.082977
0.09033
0.097366
0.104097
0.110534
0.116688
0.12257
0.12819
0.133557
0.138681
0.143569
0.148231
0.152673
0.156903
0.160928
0.164753
0.168386
0.17183
0.175092
0.178175
0.181086
0.183827
0.186401
0.188814
0.18999
0.191373
0.192948
0.194702
0.184506
0.174804
0.165574
0.156797
0.148452
0.140519
0.132979
0.125814
0.119007
0.112539
0.106395
0.10056
0.095017
0.089753
0.084753
0.080006
0.075497
0.071216
0.067151
0.063291
0.059626
0.056146
0.052841
0.049703
0.046724
0.043894
0.041208
0.038657
0.036235
0.033935
0.031751
0.029677
0.027708
0.025838
0.024062
0.022376
0.020774
0.019254
0.017809
0.016438
0.004457
-0.006922
-0.017727
-0.027986
-0.037727
-0.046974
-0.055753
-0.064086
-0.071996
-0.079505
-0.086632
-0.093396
-0.099818
-0.105912
-0.111697
-0.117188
-0.1224
-0.127348
-0.132044
-0.136501
-0.140733
-0.14475
-0.148563
-0.152183
-0.155619
-0.158882
-0.161979
-0.164919
-0.167711
-0.170362
-0.172878
-0.175268
-0.177537
-0.169215
-0.161298
-0.143246
-0.12605
-0.109678
-0.094096
-0.079272
-0.065173
-0.051766
-0.039022
-0.026909
-0.015398
-0.004461
0.005929
0.015799
0.025173
0.034077
0.042532
0.050561
0.058186
0.065425
0.072299
0.078826
0.085024
0.090908
0.096494
0.101799
0.106835
0.101038
0.095528
0.090291
0.085313
0.080582
0.076086
0.061196
0.047038
0.033579
0.020787
0.008631
-0.002918
-0.013889
-0.02431
-0.034207
-0.043606
-0.052531
-0.061006
-0.069053
-0.076693
-0.083947
-0.090833
-0.097371
-0.092992
-0.08883
-0.084875
-0.081116
-0.077544
-0.074149
-0.070924
-0.057241
-0.044231
-0.031864
-0.020111
-0.008944
0.001667
0.011747
0.021322
0.030416
0.039053
0.047255
0.055044
0.06244
0.069463
0.076132
0.082464
0.088476
0.094184
0.099604
0.094166
0.088996
0.084083
0.068804
0.054274
0.040458
0.027326
0.014846
0.002987
-0.008279
-0.018981
-0.029145
-0.038798
-0.047966
-0.05667
-0.064936
-0.072784
-0.080235
-0.087309
-0.094025
-0.089812
-0.085809
-0.082004
-0.078388
-0.074952
-0.071686
-0.068584
-0.055016
-0.042117
-0.029855
-0.018203
-0.00713
0.003389
0.013382
0.022875
0.03189
0.040453
0.048584
0.045681
0.042922
0.040301
0.03781
0.035444
0.033196
0.03106
0.029031
0.027103
0.036013
0.044585
0.052841
0.060799
0.068479
0.075897
0.08307
0.090014
0.096742
0.103268
0.109605
0.115764
0.121756
0.127592
0.13328
0.138829
0.144247
0.149541
0.154717
0.159783
0.164743
0.169601
0.174363
0.179032
0.171118
0.153121
0.135973
0.119642
0.104096
0.089303
0.07523
0.061845
0.049119
0.037022
0.025523
0.035914
0.045888
0.055469
0.064678
0.073536
0.082061
0.090273
0.09819
0.105826
0.113198
0.120321
0.127207
0.13387
0.140321
0.146572
0.152632
0.158512
0.164219
0.169763
0.17515
0.180387
0.185481
0.190437
0.19526
0.199955
0.204526
0.208976
0.213309
0.217527
0.221633
0.225628
0.229515
0.233294
0.236966
0.240532
0.243993
0.247349
0.250598
0.253741
0.256778
0.259707
0.262526
0.265236
0.267834
0.27032
0.27269
0.274943
0.277078
0.279092
0.280983
0.282749
0.284387
0.285894
0.287269
0.288508
0.28961
0.290571
0.291389
0.292061
-0.292585
-0.292957
-0.293176
-0.293239
-0.293142
-0.287024
-0.281182
-0.275607
-0.270287
-0.25872
-0.24764
-0.237037
-0.226895
-0.217202
-0.207942
-0.199102
-0.190666
-0.18262
-0.174947
-0.167634
-0.160665
-0.154026
-0.147704
-0.141684
-0.135953
-0.130498
-0.125308
-0.120369
-0.11567
-0.1112
-0.106949
-0.102906
-0.099062
-0.095406
-0.091931
-0.088626
-0.085485
-0.082499
-0.07966
-0.076962
-0.074398
-0.071961
-0.069645
-0.067444
-0.065352
-0.063364
-0.061475
-0.05968
-0.057974
-0.056353
-0.054813
-0.05335
-0.05196
-0.050639
-0.049383
-0.048191
-0.047058
-0.045981
-0.044958
-0.043986
-0.043063
-0.042186
-0.041352
-0.040561
-0.046886
-0.052892
-0.065654
-0.077755
-0.089226
-0.100097
-0.110398
-0.120157
-0.115372
-0.110713
-0.106163
-0.101709
-0.097335
-0.093029
-0.08878
-0.084576
-0.080408
-0.084556
-0.088494
-0.092232
-0.09578
-0.099148
-0.102346
-0.105381
-0.101101
-0.097031
-0.093162
-0.089482
-0.085984
-0.082659
-0.079498
-0.076494
-0.073638
-0.070923
-0.068344
-0.073104
-0.077623
-0.081912
-0.085984
-0.089849
-0.093518
-0.097001
-0.100308
-0.103446
-0.106426
-0.109254
-0.11194
-0.114489
-0.116909
-0.119207
-0.121388
-0.123459
-0.125426
-0.127293
-0.129065
-0.130749
-0.132347
-0.133864
-0.135305
-0.136674
-0.137973
-0.139207
-0.140379
-0.141492
-0.142548
-0.143552
-0.144505
-0.14541
-0.14627
-0.147086
-0.147861
-0.148598
-0.149297
-0.149961
-0.150592
-0.151191
-0.151761
-0.152301
-0.152815
-0.153302
-0.153765
-0.147142
-0.140836
-0.134833
-0.129119
-0.123682
-0.118509
-0.113587
-0.108906
-0.104453
-0.100219
-0.096193
-0.092364
-0.088724
-0.085263
-0.089165
-0.092869
-0.089204
-0.092906
-0.103589
-0.113713
-0.123306
-0.132394
-0.141004
-0.149161
-0.156888
-0.164209
-0.171143
-0.177713
-0.183936
-0.189833
-0.195419
-0.200713
-0.205728
-0.210481
-0.214986
-0.212396
-0.209932
-0.207588
-0.205359
-0.203239
-0.194299
-0.185771
-0.177638
-0.169885
-0.162497
-0.155458
-0.148755
-0.142371
-0.136294
-0.13051
-0.125005
-0.119768
-0.114785
-0.110045
-0.105537
-0.101249
-0.097172
-0.093295
-0.096789
-0.100107
-0.103255
-0.106245
-0.109082
-0.111776
-0.114334
-0.123894
-0.132951
-0.141532
-0.149661
-0.157362
-0.164657
-0.164552
-0.164452
-0.164357
-0.164267
-0.164181
-0.164099
-0.164022
-0.163949
-0.163879
-0.163812
-0.163749
-0.16369
-0.163633
-0.163579
-0.163527
-0.163478
-0.163432
-0.163388
-0.163346
-0.163307
-0.163269
-0.163233
-0.163199
-0.163166
-0.163136
-0.163106
-0.163079
-0.163052
-0.163027
-0.163003
-0.162981
-0.162959
-0.162939
-0.162919
-0.155861
-0.149138
-0.142736
-0.136641
-0.13084
-0.12532
-0.120067
-0.115069
-0.110316
-0.105794
-0.101494
-0.104573
-0.107495
-0.110269
-0.112903
-0.115403
-0.117777
-0.120031
-0.122171
-0.124202
-0.126131
-0.127963
-0.129701
-0.131352
-0.13292
-0.134409
-0.135822
-0.137165
-0.138439
-0.13965
-0.140799
-0.141891
-0.142928
-0.143912
-0.144847
-0.145735
-0.146578
-0.140299
-0.134322
-0.128633
-0.123219
-0.118068
-0.113168
-0.108507
-0.104074
-0.099859
-0.09585
-0.092038
-0.088414
-0.084969
-0.088886
-0.092604
-0.096133
-0.099484
-0.102664
-0.105683
-0.108549
-0.11127
-0.113853
-0.116306
-0.118634
-0.127968
-0.136811
-0.145189
-0.153125
-0.160644
-0.167766
-0.174513
-0.180905
-0.186961
-0.192699
-0.198135
-0.196369
-0.194691
-0.193095
-0.191577
-0.190135
-0.181799
-0.173852
-0.166277
-0.159059
-0.152184
-0.145636
-0.139402
-0.133468
-0.127821
-0.122446
-0.117333
-0.112469
-0.107842
-0.103442
-0.099257
-0.095278
-0.091494
-0.09508
-0.098484
-0.101715
-0.104782
-0.107694
-0.110458
-0.113082
-0.115574
-0.117939
-0.120185
-0.129437
-0.138203
-0.146507
-0.154374
-0.161897
-0.169085
-0.175947
-0.182492
-0.188729
-0.194668
-0.200318
-0.205686
-0.210783
-0.215616
-0.220192
-0.22452
-0.228607
-0.23246
-0.236085
-0.239488
-0.242676
-0.245655
-0.248428
-0.251002
-0.25338
-0.255568
-0.257568
-0.259385
-0.261021
-0.262481
-0.263766
-0.26488
-0.265824
-0.2666
-0.267211
-0.267658
-0.267942
-0.26431
-0.260841
-0.257528
-0.254366
-0.251348
-0.24847
-0.245724
-0.243107
-0.240612
-0.238234
-0.235969
-0.23381
-0.231754
-0.229796
-0.227932
-0.226157
-0.219659
-0.2134
-0.207356
-0.201504
-0.195824
-0.190295
-0.184899
-0.17962
-0.174442
-0.16935
-0.16433
-0.15937
-0.154459
-0.149587
-0.144742
-0.139918
-0.135105
-0.130296
-0.125484
-0.120663
-0.115828
-0.110973
-0.106095
-0.101187
-0.096248
-0.100264
-0.110491
-0.120175
-0.129345
-0.138027
-0.146247
-0.154028
-0.161395
-0.168369
-0.162388
-0.156605
-0.151
-0.145553
-0.140245
-0.13506
-0.129982
-0.124996
-0.12009
-0.11525
-0.110467
-0.105728
-0.101024
-0.096346
-0.091687
-0.087039
-0.082395
-0.077749
-0.073095
-0.068428
-0.063744
-0.059038
-0.054307
-0.049548
-0.044757
-0.039932
0.035071
0.030173
0.025235
0.020256
0.015236
0.010173
0.024996
0.039068
0.052424
0.065097
0.077119
0.088521
0.099334
0.109586
0.103075
0.096775
0.090665
0.084727
0.078944
0.073299
0.067778
0.062366
0.05705
0.051819
0.046661
0.041566
0.036525
0.031529
0.02657
0.021642
0.016737
0.011849
0.006973
0.002105
-0.00276
-0.007627
-0.012499
-0.017378
-0.022267
-0.027169
-0.032085
-0.037018
-0.041967
-0.046935
-0.051922
-0.056929
-0.061954
-0.066998
-0.072061
-0.077142
-0.082241
-0.087355
-0.092484
-0.097626
-0.102779
-0.107941
-0.113112
-0.118287
-0.123464
-0.128641
-0.133816
-0.138984
-0.144144
-0.149291
-0.154423
-0.159536
-0.164625
-0.169688
-0.174721
-0.179719
-0.184678
-0.189595
-0.194464
-0.199281
-0.204043
-0.208743
-0.213378
-0.217943
-0.222433
-0.212381
-0.202808
-0.193696
-0.185023
-0.176769
-0.168916
-0.161445
-0.14385
-0.127089
-0.111132
-0.095943
-0.081493
-0.067748
-0.054677
-0.042251
-0.03044
-0.019215
-0.008549
-0.009029
-0.009485
-0.009919
-0.010331
-0.010722
-0.011093
-0.011446
-0.011782
-0.012101
-0.012403
-0.012691
-0.012964
-0.013223
-0.01347
-0.013704
-0.013927
-0.014138
-0.014339
-0.01453
-0.014711
-0.014883
-0.015047
-0.015202
-0.01535
-0.01549
-0.015623
-0.01575
-0.01587
-0.026701
-0.037095
-0.047075
-0.056665
-0.065885
-0.074756
-0.083296
-0.091526
-0.09946
-0.107117
-0.11451
-0.121654
-0.128563
-0.135249
-0.141723
-0.147997
-0.15408
-0.159982
-0.165712
-0.171276
-0.176684
-0.18194
-0.187051
-0.192023
-0.19686
-0.201567
-0.206148
-0.210607
-0.214945
-0.219167
-0.223274
-0.227267
-0.23115
-0.234921
-0.238583
-0.242137
-0.245581
-0.248917
-0.252143
-0.25526
-0.258267
-0.261162
-0.263945
-0.266615
-0.269169
-0.271606
-0.273925
-0.276123
-0.278199
-0.280151
-0.281975
-0.283671
-0.285235
-0.286665
-0.287958
-0.289113
-0.290126
-0.290994
-0.291716
-0.292289
-0.292709
-0.292975
-0.293084
-0.293033
-0.286887
-0.281019
-0.275419
-0.270076
-0.26498
-0.26012
-0.255488
-0.251073
-0.246867
-0.24286
-0.239043
-0.235408
-0.231948
-0.228653
-0.225517
-0.222533
-0.219692
-0.210211
-0.201098
-0.192326
-0.183866
-0.175693
-0.167783
-0.160114
-0.152663
-0.145411
-0.13834
-0.131432
-0.124672
-0.118043
-0.111532
-0.105127
-0.098816
-0.092587
-0.08643
-0.080336
-0.074297
-0.068305
-0.062352
-0.056432
-0.05054
-0.044669
-0.038815
-0.032974
-0.027141
-0.021314
-0.01549
-0.009665
-0.003839
0.001992
0.007828
0.013671
0.019521
0.025379
0.031245
0.037119
0.043001
0.04889
0.054786
0.060687
0.066591
0.072499
0.078407
0.084314
0.090218
0.096116
0.102007
0.107887
0.113753
0.119603
0.125434
0.131242
0.137023
0.142775
0.148493
0.154174
0.159813
0.165407
0.15565
0.146366
0.137534
0.129132
0.121141
0.113542
0.106317
0.099447
0.092915
0.076203
0.060306
0.045078
0.03049
0.016512
0.003117
-0.009724
-0.022038
-0.03385
-0.044394
-0.054406
-0.063912
-0.072937
-0.081505
-0.089638
-0.097359
-0.103159
-0.108684
-0.113946
-0.118955
-0.12372
-0.128252
-0.132561
-0.136656
-0.140548
-0.144245
-0.147757
-0.151093
-0.154261
-0.155712
-0.157063
-0.158319
-0.159487
-0.149945
-0.140834
-0.132143
-0.123857
-0.115963
-0.108444
-0.101288
-0.094478
-0.088
-0.081841
-0.075985
-0.07042
-0.065131
-0.070812
-0.076196
-0.081298
-0.086133
-0.09256
-0.098664
-0.104463
-0.109969
-0.115199
-0.121988
-0.128415
-0.134498
-0.140254
-0.145699
-0.150849
-0.155719
-0.149692
-0.143948
-0.138478
-0.133271
-0.128317
-0.123604
-0.119122
-0.114861
-0.110812
-0.106964
-0.092602
-0.078899
-0.065813
-0.053305
-0.041336
-0.029872
-0.018878
-0.008325
0.001818
0.011579
0.020983
0.030054
0.038815
0.047286
0.055486
0.063433
0.071145
0.078635
0.085917
0.093006
0.099911
0.106645
0.113216
0.119633
0.125905
0.132039
0.125369
0.119029
0.113006
0.107283
0.101845
0.096679
0.09177
0.087107
0.082677
0.078469
0.074471
0.070674
0.067067
0.06364
0.060385
0.068052
0.075434
0.082549
0.089413
0.096045
0.102459
0.108669
0.114691
0.120535
0.126214
0.131738
0.137118
0.142362
0.14748
0.152478
0.157365
0.162146
0.154777
0.147769
0.141105
0.134769
0.128745
0.123018
0.117574
0.1124
0.107482
0.102807
0.087775
0.073476
0.059878
0.046951
0.034662
0.022984
0.011888
0.001345
-0.00867
-0.018183
-0.027218
-0.035799
-0.043948
-0.051686
-0.048417
-0.045311
-0.04236
-0.039556
-0.036892
-0.034361
-0.031957
-0.029673
-0.027502
-0.025441
-0.023482
-0.021621
-0.019853
-0.018174
-0.016578
-0.004432
0.007108
0.018069
0.02848
0.038368
0.047757
0.056672
0.054527
0.052489
0.050552
0.048712
0.046964
0.045304
0.043726
0.042227
0.040803
0.03945
0.038164
0.036943
0.025158
0.013959
0.003318
-0.006791
-0.016394
-0.025515
-0.034179
-0.042406
-0.050219
-0.057639
-0.064684
-0.071374
-0.067126
-0.06309
-0.059254
-0.055609
-0.052146
-0.048855
-0.045728
-0.042757
-0.039935
-0.037253
-0.034705
-0.032284
-0.029984
-0.027799
-0.025723
-0.023751
-0.021877
-0.020097
-0.018405
-0.016799
-0.015272
-0.013822
-0.012445
-0.011136
-0.009892
-0.008711
-0.007589
-0.006523
-0.00551
-0.004548
-0.003634
-0.002766
-0.001941
-0.001158
-0.000413
0.000294
0.000966
0.001604
0.002211
0.002787
0.003334
0.003854
0.004348
0.004817
0.005263
0.005686
0.006088
0.00647
0.006833
0.007178
0.007506
0.007817
0.008113
0.008393
0.00866
0.008914
0.009155
0.009383
0.009601
0.009807
0.010003
0.01019
0.010367
0.010535
0.010695
0.010846
0.01099
0.011127
0.011258
0.011381
0.000869
-0.009117
-0.018603
-0.027613
-0.03617
-0.044297
-0.052015
-0.059344
-0.066303
-0.072912
-0.079187
-0.074551
-0.070146
-0.065959
-0.061981
-0.0582
-0.054608
-0.051195
-0.047952
-0.04487
-0.041943
-0.039161
-0.036518
-0.034007
-0.031621
-0.029354
-0.027201
-0.025155
-0.023211
-0.010737
0.001116
0.012375
0.023071
0.033228
0.042875
0.041418
0.040034
0.038719
0.03747
0.036284
0.035156
0.034085
0.033067
0.032101
0.031182
0.03031
0.029481
0.028693
0.017319
0.006511
-0.003758
-0.013513
-0.022778
-0.031579
-0.039937
-0.047874
-0.055412
-0.06257
-0.069367
-0.07582
-0.071352
-0.067106
-0.063071
-0.059236
-0.055593
-0.05213
-0.048841
-0.045715
-0.042745
-0.039923
-0.037243
-0.034695
-0.032275
-0.029976
-0.027792
-0.025716
-0.023745
-0.021871
-0.020092
-0.018401
-0.016795
-0.015269
-0.013819
-0.012442
-0.011134
-0.009891
-0.00871
-0.007588
-0.006523
-0.00551
-0.004548
-0.003635
-0.002767
-0.001942
-0.001159
-0.000414
0.000293
0.000964
0.001602
0.002208
0.002784
0.003331
0.003851
0.004345
0.004814
0.005259
0.005683
0.006085
0.006467
0.00683
0.007174
0.007502
0.007813
0.008109
0.00839
0.008656
0.00891
0.009151
0.009379
0.009596
0.009803
0.009999
0.010185
0.010362
0.021263
0.031725
0.041772
0.051426
0.060709
0.069642
0.078244
0.086534
0.094528
0.102245
0.109698
0.116902
0.123871
0.130618
0.137154
0.14349
0.149636
0.155602
0.161397
0.167027
0.172502
0.177827
0.183008
0.188051
0.192961
0.197743
0.2024
0.206936
0.19926
0.191956
0.185006
0.178395
0.172105
0.166123
0.160433
0.155022
0.160187
0.16518
0.17001
0.174688
0.179221
0.18362
0.18789
0.192039
0.196075
0.200003
0.203829
0.207558
0.211195
0.214744
0.218208
0.221593
0.224899
0.22813
0.231289
0.234377
0.237395
0.240346
0.24323
0.246048
0.248799
0.251485
0.254105
0.256658
0.259145
0.261564
0.263914
0.266195
0.268404
0.27054
0.272602
0.274588
0.276494
0.27832
0.280064
0.281722
0.283292
0.284772
0.286159
0.287451
0.288643
0.281082
0.273871
0.266997
0.260444
0.2542
0.248251
0.242585
0.237189
0.232051
0.22716
0.222505
0.218075
0.213858
0.209847
0.206031
0.2024
0.198947
0.195662
0.192539
0.189568
0.186744
0.184058
0.189861
0.195422
0.200749
0.205849
0.210733
0.215407
0.219879
0.224156
0.228246
0.232153
0.235885
0.239447
0.242844
0.246081
0.249163
0.252093
0.254877
0.257517
0.260016
0.262377
0.264603
0.266696
0.268658
-0.270491
-0.272196
-0.273774
-0.275227
-0.276554
-0.277757
-0.278836
-0.279791
-0.280622
-0.281328
-0.28191
-0.282367
-0.282697
-0.282902
-0.282979
-0.282927
-0.282746
-0.282435
-0.281992
-0.281415
-0.280704
-0.279858
-0.278875
-0.277754
-0.276493
-0.272708
-0.269085
-0.26562
-0.262307
-0.259141
-0.256117
-0.253229
-0.250472
-0.24784
-0.24533
-0.242936
-0.240653
-0.238477
-0.236402
-0.234425
-0.232542
-0.230748
-0.229039
-0.227412
-0.225862
-0.224387
-0.222983
-0.221647
-0.220375
-0.219164
-0.218013
-0.216917
-0.215875
-0.214883
-0.218388
-0.221713
-0.224861
-0.227832
-0.230627
-0.233248
-0.235697
-0.237976
-0.240086
-0.242029
-0.243809
-0.245425
-0.246882
-0.248179
-0.24932
-0.250306
-0.251139
-0.25182
-0.25235
-0.252732
-0.252966
-0.253054
-0.252996
-0.252794
-0.252448
-0.251959
-0.251329
-0.250557
-0.249644
-0.24859
-0.247396
-0.246062
-0.244588
-0.242975
-0.241222
-0.23933
-0.237298
-0.235128
-0.232818
-0.230369
-0.227781
-0.225054
-0.222187
-0.222093
-0.221982
-0.221859
-0.221725
-0.221583
-0.221434
-0.221281
-0.221124
-0.220965
-0.220806
-0.220646
-0.220487
-0.220329
-0.220499
-0.220653
-0.220793
-0.22092
-0.221037
-0.221142
-0.221239
-0.22081
-0.220338
-0.219832
-0.219299
-0.218745
-0.218176
-0.217597
-0.217013
-0.216428
-0.215844
-0.215263
-0.21469
-0.214125
-0.213569
-0.213025
-0.212494
-0.211975
-0.211471
-0.210981
-0.210506
-0.210045
-0.2096
-0.20917
-0.208755
-0.208355
-0.209636
-0.20018
-0.191103
-0.182402
-0.174072
-0.166106
-0.158496
-0.151231
-0.144301
-0.137695
-0.131402
-0.114602
-0.098613
-0.082866
-0.067884
-0.053634
-0.040084
-0.027203
-0.01496
-0.003326
0.007728
0.017639
0.016759
0.015922
0.015127
0.014371
0.013654
0.012972
0.001435
-0.009525
-0.019358
-0.029279
-0.038702
-0.04765
-0.056147
-0.064216
-0.071878
-0.079152
-0.086059
-0.092617
-0.098843
-0.104755
-0.110367
-0.115696
-0.120754
-0.125557
-0.130118
-0.134447
-0.138558
-0.142462
-0.146167
-0.149686
-0.153027
-0.156199
-0.159212
-0.162072
-0.164788
-0.167367
-0.169815
-0.172141
-0.17435
-0.176446
-0.178438
-0.180329
-0.182125
-0.183831
-0.185451
-0.186989
-0.18845
-0.189838
-0.191156
-0.192408
-0.193597
-0.194726
-0.195798
-0.196817
-0.197784
-0.198703
-0.199576
-0.200405
-0.201192
-0.20194
-0.202651
-0.203325
-0.203966
-0.204575
-0.205153
-0.205703
-0.206225
-0.20672
-0.207191
-0.207638
-0.208063
-0.208467
-0.20885
-0.209214
-0.20956
-0.209889
-0.210201
-0.210497
-0.210779
-0.211047
-0.211301
-0.211542
-0.211772
-0.21199
-0.212196
-0.212393
-0.21258
-0.213314
-0.213988
-0.214606
-0.215175
-0.215697
-0.216178
-0.21662
-0.217027
-0.217401
-0.217747
-0.218065
-0.218359
-0.21863
-0.218563
-0.218493
-0.218422
-0.21835
-0.218277
-0.218204
-0.218132
-0.21806
-0.217989
-0.217919
-0.21785
-0.217782
-0.217716
-0.217652
-0.21759
-0.217529
-0.21747
-0.217413
-0.217358
-0.217305
-0.217254
-0.217204
-0.217156
-0.21711
-0.217066
-0.217024
-0.216983
-0.216944
-0.216906
-0.21687
-0.216836
-0.216803
-0.216771
-0.216741
-0.217227
-0.217668
-0.21807
-0.218435
-0.218766
-0.219068
-0.219342
-0.219592
-0.21982
-0.220027
-0.220216
-0.220388
-0.220544
-0.220687
-0.220535
-0.220384
-0.220233
-0.220083
-0.219936
-0.219791
-0.219649
-0.21951
-0.219374
-0.219241
-0.219113
-0.218988
-0.218867
-0.21875
-0.218637
-0.218528
-0.218422
-0.218321
-0.218223
-0.218129
-0.218039
-0.217952
-0.217869
-0.217789
-0.217712
-0.217639
-0.217568
-0.217501
-0.217436
-0.217375
-0.217316
-0.21726
-0.217206
-0.217155
-0.217105
-0.217059
-0.217014
-0.216971
-0.216931
-0.216892
-0.216855
-0.21682
-0.216786
-0.216754
-0.216724
-0.216695
-0.216667
-0.216641
-0.216616
-0.216592
-0.216569
-0.216547
-0.216527
-0.216507
-0.216488
-0.216471
-0.216454
-0.216438
-0.216423
-0.216408
-0.216394
-0.216381
-0.216368
-0.216356
-0.216345
-0.216881
-0.217367
-0.217808
-0.218208
-0.218571
-0.2189
-0.2192
-0.219471
-0.219718
-0.219942
-0.219794
-0.219649
-0.219507
-0.219369
-0.219235
-0.219105
-0.218979
-0.218856
-0.218739
-0.218625
-0.218515
-0.218409
-0.218307
-0.218209
-0.218115
-0.218025
-0.217938
-0.217855
-0.217775
-0.217699
-0.217626
-0.217556
-0.217489
-0.217424
-0.217363
-0.217305
-0.217249
-0.217195
-0.217144
-0.217096
-0.217049
-0.217005
-0.216962
-0.216922
-0.216884
-0.216847
-0.216812
-0.216223
-0.215615
-0.214978
-0.214301
-0.213574
-0.21279
-0.211941
-0.21102
-0.210021
-0.20894
-0.207771
-0.206509
-0.205152
-0.203696
-0.202139
-0.200476
-0.198708
-0.19683
-0.194843
-0.192743
-0.190531
-0.188204
-0.185763
-0.183206
-0.180533
-0.177743
-0.174837
-0.171813
-0.168672
-0.165413
-0.162038
-0.158545
-0.154936
-0.151211
-0.14737
-0.143413
-0.139343
-0.135159
-0.130862
-0.126453
-0.121933
-0.117303
-0.112565
-0.10772
-0.112172
-0.116392
-0.120391
-0.124181
-0.127775
-0.126114
-0.124416
-0.122673
-0.120882
-0.119036
-0.117131
-0.115163
-0.113129
-0.111025
-0.108848
-0.106595
-0.104264
-0.101853
-0.099359
-0.09678
-0.094116
-0.091365
-0.088525
-0.085595
-0.082576
-0.079465
-0.076263
-0.072969
-0.069583
-0.066105
-0.062534
-0.058872
-0.055117
-0.051271
-0.047335
-0.043308
-0.039192
-0.034986
-0.030694
-0.026315
-0.021851
-0.017303
-0.012673
-0.007963
0.003174
-0.001693
-0.006633
-0.011647
-0.016731
-0.021883
-0.027101
-0.032381
-0.037721
-0.043118
-0.048569
-0.054071
-0.05962
-0.065213
-0.070846
-0.076516
-0.082219
-0.087951
-0.093707
-0.08429
-0.075334
-0.066819
-0.058723
-0.051029
-0.043715
-0.036764
-0.039896
-0.043003
-0.046094
-0.049174
-0.052249
-0.055327
-0.058412
-0.061508
-0.06462
-0.067752
-0.070907
-0.074089
-0.0773
-0.080542
-0.083817
-0.087127
-0.090474
-0.093858
-0.09728
-0.100741
-0.104241
-0.10778
-0.111358
-0.114974
-0.118629
-0.12232
-0.126047
-0.129809
-0.133604
-0.137431
-0.141288
-0.145173
-0.149084
-0.153018
-0.156974
-0.160949
-0.164939
-0.168943
-0.172956
-0.162995
-0.153514
-0.144494
-0.135913
-0.127751
-0.119989
-0.112607
-0.105589
-0.098916
-0.092572
-0.086542
-0.08081
-0.075363
-0.080715
-0.085797
-0.090623
-0.095206
-0.099558
-0.10369
-0.107613
-0.111339
-0.114877
-0.118237
-0.121427
-0.124457
-0.127334
-0.130066
-0.13266
-0.136888
-0.140898
-0.1447
-0.148306
-0.151724
-0.154964
-0.158036
-0.160948
-0.163708
-0.166324
-0.168804
-0.171154
-0.173382
-0.175494
-0.177496
-0.179394
-0.181193
-0.182899
-0.184516
-0.18605
-0.187504
-0.188883
-0.190191
-0.191431
-0.192607
-0.193723
-0.194781
-0.195785
-0.196738
-0.197641
-0.198498
-0.199312
-0.200083
-0.200816
-0.20151
-0.20217
-0.192204
-0.182717
-0.173686
-0.154424
-0.136068
-0.118583
-0.101937
-0.086094
-0.071023
-0.056688
-0.041617
-0.027294
-0.013688
-0.011566
-0.009549
-0.007634
-0.005815
-0.004087
-0.002447
-0.000889
0.00059
0.001994
0.003327
0.004593
0.005794
0.006935
0.008018
0.009046
0.010022
0.010949
0.001136
-0.008177
-0.017014
-0.025399
-0.033355
-0.040904
-0.048066
-0.044217
-0.040561
-0.037091
-0.033795
-0.030666
-0.027695
-0.024873
-0.022195
-0.019651
-0.017235
-0.014942
-0.012764
-0.010696
-0.008732
-0.006867
-0.005096
-0.003414
0.008788
0.020374
0.031374
0.041817
0.05173
0.061139
0.070069
0.078545
0.086589
0.094224
0.101469
0.108344
0.11487
0.121063
0.12694
0.132518
0.137812
0.142836
0.126658
0.111258
0.096604
0.082566
0.069112
0.056208
0.043824
0.031931
0.020501
0.009507
-0.001075
-0.011271
-0.021103
-0.030592
-0.039758
-0.048619
-0.057195
-0.065501
-0.073552
-0.081363
-0.088948
-0.083927
-0.079155
-0.07462
-0.070311
-0.066216
-0.062325
-0.048004
-0.03439
-0.021451
-0.009156
0.002525
0.013621
0.024161
0.034171
0.043677
0.052703
0.061273
0.058796
0.056443
0.054207
0.052082
0.050063
0.048146
0.046324
0.033965
0.022219
0.011057
0.000452
-0.009622
-0.019192
-0.028281
-0.036913
-0.045111
-0.052896
-0.060289
-0.067309
-0.073974
-0.080303
-0.086313
-0.081425
-0.07678
-0.072365
-0.06817
-0.064183
-0.049776
-0.036079
-0.023061
-0.01069
0.001065
0.012231
0.022838
0.032911
0.03185
0.030842
0.029885
0.028975
0.028111
0.02729
0.02651
0.025769
0.025065
0.013763
0.003024
-0.007178
-0.016869
-0.026074
-0.034816
-0.043119
-0.051004
-0.058492
-0.065602
-0.072353
-0.078763
-0.074251
-0.069962
-0.065886
-0.062014
-0.058333
-0.054837
-0.051514
-0.048357
-0.045357
-0.042507
-0.039799
-0.037226
-0.034782
-0.032459
-0.030253
-0.028157
-0.026165
-0.024273
-0.022475
-0.020768
-0.019145
-0.017604
-0.016139
-0.014748
-0.013427
-0.012171
-0.010978
-0.009845
-0.008769
-0.007746
-0.006774
-0.005851
-0.004974
-0.004141
-0.00335
-0.002598
-0.001884
-0.001206
-0.000561
0.000051
0.000633
0.001186
0.001711
0.002209
0.002683
0.003133
0.003561
0.003967
0.004353
0.004719
0.005068
0.005399
0.005713
0.006011
0.006295
0.006565
0.006821
0.007064
0.007295
0.007514
0.007723
0.007921
-0.002526
-0.01245
-0.021877
-0.03083
-0.039334
-0.047409
-0.055078
-0.06236
-0.069275
-0.075841
-0.082076
-0.087995
-0.093616
-0.088367
-0.083378
-0.078636
-0.07413
-0.069847
-0.065778
-0.061911
-0.058236
-0.054744
-0.051426
-0.048274
-0.045278
-0.042432
-0.039728
-0.037159
-0.034718
-0.032399
-0.030196
-0.028103
-0.026114
-0.024225
-0.02243
-0.020724
-0.019104
-0.017565
-0.016103
-0.014714
-0.013394
-0.01214
-0.010949
-0.009818
-0.008743
-0.007721
-0.006751
-0.00583
-0.004954
-0.004122
-0.003332
-0.002581
-0.001868
-0.001191
-0.000547
0.000064
0.000645
0.001197
0.001721
0.002219
0.002693
0.003142
0.003569
0.003975
0.00436
0.004726
0.005074
0.005404
0.005718
0.006016
0.006299
0.006568
0.006824
0.007067
0.007298
0.007517
0.007725
0.007923
0.008111
0.008289
0.008459
0.00862
0.008773
0.008918
0.009056
0.009188
0.009312
0.009431
0.009543
0.00965
0.009751
0.009848
0.009939
0.010026
0.010109
0.010188
0.010262
0.010333
0.0104
0.010464
0.010525
0.010583
0.010638
0.01069
0.010739
0.010786
0.010831
0.010873
0.010914
0.010952
0.010988
0.011023
0.011056
0.011087
0.011116
0.011145
0.011171
0.011197
0.011221
0.011244
0.011266
0.000651
-0.009432
-0.01901
-0.028108
-0.036749
-0.044955
-0.052747
-0.060147
-0.067174
-0.073846
-0.080182
-0.086197
-0.091909
-0.097332
-0.091899
-0.086736
-0.081828
-0.077163
-0.07273
-0.068518
-0.064515
-0.06071
-0.057096
-0.053661
-0.050397
-0.047296
-0.04435
-0.041551
-0.038891
-0.036364
-0.033963
-0.021051
-0.008781
0.002877
0.013952
0.024471
0.034461
0.043949
0.052959
0.061514
0.069636
0.066742
0.063993
0.06138
0.058898
0.056539
0.054298
0.052169
0.050146
0.048224
0.046398
0.044662
0.043014
0.041448
0.03996
0.038546
0.037203
0.035928
0.034716
0.033564
0.03247
0.03143
0.030443
0.029505
0.028614
0.027767
0.026963
0.026198
0.025472
0.024782
0.024127
0.023505
0.022913
0.022352
0.021818
0.021311
0.020829
0.020371
0.019937
0.019524
0.019131
0.018758
0.018404
0.018068
0.007114
-0.003293
-0.013179
-0.022569
-0.031489
-0.03996
-0.048004
-0.055643
-0.062897
-0.069786
-0.076326
-0.082537
-0.088433
-0.094032
-0.099348
-0.104396
-0.109188
-0.10317
-0.097449
-0.09201
-0.086841
-0.081928
-0.077259
-0.072822
-0.068605
-0.064597
-0.060789
-0.057171
-0.053732
-0.050465
-0.047361
-0.044412
-0.041609
-0.038947
-0.036417
-0.034014
-0.03173
-0.029561
-0.0275
-0.025542
-0.023681
-0.021914
-0.020235
-0.01864
-0.017124
-0.015684
-0.014317
-0.013017
-0.001042
0.010443
0.021465
0.032048
0.042216
0.051992
0.061397
0.070451
0.079174
0.087583
0.095697
0.10353
0.111099
0.118418
0.125498
0.132354
0.138996
0.145435
0.151681
0.157743
0.163629
0.169347
0.174904
0.180307
0.185562
0.190673
0.195645
0.200483
0.205191
0.209772
0.214228
0.216508
0.208649
0.201169
0.194051
0.197353
0.200487
0.203544
0.206529
0.209446
0.212302
0.2151
0.217843
0.220537
0.223184
0.225787
0.228349
0.230872
0.233358
0.235808
0.238224
0.240607
0.242958
0.245276
0.247563
0.249819
0.252043
0.254234
0.256392
0.258517
0.260606
0.262659
0.264675
0.266651
0.268586
0.270478
0.272325
0.274124
0.275873
0.277571
0.279213
0.280798
0.272483
0.264557
0.257003
0.249807
0.242952
0.236423
0.230207
0.22429
0.218657
0.213296
0.217209
0.22098
0.224615
0.228119
0.231499
0.234758
0.237903
0.240937
0.243865
0.24669
0.249415
0.252045
0.254581
0.257026
0.259382
0.261652
0.263836
0.265935
0.267952
0.269887
0.27174
0.273511
0.275201
0.27681
0.278337
0.279782
0.281144
0.282423
0.283616
0.284723
0.285744
0.286675
0.287516
0.288265
-0.28892
-0.289479
-0.28994
-0.290302
-0.284105
-0.284821
-0.285499
-0.279532
-0.28048
-0.281381
-0.282235
-0.283043
-0.283804
-0.28452
-0.28519
-0.279332
-0.273743
-0.261819
-0.250397
-0.239464
-0.229007
-0.219012
-0.209464
-0.200347
-0.191648
-0.183349
-0.175436
-0.167894
-0.160707
-0.15386
-0.14734
-0.141131
-0.135221
-0.129596
-0.124243
-0.119149
-0.114304
-0.109695
-0.112411
-0.114989
-0.117436
-0.11976
-0.121966
-0.13121
-0.140044
-0.148478
-0.156524
-0.164193
-0.171496
-0.178445
-0.185049
-0.191321
-0.19727
-0.202906
-0.20824
-0.213281
-0.218038
-0.22252
-0.226735
-0.23069
-0.234394
-0.237853
-0.241074
-0.244063
-0.246827
-0.24937
-0.251699
-0.253817
-0.255729
-0.25744
-0.258952
-0.260271
-0.261398
-0.262337
-0.263091
-0.263663
-0.264053
-0.264265
-0.264301
-0.264162
-0.263849
-0.263364
-0.262708
-0.261882
-0.260888
-0.259725
-0.257187
-0.254755
-0.249388
-0.244203
-0.239201
-0.234381
-0.229743
-0.225283
-0.221
-0.21689
-0.212948
-0.209171
-0.205554
-0.202093
-0.205699
-0.209121
-0.212355
-0.215401
-0.21826
-0.220931
-0.223415
-0.225713
-0.227825
-0.229754
-0.231502
-0.233069
-0.234457
-0.235668
-0.236705
-0.237569
-0.238261
-0.238784
-0.239139
-0.239329
-0.239354
-0.239217
-0.238919
-0.238461
-0.237845
-0.237072
-0.236143
-0.23506
-0.233824
-0.232435
-0.230895
-0.229205
-0.227365
-0.225376
-0.225067
-0.224757
-0.224448
-0.22414
-0.223836
-0.223536
-0.223241
-0.222952
-0.222669
-0.222393
-0.222125
-0.221864
-0.221611
-0.221366
-0.221128
-0.220899
-0.220045
-0.219189
-0.218345
-0.217497
-0.216635
-0.215745
-0.214816
-0.213841
-0.212809
-0.211713
-0.210546
-0.209302
-0.207976
-0.206563
-0.205058
-0.203458
-0.204062
-0.204633
-0.205172
-0.205681
-0.206162
-0.206616
-0.207045
-0.207451
-0.207835
-0.208198
-0.208542
-0.208867
-0.209174
-0.209465
-0.211133
-0.212684
-0.214127
-0.215471
-0.216722
-0.217889
-0.218976
-0.21999
-0.220937
-0.221821
-0.222647
-0.22342
-0.224142
-0.224817
-0.22436
-0.22392
-0.223499
-0.223096
-0.222709
-0.222339
-0.221985
-0.221647
-0.221323
-0.221013
-0.220718
-0.220435
-0.220166
-0.219908
-0.219663
-0.219428
-0.219205
-0.218992
-0.218788
-0.218595
-0.21841
-0.218234
-0.218066
-0.217907
-0.217755
-0.21761
-0.217472
-0.216068
-0.214705
-0.213384
-0.212106
-0.210871
-0.209678
-0.208529
-0.207422
-0.206356
-0.205332
-0.204348
-0.203403
-0.204011
-0.204584
-0.205126
-0.205637
-0.20612
-0.206577
-0.207009
-0.207417
-0.207802
-0.208167
-0.208512
-0.208839
-0.209148
-0.20944
-0.209717
-0.209979
-0.210227
-0.210462
-0.210685
-0.210896
-0.211096
-0.211285
-0.211464
-0.211634
-0.211796
-0.211948
-0.212093
-0.212231
-0.212361
-0.212485
-0.212602
-0.212713
-0.212818
-0.212918
-0.213013
-0.213103
-0.213189
-0.21327
-0.213347
-0.21342
-0.213489
-0.213555
-0.213617
-0.213676
-0.213732
-0.213786
-0.213836
-0.213884
-0.21393
-0.213973
-0.214015
-0.214054
-0.214091
-0.214126
-0.214159
-0.212856
-0.211595
-0.210378
-0.209169
-0.207957
-0.206729
-0.205478
-0.204192
-0.202864
-0.201487
-0.200054
-0.198559
-0.196995
-0.195359
-0.193646
-0.191852
-0.189973
-0.188006
-0.185948
-0.183797
-0.18155
-0.179206
-0.176762
-0.174217
-0.17157
-0.168819
-0.165963
-0.163001
-0.159934
-0.156759
-0.153477
-0.150088
-0.14659
-0.142985
-0.139272
-0.13545
-0.131522
-0.127486
-0.131252
-0.134819
-0.138197
-0.141398
-0.14443
-0.147302
-0.150024
-0.152603
-0.155047
-0.157363
-0.159558
-0.161639
-0.163611
-0.165481
-0.162943
-0.160432
-0.157936
-0.155446
-0.152951
-0.150444
-0.147916
-0.145361
-0.142771
-0.140141
-0.137465
-0.134739
-0.131957
-0.129116
-0.126212
-0.123241
-0.120201
-0.117089
-0.113902
-0.110639
-0.107297
-0.103874
-0.10037
-0.096783
-0.093112
-0.089356
-0.085515
-0.081588
-0.077574
-0.073475
-0.069289
-0.065017
-0.06066
-0.056218
-0.051691
-0.047081
-0.042387
-0.037612
-0.044098
-0.050255
-0.0561
-0.061648
-0.066915
-0.071915
-0.07666
-0.081165
-0.08544
-0.089498
-0.086222
-0.082985
-0.079778
-0.07659
-0.073413
-0.070239
-0.067059
-0.063868
-0.068896
-0.07367
-0.085357
-0.096434
-0.106932
-0.116879
-0.126304
-0.135233
-0.143692
-0.151705
-0.159295
-0.166486
-0.173298
-0.17975
-0.185863
-0.191655
-0.197142
-0.202341
-0.207267
-0.211936
-0.209533
-0.207248
-0.205075
-0.203008
-0.201043
-0.199174
-0.197397
-0.188808
-0.180617
-0.172807
-0.165363
-0.158271
-0.151516
-0.145083
-0.138958
-0.133128
-0.127579
-0.122299
-0.117275
-0.112497
-0.107951
-0.103628
-0.099517
-0.095607
-0.09189
-0.088357
-0.084997
-0.081803
-0.078768
-0.075882
-0.073139
-0.070533
-0.068055
-0.065701
-0.063464
-0.061337
-0.059317
-0.057397
-0.062754
-0.067839
-0.072667
-0.077249
-0.081599
-0.085728
-0.089647
-0.093367
-0.096899
-0.100251
-0.103434
-0.106455
-0.116427
-0.125876
-0.134827
-0.143307
-0.151341
-0.15895
-0.166159
-0.172988
-0.179457
-0.185586
-0.191392
-0.196893
-0.195228
-0.193645
-0.19214
-0.190709
-0.189349
-0.188056
-0.186827
-0.185659
-0.184548
-0.183493
-0.18249
-0.181536
-0.18063
-0.179769
-0.178951
-0.178173
-0.177434
-0.176732
-0.176064
-0.17543
-0.174827
-0.174255
-0.17371
-0.173193
-0.172702
-0.172235
-0.171791
-0.17137
-0.17097
-0.170589
-0.170227
-0.169884
-0.169557
-0.169247
-0.168953
-0.168673
-0.168407
-0.168154
-0.167914
-0.167686
-0.167469
-0.167263
-0.167067
-0.166882
-0.166705
-0.166537
-0.166378
-0.166226
-0.166083
-0.165946
-0.165816
-0.172727
-0.17933
-0.185632
-0.191642
-0.197369
-0.202821
-0.208006
-0.212931
-0.217604
-0.222033
-0.226225
-0.230186
-0.233924
-0.237443
-0.240751
-0.243852
-0.246753
-0.249456
-0.251969
-0.254293
-0.256434
-0.258396
-0.260181
-0.261792
-0.263233
-0.264506
-0.265614
-0.266558
-0.26734
-0.267963
-0.268426
-0.268733
-0.268884
-0.268879
-0.26872
-0.268407
-0.267941
-0.267322
-0.26655
-0.265626
-0.26455
-0.263321
-0.26194
-0.260407
-0.258722
-0.256884
-0.254893
-0.25275
-0.250453
-0.248004
-0.2454
-0.242644
-0.239734
-0.236671
-0.233454
-0.230083
-0.22656
-0.222883
-0.219054
-0.215073
-0.210939
-0.211435
-0.211885
-0.212293
-0.212664
-0.212999
-0.213304
-0.213581
-0.213832
-0.214061
-0.214268
-0.214456
-0.214627
-0.214783
-0.214924
-0.215053
-0.21517
-0.215276
-0.215373
-0.215462
-0.215542
-0.215616
-0.215683
-0.215744
-0.215799
-0.21585
-0.215897
-0.215939
-0.215978
-0.216014
-0.216046
-0.216076
-0.216103
-0.216128
-0.216151
-0.216172
-0.216192
-0.216209
-0.216226
-0.216241
-0.216255
-0.216267
-0.216279
-0.21629
-0.2163
-0.216309
-0.216318
-0.216326
-0.216333
-0.21634
-0.216346
-0.216352
-0.216357
-0.216362
-0.216367
-0.216371
-0.216375
-0.216379
-0.216382
-0.216386
-0.216389
-0.216392
-0.216394
-0.216397
-0.216399
-0.216401
-0.216403
-0.216405
-0.216407
-0.216408
-0.21641
-0.216411
-0.216413
-0.216414
-0.216415
-0.216416
-0.216418
-0.216419
-0.21642
-0.21642
-0.216421
-0.216422
-0.216423
-0.216423
-0.216424
-0.216425
-0.216425
-0.216426
-0.216426
-0.216427
-0.216427
-0.216428
-0.216428
-0.216429
-0.216429
-0.216429
-0.21643
-0.21643
-0.21643
-0.216431
-0.216431
-0.216431
-0.216431
-0.216432
-0.216432
-0.216432
-0.216432
-0.216432
-0.216433
-0.216433
-0.216433
-0.216433
-0.216433
-0.216433
-0.216433
-0.216434
-0.216434
-0.216434
-0.216434
-0.216434
-0.216434
-0.216434
-0.216434
-0.216434
-0.216434
-0.216434
-0.216435
-0.216435
-0.216435
-0.216435
-0.216435
-0.216435
-0.216435
-0.216435
-0.216435
-0.216435
-0.216435
-0.216435
-0.216435
-0.216435
-0.216435
-0.216435
-0.216435
-0.216435
-0.216435
-0.216435
-0.216435
-0.216435
-0.216435
-0.216435
-0.216435
-0.216435
-0.216435
-0.216436
-0.216436
-0.216436
-0.216436
-0.216436
-0.216436
-0.216436
-0.216436
-0.216436
-0.216436
-0.216436
-0.216436
-0.216436
-0.216436
-0.216436
-0.216436
-0.216436
-0.216436
-0.216436
-0.216436
-0.216436
-0.216436
-0.216436
-0.216436
-0.216436
-0.216436
-0.216436
-0.216436
-0.216436
-0.216436
-0.216436
-0.216436
-0.216436
-0.216436
-0.216436
-0.216436
-0.216436
-0.216436
-0.216465
-0.216469
-0.216452
-0.216416
-0.216341
-0.216218
-0.216038
-0.215794
-0.215479
-0.215088
-0.214614
-0.214054
-0.213403
-0.212657
-0.211813
-0.210867
-0.209819
-0.208664
-0.207402
-0.206029
-0.204546
-0.20295
-0.20124
-0.199415
-0.197475
-0.195418
-0.195017
-0.194635
-0.194271
-0.193923
-0.193592
-0.193277
-0.194519
-0.195685
-0.19678
-0.197809
-0.198776
-0.199685
-0.20054
-0.201344
-0.202102
-0.202815
-0.203487
-0.204119
-0.204716
-0.205278
-0.205809
-0.206309
-0.206781
-0.207227
-0.207648
-0.208045
-0.208421
-0.207475
-0.206517
-0.205536
-0.204525
-0.203474
-0.202376
-0.201225
-0.200013
-0.198736
-0.197388
-0.195966
-0.194464
-0.19288
-0.191209
-0.189449
-0.187598
-0.185653
-0.183611
-0.181472
-0.179232
-0.176891
-0.174447
-0.171899
-0.169247
-0.166488
-0.165903
-0.165346
-0.17071
-0.175819
-0.180671
-0.185262
-0.189592
-0.19366
-0.197468
-0.201015
-0.204305
-0.207339
-0.21012
-0.212651
-0.214936
-0.216978
-0.218781
-0.220348
-0.221683
-0.222791
-0.223675
-0.224338
-0.224785
-0.22502
-0.225045
-0.224864
-0.224482
-0.223901
-0.223124
-0.222155
-0.220997
-0.219652
-0.218124
-0.216415
-0.214529
-0.212466
-0.210231
-0.207825
-0.205251
-0.202511
-0.199607
-0.199299
-0.199004
-0.198723
-0.199717
-0.200646
-0.201517
-0.20352
-0.205359
-0.207049
-0.208602
-0.21003
-0.211343
-0.212552
-0.213665
-0.214689
-0.215643
-0.216515
-0.2173
-0.217989
-0.218576
-0.219057
-0.219426
-0.219679
-0.219814
-0.219826
-0.219715
-0.219477
-0.219111
-0.218615
-0.217989
-0.21723
-0.21634
-0.215316
-0.214158
-0.212867
-0.211442
-0.209883
-0.210309
-0.210705
-0.211071
-0.211412
-0.212297
-0.213082
-0.213779
-0.214395
-0.21494
-0.21542
-0.215842
-0.216214
-0.216539
-0.216823
-0.21707
-0.217271
-0.217415
-0.217494
-0.217502
-0.21743
-0.217275
-0.21703
-0.216691
-0.216254
-0.215716
-0.215073
-0.214322
-0.213462
-0.21249
-0.212765
-0.213019
-0.213253
-0.213469
-0.213669
-0.213854
-0.214024
-0.214182
-0.214328
-0.214464
-0.214589
-0.214706
-0.214814
-0.214915
-0.214665
-0.214416
-0.214168
-0.213922
-0.21368
-0.213441
-0.213208
-0.212979
-0.212756
-0.212539
-0.212327
-0.212122
-0.211924
-0.211731
-0.211545
-0.211366
-0.211193
-0.211026
-0.210865
-0.210711
-0.210562
-0.21042
-0.210283
-0.210152
-0.210026
-0.209905
-0.20979
-0.209679
-0.209574
-0.209473
-0.209376
-0.209283
-0.209195
-0.209111
-0.20903
-0.208953
-0.20888
-0.20881
-0.208743
-0.209322
-0.209852
-0.210339
-0.210786
-0.211197
-0.211575
-0.211923
-0.212243
-0.212537
-0.213267
-0.213901
-0.214452
-0.214928
-0.215337
-0.215687
-0.215984
-0.216235
-0.216445
-0.216618
-0.216759
-0.216873
-0.216961
-0.217028
-0.217076
-0.217108
-0.217125
-0.21713
-0.217125
-0.217111
-0.217122
-0.217129
-0.217131
-0.217129
-0.217123
-0.217116
-0.217105
-0.217093
-0.217079
-0.217064
-0.217048
-0.21703
-0.217013
-0.216995
-0.216976
-0.216957
-0.216939
-0.21692
-0.216902
-0.216883
-0.216865
-0.216848
-0.21683
-0.216813
-0.216797
-0.21678
-0.216765
-0.21675
-0.216735
-0.216721
-0.216707
-0.216693
-0.216681
-0.216668
-0.216656
-0.216645
-0.216634
-0.216623
-0.216613
-0.216604
-0.216594
-0.216585
-0.216577
-0.216383
-0.216154
-0.215881
-0.215553
-0.215161
-0.2147
-0.214161
-0.213539
-0.212829
-0.212025
-0.211124
-0.210123
-0.209017
-0.207805
-0.206483
-0.20505
-0.203503
-0.201842
-0.200064
-0.198169
-0.196156
-0.194023
-0.191771
-0.189398
-0.186905
-0.18429
-0.181554
-0.178697
-0.175719
-0.172619
-0.169399
-0.166057
-0.162596
-0.159014
-0.155313
-0.151494
-0.150917
-0.150368
-0.149846
-0.149351
-0.148879
-0.148431
-0.148005
-0.151098
-0.154024
-0.156791
-0.159409
-0.165401
-0.171112
-0.176542
-0.181689
-0.186554
-0.191139
-0.195445
-0.199475
-0.203233
-0.206721
-0.209944
-0.212906
-0.215611
-0.218064
-0.220268
-0.222229
-0.22395
-0.225437
-0.226693
-0.227723
-0.228531
-0.229122
-0.229498
-0.229664
-0.229624
-0.229381
-0.228939
-0.228301
-0.22747
-0.226449
-0.225241
-0.223849
-0.222276
-0.220523
-0.218595
-0.216492
-0.214218
-0.211775
-0.209164
-0.206388
-0.20345
-0.20035
-0.197091
-0.193675
-0.190104
-0.18638
-0.182505
-0.178481
-0.174309
-0.169993
-0.165533
-0.160932
-0.156192
-0.151315
-0.146303
-0.149475
-0.152474
-0.155312
-0.157996
-0.160536
-0.166383
-0.171885
-0.177063
-0.181937
-0.186524
-0.190843
-0.19491
-0.198741
-0.202349
-0.205748
-0.208952
-0.211972
-0.214819
-0.217504
-0.220036
-0.222426
-0.22468
-0.226809
-0.222806
-0.218936
-0.215179
-0.211516
-0.20793
-0.204406
-0.20093
-0.197489
-0.194071
-0.190664
-0.187258
-0.183845
-0.180415
-0.176962
-0.173479
-0.169958
-0.166394
-0.162783
-0.159119
-0.155397
-0.151616
-0.14777
-0.143858
-0.139876
-0.135822
-0.131694
-0.127491
-0.123211
-0.118852
-0.114415
-0.109897
-0.105299
-0.10062
-0.099219
-0.097887
-0.096621
-0.10689
-0.116608
-0.125803
-0.134502
-0.142731
-0.150516
-0.157879
-0.164844
-0.171432
-0.177665
-0.18356
-0.189138
-0.194415
-0.199409
-0.204134
-0.208605
-0.212838
-0.216844
-0.220636
-0.224227
-0.227627
-0.230846
-0.233895
-0.236783
-0.228995
-0.221503
-0.214282
-0.207305
-0.20055
-0.193996
-0.187621
-0.181407
-0.175335
-0.16939
-0.163556
-0.157819
-0.152165
-0.146582
-0.14106
-0.135587
-0.130155
-0.124755
-0.119378
-0.114017
-0.108665
-0.103318
-0.097968
-0.092611
-0.087243
-0.081859
-0.076456
-0.071031
-0.06558
-0.070424
-0.075022
-0.079387
-0.083531
-0.087464
-0.091198
-0.094742
-0.098107
-0.101301
-0.104333
-0.107212
-0.102627
-0.098155
-0.093781
-0.08949
-0.085269
-0.081107
-0.076992
-0.072915
-0.068867
-0.064837
-0.06082
-0.056806
-0.052791
-0.048768
-0.044731
0.040676
0.036598
0.032493
0.028357
0.024188
0.019982
0.015737
0.011452
0.007123
0.00275
-0.001669
0.005324
0.011968
0.018278
0.024272
0.029964
0.035371
0.040505
0.045381
0.050012
0.062746
0.074828
0.086289
0.097158
0.107466
0.11724
0.126508
0.135294
0.143624
0.151522
0.159009
0.166107
0.172837
0.179216
0.185265
0.191
0.196438
0.201595
0.206484
0.203069
0.199822
0.196733
0.193795
0.191001
0.188345
0.185819
0.183417
0.181134
0.178963
0.176899
0.166786
0.15715
0.147972
0.139232
0.130912
0.122993
0.115457
0.108288
0.101468
0.094982
0.088813
0.082947
0.07737
0.071961
0.066702
0.061576
0.056568
0.051665
0.046854
0.042121
0.037457
0.03285
0.028292
0.023773
0.019286
0.014823
0.010378
0.005943
0.001515
0.007805
0.01378
0.019456
0.024847
0.029967
0.034831
0.03945
0.043836
0.048003
0.051959
0.055717
0.059286
0.062675
0.065893
0.060129
0.054531
0.049083
0.043771
0.038578
0.033491
0.028498
0.023588
0.018749
0.013971
0.009245
0.004564
-0.000081
-0.004697
-0.00929
-0.013866
-0.01843
-0.022987
-0.027542
-0.032097
-0.036657
-0.041225
-0.045803
-0.038288
-0.031147
-0.02436
-0.017912
-0.011785
-0.005964
-0.000434
0.00482
0.009811
0.014552
0.019056
0.023334
0.027397
0.031257
0.034923
0.038406
0.041713
0.044855
0.047839
0.050673
0.053366
0.055923
0.058351
0.060658
0.053366
0.04632
0.039499
0.032884
0.026458
0.020204
0.014107
0.008152
0.002325
-0.003385
-0.00899
-0.0145
-0.019926
-0.025276
-0.030558
-0.035781
-0.040951
-0.046074
-0.051156
-0.056201
-0.061216
-0.066203
-0.071167
-0.07611
-0.081035
-0.085945
-0.090842
-0.095726
-0.1006
-0.105464
-0.11032
-0.111906
-0.113413
-0.114844
-0.116203
-0.117495
-0.118721
-0.119886
-0.120992
-0.122043
-0.123041
-0.12399
-0.12489
-0.115605
-0.106772
-0.098373
-0.090386
-0.082793
-0.075574
-0.068711
-0.062189
-0.05599
-0.050099
-0.0445
-0.03918
-0.034124
-0.029321
-0.024757
-0.02042
-0.0163
-0.012386
-0.008667
-0.005134
-0.001777
0.001411
0.004441
0.007318
0.010052
0.012649
0.015116
0.01746
0.019686
0.021801
0.02381
0.025719
0.027532
0.029254
0.03089
0.032445
0.033921
0.035324
0.036656
0.027701
0.019192
0.011107
0.003425
-0.003873
-0.010917
-0.017727
-0.024321
-0.030715
-0.036925
-0.042966
-0.048852
-0.054594
-0.060206
-0.065697
-0.071079
-0.07636
-0.08155
-0.086655
-0.07975
-0.073187
-0.066948
-0.061019
-0.045043
-0.029854
-0.015417
-0.001699
0.011334
0.023713
0.03547
0.046634
0.057233
0.067296
0.076849
0.085917
0.094524
0.102694
0.100156
0.097745
0.095454
0.093277
0.091208
0.089242
0.087375
0.0856
0.073494
0.061874
0.050712
0.039979
0.029649
0.019697
0.010099
0.000833
-0.008122
-0.016786
-0.025178
-0.033314
-0.041212
-0.048886
-0.05635
-0.063618
-0.070702
-0.075796
-0.080633
-0.085226
-0.089587
-0.093729
-0.087211
-0.081014
-0.075125
-0.069527
-0.064207
-0.059151
-0.054346
-0.04978
-0.045442
-0.04132
-0.037403
-0.033681
-0.030145
-0.026785
-0.023593
-0.02056
-0.017679
-0.014942
-0.012341
-0.009871
-0.007524
-0.005294
-0.003175
-0.001163
0.000749
0.002565
0.004291
0.00593
0.007487
-0.001534
-0.010104
-0.018244
-0.025976
-0.03332
-0.040296
-0.04692
-0.053211
-0.059186
-0.064859
-0.070247
-0.075477
-0.080561
-0.085512
-0.090342
-0.09506
-0.099677
-0.104203
-0.108645
-0.113011
-0.117308
-0.121544
-0.125723
-0.129852
-0.133936
-0.137978
-0.141983
-0.145954
-0.149895
-0.153807
-0.157694
-0.161557
-0.165397
-0.169216
-0.173016
-0.176795
-0.180555
-0.184296
-0.188017
-0.191718
-0.171949
-0.153101
-0.135142
-0.118036
-0.101752
-0.086255
-0.071513
-0.057493
-0.044162
-0.031491
-0.019447
-0.008004
0.002869
0.013197
0.023008
0.032326
0.041176
0.04958
0.05756
0.065138
0.072333
0.079165
0.085651
0.09181
0.087057
0.082539
0.078246
0.074166
0.070289
0.066605
0.063104
0.059777
0.056616
0.053612
0.050758
0.048047
0.04547
0.043023
0.040697
0.038487
0.036388
0.034393
0.032498
0.030698
0.028987
0.027362
0.025818
0.024352
0.022959
0.021635
0.020377
0.019182
0.018047
0.016969
0.015944
0.014971
0.014047
0.013168
0.012334
0.011541
0.010788
0.010072
0.009393
0.008747
0.008133
0.007551
0.006997
0.006471
0.005971
0.005497
0.005046
0.004617
0.00421
0.003824
0.003456
0.003107
0.002776
0.002461
0.002162
0.001877
0.001607
0.001351
0.001107
0.000876
0.000656
0.000446
0.000248
0.00006
-0.00012
-0.00029
-0.000452
-0.000605
-0.000751
-0.00089
-0.001021
-0.001147
-0.001266
-0.001379
-0.001486
-0.001588
-0.001685
-0.001776
-0.001864
-0.001947
-0.002026
-0.002101
-0.002172
-0.00224
-0.002304
-0.002365
-0.002423
-0.002478
-0.00253
-0.00258
-0.002627
-0.002672
-0.002715
-0.002755
-0.002794
-0.00283
-0.002865
-0.002898
-0.002929
-0.002959
-0.002988
-0.003015
-0.00304
-0.003064
-0.003088
-0.003109
-0.00313
-0.00315
-0.003169
-0.003187
-0.003204
-0.00322
-0.003235
-0.00325
-0.003264
-0.003277
-0.003289
-0.003301
-0.003312
-0.003323
-0.003333
-0.003343
-0.003352
-0.003361
-0.003369
-0.003377
-0.003384
-0.003392
-0.003398
-0.003405
-0.003411
-0.003417
-0.003422
-0.003427
-0.003432
-0.003437
-0.003442
-0.003446
-0.00345
-0.003454
-0.003458
-0.003461
-0.003464
-0.003467
-0.003471
-0.003473
-0.003476
-0.003479
-0.003481
-0.003483
-0.003486
-0.003488
-0.00349
-0.003492
-0.003494
-0.003495
-0.003497
-0.003498
-0.0035
-0.003501
-0.003503
-0.003504
-0.003505
-0.003506
-0.003507
-0.003509
-0.00351
-0.00351
-0.003512
-0.003512
-0.003512
-0.003512
-0.003512
-0.003512
-0.003512
-0.003512
-0.003512
-0.003512
-0.003512
-0.003512
-0.003512
-0.003512
-0.003512
-0.003512
-0.003512
-0.003512
-0.003512
-0.003512
-0.003512
-0.003512
-0.003512
-0.003512
-0.003512
-0.003512
-0.003512
-0.003512
-0.003512
-0.003512
-0.003512
-0.003512
-0.003512
-0.003512
-0.003512
-0.003512
-0.003512
-0.003512
-0.003512
-0.003512
-0.003512
-0.003512
-0.003512
-0.003512
-0.003512
-0.003512
-0.003512
-0.003512
-0.003512
-0.003512
-0.003512
-0.003512
-0.003512
-0.003512
-0.003512
-0.003512
-0.003512
-0.003512
-0.003512
-0.003512
-0.003512
-0.003512
-0.003512
-0.003512
-0.003512
-0.003512
-0.003512
-0.003512
-0.003512
-0.003512
-0.003512
-0.003512
-0.003512
-0.003512
-0.003512
-0.003512
-0.003512
-0.003512
-0.003512
-0.003512
-0.003512
-0.003512
-0.003512
-0.003512
-0.003512
-0.003512
-0.003512
-0.003512
-0.003512
-0.003512
-0.003512
-0.003512
-0.003512
-0.003512
-0.003512
-0.003512
-0.003512
-0.003512
-0.003512
-0.003512
-0.003512
-0.003512
-0.003512
-0.003512
-0.003512
-0.003512
-0.003512
-0.003512
-0.003512
-0.003512
-0.003512
-0.003512
-0.003512
-0.003512
-0.003512
-0.003512
-0.003512
-0.003512
-0.003512
-0.003512
-0.003512
-0.003512
-0.003512
-0.003512
-0.003512
-0.003512
-0.003512
-0.003512
-0.003512
-0.003512
-0.003512
-0.003512
-0.003512
-0.003512
-0.003512
-0.003512
-0.003512
-0.003512
-0.003512
-0.003512
-0.003512
-0.003512
-0.003512
-0.003512
-0.003512
-0.003512
-0.003512
-0.003512
-0.003512
-0.003512
-0.003512
-0.003512
-0.003512
-0.003512
-0.003512
-0.003512
-0.003512
-0.003512
-0.003512
-0.003512
-0.003512
-0.003512
-0.003512
-0.003512
-0.003512
-0.003512
-0.003512
-0.003512
-0.003512
-0.003512
-0.003512
-0.003512
-0.003512
-0.003512
-0.003512
-0.003512
-0.003512
-0.003512
-0.003512
-0.003512
-0.003512
-0.003512
-0.003512
-0.003512
-0.003512
-0.003512
-0.003512
-0.003512
-0.003512
-0.003512
-0.003512
-0.003512
-0.003512
-0.003512
-0.003512
-0.003512
-0.003512
-0.003512
-0.003512
-0.003512
-0.003512
-0.003512
-0.003512
-0.003512
-0.003512
-0.003512
-0.003512
-0.003512
-0.003512
-0.003512
-0.003512
-0.003512
-0.003512
-0.003512
-0.003512
-0.003512
-0.003512
-0.003512
-0.003512
-0.003512
-0.003512
-0.003512
-0.003512
-0.003512
-0.003512
-0.003512
-0.003512
-0.003512
-0.003512
-0.003512
-0.003512
-0.003512
-0.003512
-0.003512
-0.003512
-0.003512
-0.003512
-0.003512
-0.003512
-0.003512
-0.003512
-0.003512
-0.003512
-0.003512
-0.003512
-0.003512
-0.003512
-0.003512
-0.003512
-0.003512
-0.003512
-0.003512
-0.003512
-0.003512
-0.003512
-0.003512
-0.003512
-0.003512
-0.003512
-0.003512
-0.003512
-0.003512
-0.003512
-0.003512
-0.003512
-0.003512
-0.003512
-0.003512
-0.003512
-0.003512
-0.003512
-0.003512
-0.003512
-0.003512
-0.003512
-0.003512
-0.003512
-0.003512
-0.003512
-0.003512
-0.003512
-0.003512
0.007136
0.01725
0.026857
0.035981
0.044646
0.052875
0.060689
0.068108
0.075153
0.081842
0.088192
0.094222
0.089349
0.084718
0.080316
0.076133
0.072157
0.068379
0.064789
0.061379
0.058137
0.055057
0.052131
0.04935
0.046708
0.044198
0.041813
0.039548
0.037395
0.03535
0.033406
0.03156
0.029806
0.02814
0.026557
0.025053
0.023624
0.022266
0.020977
0.019752
0.018588
0.017482
0.016431
0.015433
0.025237
0.034659
0.04372
0.052442
0.060846
0.068949
0.076771
0.084329
0.091637
0.09871
0.105564
0.11221
0.118661
0.124928
0.131022
0.136952
0.142727
0.148355
0.153844
0.159201
0.164433
0.169544
0.151712
0.134724
0.118545
0.103145
0.099044
0.095145
0.091441
0.08792
0.084574
0.081395
0.078373
0.075502
0.072775
0.070182
0.067719
0.065379
0.063155
0.061042
0.059035
0.057128
0.055316
0.053594
0.051958
0.050404
0.048928
0.047525
0.046192
0.044926
0.043723
0.04258
0.041494
0.040463
0.039483
0.038552
0.037668
0.036827
0.036029
0.03527
0.03455
0.033865
0.033215
0.032597
0.03201
0.031453
0.030923
0.030419
0.029941
0.029487
0.039756
0.049614
0.059084
0.068186
0.076942
0.08537
0.093488
0.101314
0.108864
0.116153
0.123194
0.130003
0.136591
0.142969
0.149149
0.155141
0.160954
0.166597
0.172077
0.177402
0.182579
0.187613
0.192511
0.197276
0.201915
0.20643
0.210825
0.215104
0.219268
0.21146
0.204028
0.196955
0.190225
0.183821
0.17773
0.171936
0.166426
0.161185
0.156202
0.151464
0.146959
0.142676
0.138604
0.134734
0.131054
0.127557
0.124233
0.121074
0.118071
0.115218
0.112506
0.109928
0.097298
0.085283
0.073856
0.06299
0.052659
0.042838
0.033505
0.024634
0.016206
0.008197
0.000589
-0.006639
-0.013506
-0.020028
-0.026224
-0.021871
-0.017735
-0.013805
-0.010072
-0.006525
-0.003156
0.010396
0.023375
0.035808
0.047718
0.059131
0.070069
0.080555
0.090609
0.100253
0.109506
0.118386
0.126911
0.135097
0.142961
0.150517
0.157779
0.16476
0.171472
0.177927
0.184135
0.190107
0.195851
0.201376
0.20669
0.2118
0.205778
0.200049
0.194598
0.189413
0.184481
0.179789
0.175328
0.171085
0.167051
0.163215
0.149977
0.137369
0.125366
0.113941
0.10307
0.092728
0.082891
0.073537
0.064643
0.065903
0.067101
0.068238
0.069318
0.070345
0.07132
0.072246
0.073125
0.073961
0.074755
0.075509
0.076225
0.0867
0.096735
0.106347
0.115556
0.124381
0.132837
0.140941
0.14871
0.156157
0.162558
0.16863
0.174391
0.170401
0.166606
0.162998
0.159568
0.156307
0.153207
0.15026
0.147459
0.144797
0.142266
0.139861
0.137576
0.135403
0.133339
0.131377
0.129512
0.12774
0.126057
0.124457
0.122936
0.121492
0.120119
0.118815
0.117575
0.116397
0.115278
0.114215
0.113205
0.112245
0.111333
0.110467
0.109643
0.108861
0.117777
0.126322
0.134514
0.142368
0.149899
0.157121
0.164048
0.170694
0.17707
0.183189
0.189061
0.194697
0.200107
0.2053
0.210284
0.215068
0.21966
0.224065
0.22829
0.232342
0.236225
0.239944
0.243505
0.24691
0.250165
0.25327
0.24688
0.240793
0.234997
0.229479
0.224225
0.219226
0.214468
0.20994
0.205632
0.201534
0.197636
0.193929
0.190402
0.187049
0.18386
0.180828
0.177944
0.175203
0.172597
0.17012
0.167765
0.165526
0.163398
0.161375
0.159453
0.157626
0.155889
0.154238
0.15267
0.151179
0.149763
0.148416
0.147137
0.145921
0.144766
0.143668
0.142625
0.141634
0.140692
0.139797
0.138947
0.138139
0.137371
0.136642
0.135948
0.13529
0.134664
0.13407
0.133505
0.132968
0.132459
0.140802
0.148791
0.156438
0.163757
0.17076
0.17746
0.183869
0.189999
0.195859
0.201461
0.206815
0.211929
0.216812
0.221473
0.225919
0.230158
0.234197
0.238041
0.241697
0.245169
0.248464
0.251585
0.254536
0.257322
0.259946
0.262411
0.264719
0.266873
-0.268875
-0.270727
-0.272431
-0.273987
-0.275397
-0.276662
-0.277782
-0.278758
-0.27959
-0.280278
-0.280822
-0.281221
-0.281476
-0.281586
-0.281551
-0.281369
-0.28104
-0.280563
-0.279937
-0.279162
-0.278236
-0.277159
-0.275929
-0.274545
-0.273007
-0.271314
-0.269463
-0.267456
-0.26529
-0.262965
-0.26048
-0.257834
-0.255027
-0.252059
-0.248928
-0.245634
-0.242178
-0.238559
-0.234777
-0.230832
-0.226725
-0.222456
-0.218025
-0.213433
-0.208681
-0.209298
-0.209861
-0.210376
-0.210847
-0.211278
-0.211674
-0.212035
-0.212367
-0.212672
-0.212951
-0.213207
-0.213443
-0.213659
-0.213858
-0.214041
-0.21421
-0.214365
-0.214509
-0.214641
-0.214763
-0.214875
-0.214979
-0.215076
-0.215165
-0.215247
-0.215324
-0.215394
-0.21546
-0.215521
-0.215578
-0.215631
-0.21568
-0.215725
-0.215768
-0.215807
-0.215844
-0.215879
-0.215911
-0.215941
-0.215969
-0.215995
-0.21602
-0.216043
-0.216064
-0.216085
-0.216103
-0.216121
-0.216138
-0.216154
-0.216168
-0.216182
-0.216195
-0.216207
-0.216219
-0.21623
-0.21624
-0.216249
-0.216259
-0.216267
-0.216275
-0.216283
-0.21629
-0.216297
-0.216303
-0.216309
-0.216315
-0.21632
-0.216325
-0.21633
-0.216335
-0.216339
-0.216343
-0.216347
-0.21635
-0.216354
-0.216357
-0.21636
-0.216363
-0.216366
-0.216369
-0.216371
-0.216373
-0.216376
-0.216378
-0.21638
-0.216382
-0.216384
-0.216385
-0.216387
-0.216388
-0.21639
-0.216391
-0.216393
-0.216394
-0.216395
-0.216396
-0.216397
-0.216398
-0.216399
-0.2164
-0.216401
-0.216402
-0.216402
-0.216403
-0.216404
-0.216405
-0.216405
-0.216406
-0.216406
-0.216407
-0.216407
-0.216408
-0.216408
-0.216409
-0.216409
-0.21641
-0.21641
-0.21641
-0.216411
-0.216411
-0.216411
-0.216412
-0.216412
-0.216412
-0.216412
-0.216413
-0.216413
-0.216413
-0.216413
-0.216413
-0.216414
-0.216414
-0.216414
-0.216414
-0.216414
-0.216414
-0.216415
-0.216415
-0.216415
-0.216415
-0.216415
-0.216415
-0.216415
-0.216415
-0.216415
-0.216415
-0.216416
-0.216416
-0.216416
-0.216416
-0.216416
-0.216416
-0.216416
-0.216416
-0.216416
-0.216416
-0.216416
-0.216416
-0.216416
-0.216416
-0.216416
-0.216416
-0.216416
-0.216416
-0.216416
-0.216417
-0.216417
-0.216417
-0.216417
-0.216417
-0.216417
-0.216417
-0.216417
-0.216417
-0.216417
-0.216417
-0.216417
-0.216417
-0.216417
-0.216417
-0.216417
-0.216417
-0.216417
-0.216417
-0.216417
-0.216417
-0.216417
-0.216417
-0.216417
-0.216417
-0.216417
-0.216417
-0.216417
-0.216417
-0.216417
-0.216417
-0.216417
-0.216417
-0.216417
-0.216417
-0.216417
-0.216417
-0.216417
-0.216417
-0.216417
-0.216417
-0.216417
-0.216417
-0.216417
-0.216417
-0.216417
-0.216417
-0.216417
-0.216417
-0.216417
-0.216417
-0.216417
-0.216417
-0.216417
-0.216417
-0.216417
-0.216417
-0.216417
-0.216417
-0.216417
-0.216417
-0.216417
-0.216417
-0.216417
-0.216417
-0.216417
-0.216417
-0.216417
-0.216417
-0.216417
-0.216417
-0.216417
-0.216417
-0.216417
-0.216417
-0.216417
-0.216417
-0.216417
-0.216417
-0.216417
-0.216417
-0.216417
-0.216417
-0.216417
-0.216417
-0.216417
-0.216417
-0.216417
-0.216417
-0.216417
-0.216417
-0.216417
-0.216417
-0.216417
-0.216417
-0.216417
-0.216417
-0.216417
-0.216547
-0.216627
-0.216649
-0.216604
-0.216485
-0.216284
-0.215996
-0.215616
-0.215139
-0.214562
-0.21388
-0.21309
-0.21219
-0.211178
-0.210051
-0.208808
-0.207447
-0.205966
-0.204366
-0.202644
-0.2008
-0.198834
-0.196745
-0.194532
-0.192195
-0.189735
-0.187151
-0.184442
-0.18161
-0.178654
-0.175575
-0.172372
-0.169047
-0.165599
-0.162029
-0.158338
-0.154526
-0.15734
-0.160001
-0.162517
-0.164897
-0.167148
-0.169278
-0.171293
-0.1732
-0.175005
-0.176714
-0.175066
-0.173403
-0.171717
-0.170001
-0.168247
-0.166449
-0.164601
-0.162698
-0.160735
-0.158707
-0.156611
-0.154444
-0.152201
-0.14988
-0.147478
-0.144992
-0.142422
-0.139763
-0.137016
-0.134177
-0.131247
-0.128223
-0.125105
-0.121892
-0.118583
-0.115177
-0.111674
-0.108074
-0.104377
-0.100583
-0.096691
-0.092702
-0.088616
-0.084433
-0.080155
-0.075782
-0.071315
-0.066754
-0.062101
-0.057357
-0.052523
-0.047601
-0.042593
-0.037499
-0.032322
-0.027064
-0.021726
-0.016312
-0.010823
0.005262
-0.000368
0.007202
0.014394
0.021224
0.027711
0.033872
0.039722
0.045277
0.050552
0.055561
0.060317
0.064832
0.06912
0.07319
0.077055
0.080725
0.084209
0.087517
0.098443
0.108801
0.11862
0.127927
0.136748
0.145108
0.153032
0.160542
0.167659
0.174404
0.180797
0.186856
0.192599
0.198043
0.195658
0.193391
0.191234
0.189184
0.187235
0.185382
0.18362
0.181945
0.180354
0.17884
0.177402
0.176035
0.174735
0.1735
0.172327
0.171211
0.170151
0.169144
0.168186
0.167276
0.166412
0.16559
0.164809
0.164067
0.163362
0.162693
0.162056
0.161451
0.160877
0.16033
0.159812
0.159319
0.15885
0.158405
0.157982
0.157581
0.157199
0.156836
0.156492
0.156164
0.155853
0.155558
0.155277
0.15501
0.154756
0.154516
0.154287
0.15407
0.153863
0.153667
0.153481
0.153303
0.153135
0.152975
0.152823
0.152679
0.152542
0.152412
0.152288
0.152171
0.152059
0.151953
0.151852
0.151757
0.151666
0.151579
0.151497
0.151419
0.151345
0.151275
0.151208
0.151144
0.151084
0.151027
0.150972
0.15092
0.150871
0.150825
0.15078
0.150738
0.150698
0.15066
0.150624
0.15059
0.150557
0.150526
0.150497
0.150469
0.150442
0.150417
0.150393
0.15804
0.165288
0.172157
0.178667
0.184838
0.190686
0.19623
0.201484
0.206466
0.211188
0.215665
0.21991
0.223934
0.227751
0.23137
0.234801
0.238056
0.241143
0.244071
0.239458
0.235064
0.230882
0.2269
0.223111
0.219504
0.216072
0.212807
0.2097
0.206745
0.203934
0.201261
0.198718
0.1963
0.194001
0.191815
0.189736
0.18776
0.185881
0.184094
0.182396
0.180782
0.179248
0.177789
0.176403
0.175085
0.173833
0.172643
0.171512
0.170437
0.169415
0.168444
0.167521
0.166645
0.165811
0.165019
0.164267
0.17119
0.17775
0.183969
0.189862
0.195449
0.200744
0.205764
0.210523
0.215034
0.219312
0.223367
0.227213
0.23086
0.234318
0.237598
0.240708
0.236255
0.232015
0.227979
0.224138
0.220481
0.217002
0.213692
0.210542
0.207546
0.204696
0.201985
0.199407
0.196956
0.194624
0.192407
0.190299
0.188295
0.18639
0.184578
0.182856
0.181219
0.179663
0.178184
0.176778
0.175442
0.174172
0.172965
0.171818
0.170728
0.169692
0.168707
0.167771
0.166882
0.166037
0.157581
0.149527
0.141858
0.134556
0.127606
0.120993
0.1147
0.108713
0.103019
0.097603
0.092453
0.087556
0.0829
0.078473
0.074265
0.070265
0.066463
0.062849
0.059415
0.056151
0.053049
0.050101
0.0473
0.044638
0.042109
0.047544
0.052704
0.057604
0.062257
0.066674
0.070869
0.074851
0.078632
0.082222
0.085631
0.088867
0.09194
0.094858
0.097628
0.100258
0.102756
0.105128
0.107379
0.109518
0.111548
0.113477
0.115308
0.117046
0.118697
0.120265
0.121754
0.123169
0.124512
0.125787
0.126998
0.128149
0.129241
0.130279
0.131264
0.1322
0.133089
0.133933
0.134735
0.135497
0.13622
0.136907
0.13756
0.13818
0.138769
0.139328
0.139859
0.140364
0.140843
0.141298
0.141731
0.142142
0.142532
0.142903
0.143255
0.143589
0.143907
0.144209
0.144495
0.144768
0.145026
0.145272
0.145505
0.145727
0.145938
0.146138
0.146328
0.146509
0.14668
0.146843
0.146998
0.147145
0.147284
0.147417
0.147543
0.147663
0.147777
0.147885
0.147987
0.148085
0.148178
0.148266
0.148349
0.148429
0.148504
0.148576
0.148644
0.148709
0.14877
0.148828
0.148884
0.148936
0.148987
0.149034
0.149079
0.149122
0.149163
0.149202
0.149238
0.149273
0.149307
0.149338
0.149368
0.149397
0.149424
0.149449
