0.0
0.007713
0.01504
0.021999
0.028608
0.034884
0.040844
0.046503
0.051876
0.056978
0.061822
0.066422
0.070788
0.074934
0.07887
0.082607
0.086155
0.089523
0.092722
0.095758
0.098641
0.101378
0.103977
0.106445
0.108788
0.111013
0.113125
0.115131
0.117036
0.118845
0.120562
0.122193
0.123742
0.125213
0.12661
0.127936
0.129196
0.130392
0.131528
0.132607
0.133632
0.134605
0.13553
0.136407
0.137241
0.138033
0.138785
0.1395
0.140178
0.140823
0.141435
0.142016
0.142569
0.143093
0.143592
0.144065
0.144514
0.144941
0.145347
0.145732
0.146098
0.146446
0.146776
0.14709
0.147388
0.147671
0.14794
0.148195
0.148438
0.148668
0.148887
0.149095
0.149293
0.14948
0.149659
0.149828
0.149989
0.150142
0.150287
0.150425
0.150556
0.150681
0.150799
0.150911
0.151018
0.151119
0.151215
0.151307
0.151394
0.151476
0.151555
0.151629
0.1517
0.151767
0.151831
0.151892
0.151949
0.152004
0.152056
0.152106
0.152152
0.152197
0.152239
0.15228
0.152318
0.152354
0.152389
0.152422
0.152453
0.152482
0.15251
0.152537
0.152563
0.152587
0.152609
0.152631
0.152652
0.152672
0.15269
0.152708
0.152725
0.152741
0.152756
0.15277
0.152784
0.152797
0.152809
0.152821
0.152832
0.152843
0.152853
0.152863
0.152872
0.15288
0.152889
0.152896
0.152904
0.152911
0.152918
0.152924
0.15293
0.152936
0.152941
0.152946
0.152951
0.152956
0.15296
0.152964
0.152968
0.152972
0.152976
0.152979
0.152983
0.152986
0.152989
0.152991
0.152994
0.152996
0.152999
0.153001
0.153003
0.153005
0.153007
0.153009
0.153011
0.153013
0.153014
0.153016
0.153017
0.153018
0.15302
0.153021
0.153022
0.153023
0.153024
0.153025
0.153026
0.153027
0.153028
0.153029
0.15303
0.15303
0.153031
0.153031
0.153031
0.153031
0.153031
0.153031
0.153031
0.153031
0.153031
0.153031
0.153031
0.153031
0.153031
0.153031
0.153031
0.153031
0.153031
0.153031
0.153031
0.153031
0.153031
0.153031
0.153031
0.153031
0.153031
0.153031
0.153031
0.153031
0.153031
0.153031
0.153031
0.153031
0.153031
0.145492
0.138314
0.131482
0.124979
0.118791
0.112903
0.107303
0.101976
0.09691
0.092093
0.087513
0.083158
0.078907
0.074747
0.070664
0.066646
0.062681
0.058758
0.054869
0.051004
0.047155
0.043314
0.039475
0.035631
0.031777
0.027908
0.024018
0.020103
0.016161
0.012186
0.008177
0.004131
0.000045
-0.004083
-0.008254
-0.012469
-0.01673
-0.021037
-0.025391
-0.029793
-0.034242
-0.038738
-0.04328
-0.047869
-0.052503
-0.057182
-0.061904
-0.062738
-0.06353
-0.064283
-0.064998
-0.065676
-0.066322
-0.05764
-0.049387
-0.041542
-0.034086
-0.027001
-0.020268
-0.013871
-0.007792
-0.002018
0.003468
0.00868
0.01363
0.018333
0.0228
0.027043
0.031074
0.034902
0.038538
0.041992
0.045272
0.048388
0.051347
0.054158
0.056828
0.059364
0.061772
0.06406
0.066233
0.068297
0.070257
0.072119
0.064495
0.057134
0.050015
0.043118
0.036424
0.029915
0.023576
0.017391
0.011345
0.005426
-0.000377
-0.006078
-0.011685
-0.017209
-0.022658
-0.02804
-0.033363
-0.038633
-0.043857
-0.04904
-0.054187
-0.059302
-0.064389
-0.069452
-0.074494
-0.079518
-0.084525
-0.089518
-0.094498
-0.099466
-0.104423
-0.109369
-0.114305
-0.11923
-0.124145
-0.129049
-0.13394
-0.138818
-0.129684
-0.120996
-0.112733
-0.104875
-0.097404
-0.090301
-0.083548
-0.077128
-0.071027
-0.065228
-0.059717
-0.054479
-0.049502
-0.044772
-0.040278
-0.036007
-0.03195
-0.028095
-0.024432
-0.020952
-0.017646
-0.014504
-0.01152
-0.008685
-0.005991
-0.003432
-0.001002
0.001308
0.003502
0.005586
0.007566
0.009447
0.011234
0.012932
0.014544
0.016076
0.017531
0.018914
0.009802
0.001036
-0.007405
-0.015544
-0.023402
-0.030997
-0.038348
-0.045471
-0.052383
-0.059098
-0.06563
-0.071992
-0.078196
-0.084252
-0.090172
-0.095965
-0.101639
-0.107203
-0.112664
-0.118027
-0.123301
-0.128489
-0.133598
-0.138631
-0.143592
-0.148485
-0.153312
-0.158077
-0.160258
-0.16233
-0.165182
-0.167881
-0.170434
-0.172849
-0.175135
-0.177297
-0.179342
-0.181277
-0.183109
-0.184841
-0.186481
-0.188033
-0.189501
-0.190891
-0.192207
-0.193453
-0.194632
-0.195749
-0.196134
-0.19649
-0.19682
-0.186501
-0.176685
-0.167349
-0.158473
-0.150036
-0.142016
-0.134395
-0.127153
-0.120272
-0.113735
-0.107526
-0.101628
-0.096025
-0.090704
-0.074939
-0.059956
-0.045722
-0.032201
-0.019361
-0.007169
0.004406
0.015394
0.025824
0.035723
0.045118
0.054033
0.062494
0.070522
0.078141
0.074713
0.071458
0.068365
0.065428
0.062639
0.059989
0.057472
0.055082
0.052811
0.050655
0.048607
0.046662
0.044814
0.043059
0.041392
0.039809
0.038305
0.036876
0.03552
0.034231
0.033007
0.031844
0.030739
0.02969
0.028694
0.027747
0.026848
0.025994
0.025183
0.024412
0.02368
0.022985
0.022324
0.021697
0.031746
0.041289
0.05035
0.058953
0.067122
0.074877
0.082239
0.089229
0.095864
0.102163
0.108142
0.113819
0.119208
0.124324
0.12918
0.13379
0.138167
0.142322
0.135736
0.129473
0.123518
0.117857
0.112476
0.10736
0.102498
0.097876
0.093484
0.08931
0.085342
0.081572
0.07799
0.074585
0.07135
0.068276
0.065356
0.062581
0.059944
0.057438
0.044431
0.032067
0.020316
0.00915
-0.001458
-0.011536
-0.021109
-0.030201
-0.038836
-0.047036
-0.054823
-0.062218
-0.069239
-0.075906
-0.082237
-0.088247
-0.093954
-0.099372
-0.104517
-0.098823
-0.09341
-0.088265
-0.083375
-0.078728
-0.074311
-0.070114
-0.066125
-0.062335
-0.058734
-0.055311
-0.05206
-0.04897
-0.046034
-0.043245
-0.040595
-0.038077
-0.02505
-0.012671
-0.000909
0.010266
0.02088
0.030962
0.040536
0.049628
0.058261
0.066459
0.074242
0.081632
0.088648
0.095308
0.101632
0.107636
0.113335
0.118746
0.123883
0.118206
0.112809
0.107678
0.102802
0.098167
0.093761
0.089574
0.085595
0.081814
0.07822
0.074805
0.07156
0.068476
0.065546
0.062762
0.060117
0.057603
0.055215
0.052946
0.05079
0.048742
0.046796
0.044947
0.04319
0.041521
0.039936
0.038429
0.036998
0.035638
0.034347
0.033119
0.031953
0.030846
0.029793
0.028794
0.027844
0.026942
0.026084
0.02527
0.024496
0.023761
0.023063
0.0224
0.02177
0.021171
0.020602
0.020062
0.019549
0.019061
0.029234
0.038895
0.04807
0.056782
0.065054
0.072908
0.080366
0.087446
0.094167
0.100549
0.106607
0.112359
0.11782
0.123003
0.127925
0.132597
0.137033
0.141244
0.145243
0.149039
0.152643
0.156065
0.159314
0.162398
0.165328
0.168109
0.17075
0.173257
0.175638
0.177899
0.180046
0.182085
0.184021
0.18586
0.187606
0.189264
0.190839
0.192334
0.193754
0.195103
0.196384
0.197601
0.198756
0.199854
0.200896
0.201886
0.202826
0.203719
0.204568
0.205374
0.206139
0.206866
0.207556
0.208212
0.208835
0.209427
0.209989
0.210523
0.21103
0.211512
0.211969
0.212404
0.212817
0.213209
0.213581
0.213935
0.214271
0.214591
0.214894
0.215182
0.215456
0.215716
0.215963
0.216198
0.216421
0.216633
0.216834
0.217025
0.217207
0.217379
0.217543
0.217699
0.217847
0.217987
0.21812
0.218247
0.218367
0.218482
0.208209
0.198427
0.189116
0.180253
0.161336
0.143205
0.125827
0.109168
0.093195
0.077876
0.063178
0.049072
0.035528
0.022516
0.01001
-0.002017
-0.013589
-0.024731
-0.035464
-0.04581
-0.055789
-0.06542
-0.074721
-0.083709
-0.092398
-0.100804
-0.108941
-0.11682
-0.124454
-0.131853
-0.139029
-0.145989
-0.150479
-0.154741
-0.158787
-0.152191
-0.145919
-0.139954
-0.134282
-0.12889
-0.123764
-0.11889
-0.114258
-0.109854
-0.105669
-0.101691
-0.09791
-0.094317
-0.090903
-0.077119
-0.064009
-0.051545
-0.039695
-0.028433
-0.01773
-0.00756
0.002103
0.011281
0.02
0.028282
0.036147
0.043618
0.050712
0.057449
0.053289
0.049336
0.045579
0.04201
0.038619
0.035397
0.032336
0.029427
0.026664
0.024038
0.010968
-0.00145
-0.013247
-0.024453
-0.035095
-0.045202
-0.054798
-0.06391
-0.072561
-0.080774
-0.088571
-0.095973
-0.102999
-0.109669
-0.116001
-0.122012
-0.127717
-0.122649
-0.11783
-0.11325
-0.108897
-0.104759
-0.100826
-0.097088
-0.093536
-0.09016
-0.086952
-0.083903
-0.081007
-0.078254
-0.065089
-0.052571
-0.040671
-0.02936
-0.018611
-0.008397
0.001307
0.010526
0.019283
0.017026
0.014882
0.012845
0.01091
0.009072
0.007325
0.005666
0.00409
0.002592
0.00117
-0.000182
-0.001466
-0.002685
-0.003844
-0.004945
-0.005991
-0.006984
-0.007928
-0.008824
-0.009676
-0.010485
-0.011254
-0.011984
-0.012678
-0.013337
-0.013963
-0.014557
-0.015122
-0.015659
-0.016169
-0.016654
-0.017114
-0.017551
-0.017966
-0.028935
-0.039352
-0.049243
-0.058636
-0.067553
-0.07602
-0.084058
-0.091688
-0.098932
-0.105808
-0.112336
-0.108028
-0.103933
-0.100041
-0.096342
-0.092827
-0.089486
-0.086312
-0.072752
-0.059857
-0.047597
-0.035943
-0.024867
-0.014341
-0.00434
0.005161
0.014187
0.02276
0.030903
0.038637
0.045982
0.052957
0.049021
0.04528
0.041726
0.038349
0.035141
0.032092
0.029196
0.026444
0.023829
0.021345
0.018986
0.016744
0.014614
0.01259
0.010668
0.008842
0.007107
0.005458
0.003893
0.002405
0.000992
-0.010928
-0.02225
-0.033003
-0.043215
-0.052912
-0.062119
-0.07086
-0.079159
-0.087038
-0.094517
-0.101618
-0.108358
-0.114756
-0.12083
-0.126595
-0.132068
-0.137264
-0.131725
-0.126458
-0.121452
-0.116693
-0.112169
-0.107869
-0.103782
-0.099897
-0.096206
-0.092697
-0.089363
-0.075654
-0.062617
-0.05022
-0.038436
-0.027236
-0.016593
-0.00648
0.003129
0.012256
0.020926
0.018588
0.016366
0.014255
0.012249
0.010344
0.008534
0.006814
0.005181
0.003629
0.002154
0.000754
-0.000577
-0.001841
-0.003042
-0.004183
-0.005267
-0.006296
-0.007274
-0.008204
-0.009086
-0.009925
-0.010721
-0.011478
-0.012197
-0.01288
-0.013529
-0.014145
-0.014731
-0.015287
-0.015816
-0.016318
-0.016794
-0.017248
-0.017678
-0.018087
-0.018475
-0.018844
-0.019195
-0.019528
-0.019844
-0.020145
-0.02043
-0.020702
-0.020959
-0.021204
-0.021437
-0.021658
-0.021868
-0.022067
-0.022257
-0.022436
-0.022607
-0.02277
-0.022924
-0.023071
-0.02321
-0.023342
-0.023468
-0.023587
-0.023701
-0.023808
-0.023911
-0.024008
-0.0241
-0.024188
-0.024272
-0.024351
-0.024426
-0.024497
-0.024565
-0.02463
-0.024691
-0.024749
-0.024805
-0.024857
-0.024907
-0.024955
-0.024999
-0.025042
-0.025083
-0.025122
-0.025158
-0.025193
-0.025226
-0.025258
-0.025288
-0.025316
-0.025343
-0.025369
-0.025393
-0.025416
-0.025438
-0.025459
-0.025479
-0.025498
-0.014835
-0.004592
0.005255
0.014731
0.023859
0.03266
0.041153
0.049359
0.057295
0.064978
0.072423
0.079645
0.086659
0.093476
0.100108
0.106567
0.112863
0.119005
0.125001
0.130861
0.136589
0.129627
0.123007
0.116712
0.110727
0.105038
0.09963
0.09449
0.089603
0.08496
0.080546
0.076352
0.072366
0.068578
0.064979
0.061559
0.058309
0.055221
0.052286
0.049499
0.04685
0.044333
0.041942
0.03967
0.037512
0.035461
0.033513
0.031662
0.029903
0.028232
0.026645
0.025137
0.023704
0.022343
0.02105
0.019822
0.018655
0.017546
0.016493
0.015492
0.014542
0.013639
0.012781
0.011966
0.011191
0.010456
0.009757
0.009093
0.008462
0.007863
0.007294
0.006754
0.00624
0.005752
0.005288
0.004848
0.004429
0.004032
0.003654
0.003296
0.002955
0.002631
0.002323
0.002031
0.001754
0.00149
0.001239
0.001001
0.000775
0.000561
0.000357
0.000163
-0.000021
-0.000196
-0.000362
-0.00052
-0.00067
-0.000813
-0.000948
-0.001076
-0.001199
-0.001315
-0.001425
-0.00153
-0.001629
-0.001724
-0.001813
-0.001899
-0.00198
-0.002056
-0.00213
-0.002199
-0.002265
-0.002328
-0.002387
-0.002444
-0.002498
-0.002549
-0.002597
-0.002643
-0.002687
-0.002728
-0.002768
-0.002805
-0.002841
-0.002875
-0.002907
-0.002937
-0.002967
-0.002994
-0.00302
-0.003045
-0.003069
-0.003091
-0.003113
-0.003133
-0.003152
0.007584
0.017892
0.027797
0.037321
0.046488
0.055317
0.063828
0.072041
0.068453
0.065045
0.061806
0.058728
0.055804
0.053025
0.050385
0.047876
0.045493
0.043229
0.041077
0.039033
0.037091
0.035246
0.033494
0.031828
0.030246
0.028743
0.027315
0.025958
0.024669
0.023445
0.022282
0.021177
0.020127
0.019129
0.018182
0.017281
0.016427
0.015614
0.014842
0.014109
0.013412
0.01275
0.012122
0.011525
0.010957
0.010418
0.009906
0.00942
0.008957
0.008518
0.008101
0.007705
0.018083
0.02805
0.037629
0.046843
0.055712
0.064257
0.072497
0.08045
0.088131
0.095558
0.102745
0.109705
0.116452
0.122998
0.129354
0.13553
0.141535
0.14738
0.153071
0.158617
0.164024
0.169299
0.174447
0.167125
0.160161
0.153536
0.147237
0.141246
0.13555
0.130134
0.124985
0.12009
0.115437
0.111014
0.10681
0.102815
0.109628
0.116198
0.122538
0.128663
0.134585
0.140317
0.14587
0.151254
0.15648
0.161556
0.166492
0.171295
0.175972
0.180531
0.184977
0.189316
0.193554
0.197694
0.201741
0.205698
0.20957
0.213357
0.217064
0.220692
0.224242
0.227717
0.231116
0.222777
0.214836
0.207278
0.200084
0.193239
0.186726
0.18053
0.184761
0.188861
0.192837
0.196696
0.200446
0.204093
0.207642
0.211099
0.214468
0.217756
0.220964
0.224098
0.227161
0.230155
0.233083
0.235947
0.238749
0.241491
0.244175
0.2468
0.249368
0.251878
0.254332
0.25673
0.25907
0.261352
0.263576
0.26574
0.267843
0.269885
0.271863
0.273776
0.275622
0.277399
0.279104
0.280737
0.282293
0.283772
0.28517
0.286484
0.287713
0.288852
0.2899
0.290853
0.291708
0.292462
0.293113
0.293657
0.294091
0.294412
0.294617
0.294702
0.294666
0.294503
0.294213
0.293791
0.293234
0.292541
0.291707
0.29073
0.289608
0.288338
0.286916
0.285342
0.283612
0.281725
0.279677
0.275782
0.272052
0.268482
0.265067
0.261802
0.258682
0.255701
0.252854
0.250136
0.247543
0.245068
0.242708
0.240457
0.238312
0.236267
0.234318
0.232461
0.230692
0.229008
0.227403
0.225876
0.224421
0.223037
0.221719
0.220465
0.223638
0.226644
0.229486
0.232163
0.23043
0.22878
0.227208
0.225712
0.224287
0.22293
0.22164
0.220411
0.219242
0.218129
0.217071
0.216064
0.215106
0.21853
0.221786
0.224872
0.227789
0.230538
0.23312
0.235537
0.237789
0.239879
0.232196
0.22479
0.217637
0.210717
0.20401
0.197498
0.191163
0.18499
0.178964
0.173071
0.167299
0.161635
0.156069
0.150591
0.145191
0.13986
0.134591
0.129377
0.124209
0.119083
0.113992
0.108931
0.103895
0.098881
0.093883
0.088899
0.083924
0.078958
0.073995
0.069035
0.064076
0.069745
0.074902
0.079563
0.083745
0.090375
0.096686
0.102691
0.108402
0.113833
0.118996
0.123903
0.128565
0.132994
0.1372
0.141196
0.14499
0.148593
0.152013
0.155261
0.158344
0.161271
0.16405
0.166687
0.169191
0.171567
0.173824
0.175965
0.177998
0.179927
0.181759
0.183498
0.185148
0.186715
0.188202
0.189615
0.190955
0.192228
0.193436
0.194583
0.195672
0.196706
0.197688
0.19862
0.199505
0.199916
0.20028
0.2006
0.200882
0.201129
0.201345
0.201533
0.201697
0.201838
0.201959
0.202062
0.20215
0.202224
0.202285
0.202336
0.202377
0.202409
0.202434
0.202453
0.202465
0.202473
0.202476
0.202476
0.202472
0.202466
0.202457
0.202447
0.202435
0.202421
0.202407
0.202391
0.202375
0.202358
0.203197
0.20398
0.205508
0.206894
0.20815
0.209288
0.21032
0.211255
0.212103
0.212871
0.213567
0.214198
0.214769
0.215287
0.215757
0.216182
0.216567
0.216917
0.217234
0.217521
0.217781
0.218017
0.218232
0.218426
0.218602
0.218762
0.218908
0.219039
0.218973
0.218902
0.218828
0.218752
0.218675
0.218597
0.218233
0.217841
0.217426
0.216994
0.216548
0.216094
0.215634
0.215172
0.21471
0.214251
0.213796
0.213348
0.212907
0.212474
0.212051
0.211638
0.211236
0.211527
0.211799
0.212054
0.212293
0.212517
0.212727
0.212925
0.213706
0.21441
0.215043
0.215612
0.216124
0.216584
0.216997
0.217368
0.217701
0.218001
0.218269
0.218509
0.218724
0.218918
0.21909
0.219245
0.219383
0.219507
0.219617
0.219513
0.219407
0.219301
0.21893
0.218528
0.2181
0.217653
0.217193
0.216722
0.216245
0.215765
0.215285
0.214807
0.214333
0.213866
0.213407
0.212956
0.212515
0.212084
0.211664
0.21193
0.212179
0.212413
0.212632
0.212837
0.213029
0.21321
0.213971
0.214655
0.21527
0.215823
0.21632
0.216766
0.217167
0.217526
0.217848
0.218137
0.218396
0.218306
0.218219
0.218134
0.218052
0.217973
0.217897
0.217823
0.217753
0.217684
0.217973
0.2182
0.218358
0.21844
0.21844
0.218353
0.218174
0.217899
0.217523
0.217045
0.21646
0.215767
0.214964
0.214048
0.213018
0.211871
0.210608
0.209227
0.207728
0.206108
0.204368
0.202507
0.200524
0.19842
0.199411
0.20161
0.203634
0.205496
0.20721
0.208789
0.210244
0.211585
0.212822
0.213963
0.215017
0.214058
0.213093
0.21211
0.211097
0.210046
0.208948
0.207795
0.20658
0.205298
0.203942
0.202508
0.20099
0.199386
0.197691
0.195903
0.194018
0.192034
0.189949
0.18776
0.185467
0.183067
0.18056
0.177944
0.175219
0.172383
0.169436
0.166377
0.163207
0.159925
0.15653
0.153023
0.149404
0.145673
0.141831
0.137877
0.133812
0.129638
0.125354
0.120961
0.116461
0.111854
0.107142
0.102326
0.097406
0.092385
0.087265
0.082046
0.07673
0.07132
0.065818
0.060225
0.054545
0.048779
0.04293
0.037
0.030993
0.024912
0.018759
0.012538
-0.006252
0.000096
0.006501
0.012961
0.01947
0.011487
0.003902
-0.003304
-0.01015
-0.024936
-0.038973
-0.052297
-0.064939
-0.076933
-0.088309
-0.099098
-0.109329
-0.119029
-0.128226
-0.136946
-0.145212
-0.153048
-0.160477
-0.167519
-0.174196
-0.180525
-0.186526
-0.192216
-0.19761
-0.202724
-0.207574
-0.212173
-0.216534
-0.22067
-0.224593
-0.228313
-0.231842
-0.235189
-0.238364
-0.241376
-0.244234
-0.246945
-0.249517
-0.251958
-0.254274
-0.256472
-0.258557
-0.260536
-0.262415
-0.264198
-0.26589
-0.267496
-0.26902
-0.270467
-0.271841
-0.273145
-0.274383
-0.275559
-0.276675
-0.277734
-0.27874
-0.279695
-0.280602
-0.281463
-0.274571
-0.267999
-0.25394
-0.240493
-0.22764
-0.215363
-0.203642
-0.19246
-0.197897
-0.203106
-0.208092
-0.212863
-0.217428
-0.221792
-0.225964
-0.229948
-0.233752
-0.229286
-0.225035
-0.220988
-0.217138
-0.213474
-0.209988
-0.206672
-0.211346
-0.215778
-0.21998
-0.223966
-0.227746
-0.23133
-0.23473
-0.237956
-0.241015
-0.243917
-0.24667
-0.241586
-0.236744
-0.232134
-0.227746
-0.223569
-0.219593
-0.21581
-0.212211
-0.208787
-0.205529
-0.202431
-0.199483
-0.19668
-0.194015
-0.19148
-0.18907
-0.186778
-0.184599
-0.182528
-0.180559
-0.178687
-0.176907
-0.175216
-0.173608
-0.17208
-0.170627
-0.169247
-0.167935
-0.166688
-0.165503
-0.164376
-0.163306
-0.162289
-0.161322
-0.160404
-0.159531
-0.158702
-0.157914
-0.157165
-0.156453
-0.155777
-0.155135
-0.154524
-0.153944
-0.153393
-0.15287
-0.16034
-0.167422
-0.174135
-0.180499
-0.186531
-0.19225
-0.197672
-0.202813
-0.207686
-0.212308
-0.21669
-0.220845
-0.224786
-0.228524
-0.224309
-0.220298
-0.224267
-0.220258
-0.208631
-0.197534
-0.186948
-0.176855
-0.167234
-0.158067
-0.149335
-0.14102
-0.133104
-0.12557
-0.1184
-0.111578
-0.105088
-0.098916
-0.093045
-0.087463
-0.082155
-0.085209
-0.088109
-0.090863
-0.093478
-0.095961
-0.106391
-0.11628
-0.125655
-0.134543
-0.142968
-0.150955
-0.158525
-0.165701
-0.172504
-0.178952
-0.185065
-0.190861
-0.196355
-0.201563
-0.206502
-0.211185
-0.215625
-0.219836
-0.216041
-0.21243
-0.208995
-0.205728
-0.202619
-0.199663
-0.196851
-0.186297
-0.176234
-0.166642
-0.157503
-0.148798
-0.140509
-0.140629
-0.140743
-0.140851
-0.140954
-0.141052
-0.141145
-0.141233
-0.141316
-0.141396
-0.141471
-0.141543
-0.141611
-0.141676
-0.141738
-0.141796
-0.141852
-0.141904
-0.141954
-0.142002
-0.142047
-0.14209
-0.142131
-0.14217
-0.142207
-0.142242
-0.142275
-0.142307
-0.142337
-0.142365
-0.142392
-0.142418
-0.142442
-0.142466
-0.142488
-0.150499
-0.158093
-0.165292
-0.172116
-0.178585
-0.184717
-0.19053
-0.196041
-0.201266
-0.20622
-0.210918
-0.207556
-0.204359
-0.201317
-0.198424
-0.195673
-0.193057
-0.19057
-0.188204
-0.185955
-0.183817
-0.181784
-0.179852
-0.178015
-0.176268
-0.174608
-0.173031
-0.171531
-0.170106
-0.168751
-0.167463
-0.16624
-0.165077
-0.163972
-0.162922
-0.161924
-0.160975
-0.168024
-0.174706
-0.18104
-0.187044
-0.192736
-0.198133
-0.203249
-0.208101
-0.212701
-0.217062
-0.221198
-0.225121
-0.228841
-0.224611
-0.220586
-0.216755
-0.213109
-0.209641
-0.206342
-0.203204
-0.200219
-0.19738
-0.19468
-0.192112
-0.181778
-0.171926
-0.162538
-0.153593
-0.145075
-0.136964
-0.129243
-0.121895
-0.114904
-0.108252
-0.101924
-0.103982
-0.105936
-0.107792
-0.109554
-0.111227
-0.120865
-0.130002
-0.138664
-0.146874
-0.154657
-0.162035
-0.169028
-0.175658
-0.181942
-0.187899
-0.193547
-0.198902
-0.203979
-0.208792
-0.213356
-0.217684
-0.221788
-0.217899
-0.214198
-0.210677
-0.207327
-0.204141
-0.20111
-0.198227
-0.195486
-0.192879
-0.1904
-0.180146
-0.17037
-0.161055
-0.152181
-0.143651
-0.135437
-0.127514
-0.119857
-0.112444
-0.105254
-0.098266
-0.091462
-0.084826
-0.07834
-0.071991
-0.065765
-0.059648
-0.053629
-0.047697
-0.041842
-0.036055
-0.030327
-0.024651
-0.019019
-0.013426
-0.007864
-0.00233
0.003182
0.008676
0.014156
0.019625
0.025085
0.030541
0.035992
0.041442
0.046892
0.052341
0.044704
0.037446
0.030548
0.023994
0.017766
0.011848
0.006225
0.000884
-0.00419
-0.009011
-0.01359
-0.01794
-0.022072
-0.025997
-0.029725
-0.033266
-0.046225
-0.058629
-0.070499
-0.081857
-0.092724
-0.103121
-0.113066
-0.122579
-0.131678
-0.140381
-0.148704
-0.156665
-0.164277
-0.171555
-0.178514
-0.185166
-0.191523
-0.197597
-0.203398
-0.208937
-0.214223
-0.219264
-0.22407
-0.228647
-0.233003
-0.227775
-0.214385
-0.201605
-0.189413
-0.177787
-0.166706
-0.156148
-0.146092
-0.136516
-0.144714
-0.152562
-0.160073
-0.16726
-0.174136
-0.180711
-0.186998
-0.193008
-0.198751
-0.204237
-0.209476
-0.214478
-0.21925
-0.2238
-0.228137
-0.232266
-0.236196
-0.239931
-0.243479
-0.246843
-0.250028
-0.25304
-0.255883
-0.258559
-0.261072
-0.263426
0.265623
0.267665
0.269554
0.271292
0.272881
0.274323
0.262287
0.250759
0.239724
0.22917
0.219082
0.209445
0.200245
0.191465
0.197016
0.202318
0.207379
0.212205
0.216802
0.221178
0.225338
0.229288
0.233034
0.236581
0.239935
0.243101
0.246083
0.248886
0.251514
0.253972
0.256263
0.258389
0.260355
0.262163
0.263817
0.265317
0.266667
0.267868
0.268922
0.26983
0.270595
0.271216
0.271694
0.272031
0.272227
0.272283
0.272198
0.271973
0.271609
0.271103
0.270458
0.269672
0.268745
0.267677
0.266466
0.265114
0.263619
0.26198
0.260197
0.25827
0.256198
0.253979
0.251615
0.249103
0.246444
0.243638
0.240683
0.237579
0.234327
0.230926
0.227375
0.223676
0.219827
0.215829
0.211683
0.207388
0.202946
0.198357
0.193621
0.19494
0.196172
0.197324
0.198402
0.199411
0.200355
0.20124
0.203271
0.205138
0.206854
0.208432
0.209883
0.211218
0.212448
0.21358
0.214623
0.215585
0.216473
0.216433
0.216396
0.21636
0.216326
0.216294
0.216263
0.216234
0.216206
0.21618
0.216155
0.216131
0.216109
0.216087
0.216067
0.216047
0.216029
0.216011
0.215994
0.215978
0.215963
0.215949
0.215935
0.215922
0.21591
0.215898
0.215887
0.215877
0.215866
0.214943
0.214013
0.213065
0.212087
0.211071
0.210007
0.208888
0.207706
0.206456
0.205132
0.203728
0.20224
0.200664
0.198997
0.197234
0.195375
0.193415
0.191353
0.189186
0.186914
0.184534
0.182046
0.179448
0.176739
0.173919
0.170987
0.167942
0.164785
0.161514
0.158131
0.154634
0.151025
0.147302
0.143468
0.139522
0.135464
0.131295
0.127016
0.122628
0.118132
0.113529
0.108819
0.104005
0.099087
0.094067
0.088947
0.083727
0.078411
0.073
0.067496
0.061901
0.056218
0.050448
0.044595
0.038662
0.03265
0.026563
0.020404
0.014176
0.007883
0.001528
-0.004886
-0.011354
-0.017873
-0.00993
-0.002384
0.004785
0.011595
0.018064
0.024208
0.030044
0.035586
0.040849
0.045847
0.050594
0.055101
0.059381
0.063445
0.067304
0.070969
0.074449
0.086065
0.097174
0.107794
0.11794
0.127629
0.136875
0.145696
0.154107
0.162121
0.169755
0.177022
0.183934
0.190507
0.19675
0.202677
0.208298
0.213624
0.218665
0.223431
0.22793
0.23217
0.236161
0.239908
0.243418
0.246699
0.249756
0.252594
0.25522
0.257636
0.259848
0.261859
0.263674
0.265295
0.266725
0.267968
0.269025
0.269899
0.270591
0.271104
0.271439
0.271597
0.27158
0.271388
0.271022
0.270483
0.269772
0.268889
0.267835
0.26661
0.265215
0.263649
0.261912
0.260006
0.25793
0.255685
0.25327
0.250686
0.247934
0.245013
0.241923
0.238666
0.237668
0.236697
0.235754
0.23484
0.233954
0.233097
0.23227
0.231472
0.230703
0.228689
0.226712
0.224799
0.222932
0.221095
0.219273
0.217454
0.215625
0.213775
0.212061
0.210409
0.208819
0.20729
0.20582
0.204408
0.203053
0.191229
0.179971
0.169255
0.15906
0.149361
0.140139
0.131371
0.123037
0.115117
0.107591
0.10044
0.093648
0.087195
0.070438
0.054514
0.039388
0.025023
0.013163
0.001865
-0.00889
-0.019127
-0.028866
-0.038129
-0.046937
-0.05531
-0.063269
-0.070833
-0.07802
-0.084847
-0.091333
-0.099146
-0.106549
-0.113566
-0.120216
-0.115895
-0.11179
-0.107891
-0.104189
-0.100672
-0.086707
-0.073439
-0.060834
-0.048863
-0.037495
-0.026703
-0.016458
-0.004983
0.005941
0.016336
0.026225
0.03563
0.044572
0.053072
0.061151
0.068828
0.076121
0.084908
0.093273
0.101214
0.108735
0.115841
0.122537
0.12883
0.134727
0.140238
0.14537
0.150132
0.154534
0.158584
0.162292
0.165667
0.168718
0.171453
0.173881
0.17601
0.177849
0.179404
0.180683
0.181694
0.182443
0.182936
0.183181
0.184916
0.186558
0.188112
0.189584
0.190978
0.192298
0.193547
0.194731
0.195852
0.196914
0.19792
0.198873
0.199776
0.200631
0.201442
0.202099
0.202666
0.203138
0.203508
0.203774
0.203931
0.203976
0.203906
0.20372
0.203414
0.202988
0.202439
0.201767
0.20097
0.200048
0.199001
0.197826
0.198845
0.199803
0.200704
0.201552
0.202349
0.203099
0.203805
0.204471
0.205098
0.205688
0.207109
0.208412
0.209609
0.210708
0.211717
0.212645
0.213499
0.214283
0.215006
0.215671
0.216283
0.216848
0.217368
0.217849
0.217779
0.217711
0.217644
0.217579
0.217515
0.217453
0.217393
0.217335
0.217278
0.217223
0.21717
0.217119
0.21707
0.217022
0.216977
0.216314
0.215653
0.214997
0.214348
0.21371
0.213083
0.212468
0.212655
0.212831
0.212998
0.213155
0.213304
0.213445
0.213578
0.213704
0.213823
0.213936
0.214043
0.214144
0.214956
0.215698
0.216377
0.216998
0.217566
0.218086
0.218562
0.218999
0.219399
0.219766
0.220103
0.220412
0.220231
0.220056
0.219885
0.21972
0.21956
0.219406
0.219257
0.219114
0.218976
0.218842
0.218714
0.218592
0.218474
0.21836
0.218252
0.218148
0.218048
0.217952
0.217861
0.217774
0.21769
0.21761
0.217534
0.217461
0.217391
0.217325
0.217261
0.217201
0.217143
0.217088
0.217035
0.216985
0.216937
0.216892
0.216849
0.216808
0.216768
0.216731
0.216695
0.216661
0.216629
0.216598
0.216568
0.216541
0.216514
0.216489
0.216465
0.216442
0.21642
0.2164
0.21638
0.216361
0.216343
0.216326
0.21631
0.216295
0.21628
0.216267
0.216253
0.216241
0.216229
0.216217
0.216207
0.216196
0.216187
0.216178
0.216169
0.216161
0.216153
0.216145
0.216795
0.217389
0.217933
0.21843
0.218885
0.219301
0.219683
0.220033
0.220353
0.220647
0.220917
0.220719
0.220526
0.220338
0.220156
0.21998
0.219809
0.219644
0.219485
0.219332
0.219184
0.219042
0.218905
0.218774
0.218647
0.218526
0.21841
0.218299
0.218192
0.217487
0.216784
0.216086
0.215396
0.214717
0.214051
0.214153
0.214249
0.214341
0.214427
0.214509
0.214586
0.214659
0.214729
0.214794
0.214856
0.214915
0.214971
0.215024
0.215771
0.216453
0.217077
0.217647
0.218169
0.218646
0.219083
0.219483
0.219849
0.220185
0.220493
0.220775
0.220581
0.220392
0.220208
0.22003
0.219858
0.219691
0.21953
0.219375
0.219226
0.219082
0.218944
0.218811
0.218683
0.21856
0.218443
0.21833
0.218222
0.218119
0.21802
0.217925
0.217835
0.217748
0.217665
0.217586
0.217511
0.217438
0.21737
0.217304
0.217241
0.217182
0.217124
0.21707
0.217018
0.216969
0.216922
0.216877
0.216834
0.216794
0.216755
0.216718
0.216683
0.21665
0.216618
0.216587
0.216559
0.216531
0.216505
0.21648
0.216457
0.216434
0.216413
0.216392
0.216373
0.216355
0.216337
0.216321
0.216305
0.21629
0.216275
0.216262
0.216249
0.216237
0.216225
0.216214
0.215512
0.214796
0.214052
0.213272
0.212445
0.211564
0.210621
0.209609
0.208523
0.207356
0.206105
0.204764
0.203331
0.201801
0.200173
0.198442
0.196608
0.194668
0.192619
0.190462
0.188193
0.185813
0.18332
0.180714
0.177994
0.175158
0.172208
0.169142
0.171317
0.173371
0.175314
0.177149
0.178885
0.180527
0.182079
0.183548
0.182092
0.180616
0.179111
0.17757
0.175987
0.174355
0.172668
0.170922
0.169112
0.167234
0.165284
0.163258
0.161154
0.158968
0.156698
0.154342
0.151898
0.149363
0.146736
0.144015
0.1412
0.138289
0.135281
0.132175
0.128971
0.125667
0.122264
0.118761
0.115158
0.111455
0.107651
0.103748
0.099745
0.095643
0.091442
0.087143
0.082746
0.078253
0.073664
0.06898
0.064204
0.059335
0.054375
0.049327
0.044192
0.050625
0.056732
0.062528
0.06803
0.073251
0.078206
0.082909
0.087372
0.091608
0.095628
0.099444
0.103065
0.106501
0.109763
0.112859
0.115797
0.118586
0.121233
0.123746
0.126131
0.128395
0.130544
0.125852
0.121284
0.116824
0.112455
0.108166
0.103942
0.099772
0.095645
0.091551
0.087481
0.083426
0.079378
0.07533
0.071276
0.06721
0.063127
0.059021
0.054888
0.050724
0.046525
0.042289
0.038013
0.033694
-0.02933
-0.02492
-0.020461
-0.015954
-0.011395
-0.006786
-0.002126
0.002586
0.00735
0.012165
0.01703
0.021946
0.026911
0.031923
0.036983
0.042088
0.047237
0.052428
0.057659
0.062929
0.068233
0.073571
0.07894
0.084336
0.089757
0.080684
0.072057
0.063855
0.056057
0.048646
0.041602
0.034908
0.028547
0.022503
0.01676
0.011303
0.006119
0.001194
-0.003485
-0.00793
-0.012153
-0.016164
-0.019975
-0.023594
-0.027032
-0.030298
-0.0334
-0.036347
-0.039146
-0.041805
-0.04433
-0.046729
-0.049008
-0.051172
-0.043448
-0.035993
-0.028784
-0.021802
-0.015028
-0.008447
-0.00204
0.004206
0.010305
0.016271
0.022114
0.027848
0.03348
0.039022
0.044481
0.049866
0.055183
0.060441
0.065643
0.070796
0.075905
0.080975
0.086008
0.091008
0.095979
0.100923
0.105842
0.110737
0.115611
0.120464
0.125296
0.13011
0.134903
0.139677
0.144431
0.149164
0.153875
0.158564
0.163227
0.167865
0.172476
0.177056
0.181605
0.172053
0.162963
0.154315
0.146087
0.138261
0.130818
0.123739
0.117009
0.11061
0.104526
0.098743
0.093245
0.08802
0.093645
0.098986
0.104057
0.108872
0.113443
0.117784
0.121905
0.104698
0.08832
0.072738
0.057917
0.043825
0.030429
0.017697
0.005599
-0.005895
-0.016814
-0.027184
-0.037033
-0.046387
-0.055268
-0.063702
-0.071709
-0.079311
-0.086529
-0.093382
-0.099887
-0.106064
-0.111927
-0.117493
-0.122778
-0.127795
-0.111455
-0.095533
-0.080307
-0.065757
-0.051867
-0.038616
-0.025981
-0.013942
-0.002475
0.008441
0.01883
0.029338
0.039345
0.038018
0.036743
0.03552
0.034349
0.033229
0.032159
0.031137
0.030163
0.040118
0.038113
0.036209
0.0344
0.032681
0.031048
0.029496
0.027442
0.025486
0.012736
0.011513
0.010351
0.009246
0.008196
0.007199
0.006251
0.005351
0.004497
0.003685
0.002915
0.002183
0.001488
0.000829
0.000203
-0.000391
-0.000956
-0.001492
-0.002
-0.002483
-0.002941
-0.003377
-0.00379
-0.004182
-0.004554
-0.004908
-0.005243
-0.005562
-0.005864
-0.006151
-0.006424
-0.006683
-0.006929
-0.007162
-0.007384
-0.007594
-0.007794
-0.007984
-0.008164
-0.008335
-0.008497
-0.008652
-0.008798
-0.008937
-0.009069
-0.009195
-0.009314
-0.009427
-0.009535
-0.009637
-0.009734
-0.009826
-0.009913
-0.009996
-0.010075
-0.01015
-0.010221
-0.010289
-0.010353
-0.010414
-0.010472
-0.010527
-0.010579
-0.010629
-0.010676
-0.010721
-0.010763
-0.010803
-0.010842
-0.010878
-0.010913
-0.010946
-0.010977
-0.011007
-0.011035
-0.011062
-0.011087
-0.011111
-0.011134
-0.000513
0.009577
0.01916
0.028262
0.036906
0.045115
0.05291
0.060311
0.067339
0.074012
0.080347
0.086363
0.092075
0.086905
0.081993
0.077324
0.072887
0.068671
0.064664
0.060857
0.057239
0.053802
0.050536
0.047433
0.044484
0.041683
0.039022
0.036493
0.034091
0.031808
0.02964
0.02758
0.025623
0.023763
0.021997
0.020319
0.018724
0.01721
0.015771
0.014404
0.013105
0.011872
0.0107
0.009586
0.008528
0.007523
0.006569
0.016297
0.025538
0.034314
0.042649
0.050564
0.05808
0.065217
0.071995
0.07843
0.08454
0.090341
0.095849
0.10108
0.106045
0.100187
0.094619
0.089326
0.084295
0.079513
0.074969
0.070651
0.066547
0.062647
0.058941
0.05542
0.052075
0.048896
0.045875
0.043005
0.040278
0.037688
0.035226
0.032887
0.030666
0.028555
0.026549
0.024644
0.022834
0.021114
0.01948
0.017928
0.016454
0.015053
0.013722
0.012458
0.011257
0.010116
0.009032
0.008002
0.007023
0.006094
0.005211
0.004372
0.003575
0.002818
0.002099
0.001416
0.000767
0.00015
-0.000435
-0.000992
-0.001521
-0.002023
-0.0025
-0.002953
-0.003384
-0.003793
-0.004181
-0.00455
-0.004901
-0.005234
-0.005551
-0.005851
-0.006137
-0.006409
-0.006666
-0.006911
-0.007144
-0.007365
0.003061
0.012964
0.022371
0.031307
0.039792
0.047851
0.055504
0.062771
0.069671
0.076224
0.071843
0.06768
0.063725
0.059965
0.056394
0.052999
0.049774
0.04671
0.043799
0.041033
0.038404
0.035907
0.033535
0.031281
0.02914
0.027105
0.025172
0.023336
0.021591
0.019934
0.018359
0.016863
0.015442
0.014092
0.01281
0.011591
0.010433
0.009334
0.008289
0.007296
0.006353
0.005458
0.004607
0.003798
0.00303
0.002301
0.001608
-0.009792
-0.020729
-0.031228
-0.041313
-0.051008
-0.060333
-0.069309
-0.077956
-0.086291
-0.094332
-0.102096
-0.109597
-0.11685
-0.123867
-0.130663
-0.137247
-0.143631
-0.149826
-0.155839
-0.16168
-0.167356
-0.172875
-0.178243
-0.183466
-0.188549
-0.193498
-0.198317
-0.203009
-0.207578
-0.212026
-0.216358
-0.220573
-0.224675
-0.228665
-0.232544
-0.236312
-0.23997
-0.243518
-0.246957
-0.250285
-0.253502
-0.256608
-0.259601
-0.262481
-0.254309
-0.246524
-0.239108
-0.232047
-0.225324
-0.228287
-0.231161
-0.23395
-0.23666
-0.239293
-0.241853
-0.244344
-0.246768
-0.249128
-0.251426
-0.253665
-0.255846
-0.257971
-0.260041
-0.262056
-0.264018
-0.265927
-0.267783
-0.269585
-0.271335
-0.273031
-0.274674
-0.27626
-0.277791
-0.279265
-0.28068
-0.282035
-0.283328
-0.284557
-0.285721
-0.286818
-0.287845
-0.288799
-0.28968
-0.290484
-0.291208
-0.29185
-0.292408
-0.292878
0.293259
0.293546
0.293738
0.293831
0.293822
0.293709
0.293488
0.293157
0.292713
0.292152
0.291473
0.290671
0.289745
0.288692
0.287508
0.286192
0.28474
0.28315
0.28142
0.277342
0.273439
0.269704
0.266133
0.26272
0.259458
0.256343
0.257673
0.258908
0.26005
0.261099
0.262053
0.262914
0.263681
0.264355
0.264935
0.265422
0.265816
0.266115
0.266321
0.266432
0.266449
0.266371
0.266198
0.265928
0.265562
0.265099
0.264537
0.263877
0.263117
0.262255
0.261292
0.260227
0.259057
0.257782
0.256401
0.254912
0.253315
0.251607
0.249789
0.247858
0.245814
0.243655
0.241379
0.238987
0.236476
0.235618
0.23478
0.233962
0.233166
0.232392
0.231641
0.230914
0.230211
0.229531
0.228876
0.228243
0.227634
0.227048
0.227624
0.228165
0.228672
0.229149
0.229597
0.230018
0.230415
0.230788
0.231139
0.23147
0.231781
0.232075
0.232352
0.232613
0.232859
0.222723
0.213078
0.203902
0.195174
0.186873
0.178979
0.171473
0.164337
0.157554
0.151106
0.144978
0.139154
0.13362
0.128361
0.123363
0.118615
0.114103
0.109816
0.105743
0.101874
0.098198
0.094705
0.091387
0.088236
0.085241
0.082397
0.079695
0.077128
0.07469
0.072373
0.070173
0.068082
0.066097
0.06421
0.062419
0.060717
0.057771
0.054959
0.052277
0.048359
0.044609
0.041026
0.037603
0.034337
0.031223
0.028255
0.036225
0.043799
0.050993
0.059243
0.067076
0.074514
0.081576
0.088281
0.094648
0.100692
0.106432
0.11188
0.117053
0.121965
0.126628
0.131055
0.135259
0.13925
0.14304
0.146637
0.151447
0.155996
0.160299
0.164368
0.168217
0.171858
0.175301
0.177287
0.179172
0.18096
0.182658
0.18427
0.185799
0.187252
0.18863
0.189938
0.19118
0.192359
0.193478
0.19454
0.195549
0.196507
0.197416
0.198279
0.197744
0.197209
0.196676
0.196146
0.195623
0.195107
0.1946
0.194103
0.193618
0.193144
0.192682
0.192232
0.191796
0.191374
0.190965
0.190569
0.190187
0.189818
0.192757
0.195498
0.198057
0.200486
0.202777
0.204923
0.20692
0.208761
0.210444
0.211966
0.213323
0.214515
0.215539
0.216396
0.217084
0.217605
0.217957
0.21814
0.218157
0.218007
0.217692
0.217667
0.217639
0.217607
0.217572
0.217535
0.217497
0.217039
0.21656
0.216067
0.215562
0.215052
0.214538
0.214025
0.213514
0.213007
0.212508
0.212016
0.212234
0.21244
0.212635
0.212819
0.212993
0.213157
0.213313
0.214101
0.214818
0.215471
0.216064
0.216605
0.217096
0.217544
0.217952
0.218324
0.218662
0.218971
0.219252
0.219509
0.219744
0.219958
0.219818
0.219681
0.219546
0.219413
0.219283
0.218744
0.218187
0.217618
0.217042
0.216462
0.215881
0.215304
0.214732
0.214804
0.214872
0.214936
0.214997
0.215055
0.21511
0.215162
0.215211
0.215258
0.215895
0.216473
0.216998
0.217475
0.217908
0.218302
0.21866
0.218984
0.21928
0.219548
0.219792
0.220015
0.219865
0.219718
0.219575
0.219435
0.219299
0.219167
0.219039
0.218914
0.218794
0.218679
0.218567
0.218459
0.218355
0.218255
0.218159
0.218067
0.217978
0.217893
0.217811
0.217733
0.217658
0.217586
0.217518
0.217452
0.21739
0.21733
0.217272
0.217218
0.217165
0.217115
0.217068
0.217022
0.216979
0.216937
0.216898
0.21686
0.216824
0.21679
0.216758
0.216727
0.216697
0.216669
0.216642
0.216617
0.216592
0.216569
0.216547
0.216526
0.216506
0.216487
0.216469
0.216452
0.216436
0.21642
0.216406
0.216392
0.216378
0.216365
0.216353
0.216342
0.216331
0.21632
0.216864
0.217357
0.217805
0.218212
0.218581
0.218916
0.219221
0.219497
0.219749
0.219977
0.220185
0.220375
0.220547
0.220386
0.220228
0.220072
0.219919
0.21977
0.219623
0.219481
0.219343
0.219208
0.219078
0.218952
0.21883
0.218712
0.218599
0.218489
0.218384
0.218282
0.218185
0.218091
0.218001
0.217915
0.217833
0.217753
0.217677
0.217605
0.217535
0.217469
0.217405
0.217344
0.217286
0.217231
0.217178
0.217127
0.217079
0.217033
0.216989
0.216947
0.216907
0.216869
0.216833
0.216798
0.216765
0.216734
0.216704
0.216675
0.216648
0.216623
0.216598
0.216575
0.216553
0.216531
0.216511
0.216492
0.216474
0.216456
0.21644
0.216424
0.216409
0.216395
0.216381
0.216369
0.216356
0.216345
0.216334
0.216323
0.216313
0.216304
0.216295
0.216286
0.216278
0.21627
0.216263
0.216256
0.216249
0.216243
0.216237
0.216231
0.216225
0.21622
0.216215
0.216211
0.216206
0.216202
0.216198
0.216194
0.216191
0.216187
0.216184
0.216181
0.216178
0.216175
0.216172
0.21617
0.216167
0.216165
0.216163
0.216161
0.216159
0.216157
0.216155
0.216154
0.216152
0.216151
0.216149
0.216148
0.216146
0.216145
0.216144
0.216704
0.217212
0.217673
0.218091
0.218471
0.218816
0.21913
0.219415
0.219674
0.219909
0.220123
0.220317
0.220494
0.220655
0.220494
0.220334
0.220177
0.220022
0.21987
0.219721
0.219577
0.219436
0.219298
0.219166
0.219037
0.218912
0.218791
0.218675
0.218563
0.218455
0.21835
0.217768
0.21718
0.216588
0.215998
0.215412
0.214831
0.214259
0.213697
0.213145
0.212606
0.2128
0.212983
0.213154
0.213316
0.213468
0.213611
0.213747
0.213875
0.213995
0.214108
0.214216
0.214317
0.214412
0.214503
0.214588
0.214668
0.214745
0.214817
0.214885
0.214949
0.21501
0.215068
0.215123
0.215174
0.215223
0.21527
0.215314
0.215355
0.215395
0.215432
0.215467
0.215501
0.215533
0.215563
0.215591
0.215618
0.215644
0.215668
0.215691
0.215713
0.215734
0.215754
0.215772
0.216366
0.216905
0.217395
0.217839
0.218242
0.218608
0.21894
0.219242
0.219517
0.219766
0.219993
0.220199
0.220386
0.220557
0.220712
0.220853
0.220982
0.220819
0.220657
0.220496
0.220336
0.220179
0.220024
0.219872
0.219724
0.219579
0.219438
0.219301
0.219168
0.219039
0.218914
0.218793
0.218677
0.218565
0.218457
0.218352
0.218252
0.218156
0.218064
0.217975
0.21789
0.217808
0.21773
0.217655
0.217584
0.217515
0.217449
0.217387
0.216797
0.216191
0.215556
0.214883
0.214162
0.213383
0.21254
0.211625
0.210632
0.209556
0.208393
0.207136
0.205784
0.204332
0.202777
0.201117
0.19935
0.197474
0.195486
0.193386
0.191173
0.188844
0.186399
0.183839
0.181161
0.178366
0.175453
0.172422
0.169273
0.166007
0.162623
0.161905
0.164372
0.166705
0.168912
0.16789
0.166918
0.165892
0.16481
0.163664
0.162453
0.161171
0.159815
0.158382
0.156869
0.155274
0.153594
0.151826
0.14997
0.148022
0.145983
0.143849
0.14162
0.139294
0.136871
0.134349
0.131728
0.129007
0.126185
0.123262
0.120238
0.117112
0.113884
0.110553
0.107121
0.103586
0.09995
0.096212
0.092372
0.088432
0.084392
0.080252
0.085681
0.09083
0.095713
0.100344
0.104736
0.108902
0.112853
0.1166
0.120155
0.123526
0.120997
0.118477
0.115956
0.113426
0.11088
0.10831
0.10571
0.103074
0.100396
0.097673
0.094899
0.092069
0.089182
0.086233
0.08322
0.080139
0.076988
0.073766
0.070471
0.0671
0.063653
0.060129
0.056526
0.052844
0.049082
0.04524
0.041318
0.037316
0.033234
0.029072
0.024831
0.020512
0.016115
0.011641
-0.007091
-0.002467
0.00223
0.006998
-0.000604
0.000412
0.001522
-0.005794
-0.004499
-0.003125
-0.00167
-0.000133
0.001489
0.003198
0.004993
-0.002385
-0.009395
-0.024246
-0.038346
-0.051729
-0.064427
-0.076473
-0.087899
-0.098734
-0.109009
-0.11875
-0.127986
-0.136741
-0.145041
-0.152908
-0.160367
-0.167437
-0.174139
-0.180493
-0.186516
-0.192226
-0.19764
-0.202773
-0.19975
-0.196876
-0.194142
-0.191543
-0.189071
-0.178706
-0.168748
-0.159166
-0.149931
-0.141019
-0.132402
-0.124059
-0.115968
-0.108106
-0.100456
-0.093
-0.08572
-0.0786
-0.071627
-0.064787
-0.058068
-0.051457
-0.044945
-0.038522
-0.032178
-0.025905
-0.019697
-0.013545
-0.007444
-0.001388
0.004628
0.010609
0.016558
0.02248
0.028376
0.034251
0.040106
0.045944
0.051765
0.057571
0.063363
0.069141
0.074906
0.080657
0.086395
0.092118
0.097825
0.103517
0.094898
0.086702
0.068829
0.051826
0.035657
0.020286
0.005678
-0.008201
-0.021384
-0.033904
-0.045792
-0.057079
-0.067794
-0.077965
-0.067363
-0.057173
-0.04737
-0.037927
-0.028821
-0.020028
-0.011526
-0.003297
0.004679
0.012419
0.019941
0.027258
0.034387
0.04134
0.048129
0.054766
0.061261
0.067624
0.073865
0.079991
0.08601
0.091928
0.097753
0.103489
0.109141
0.114716
0.120215
0.125642
0.131002
0.136296
0.141526
0.146695
0.151804
0.156853
0.148273
0.140111
0.132348
0.124966
0.117945
0.11127
0.104924
0.098891
0.093156
0.087704
0.082523
0.077599
0.072918
0.068471
0.064244
0.060228
0.045805
0.032093
0.018955
0.00636
-0.005717
-0.017305
-0.028427
-0.03911
-0.049376
-0.059246
-0.068744
-0.077887
-0.086696
-0.095187
-0.103377
-0.111283
-0.107066
-0.103058
-0.099248
-0.095628
-0.092187
-0.088917
-0.08581
-0.082857
-0.080051
-0.077385
-0.074852
-0.072445
-0.070157
-0.067984
-0.055367
-0.043372
-0.031971
-0.021136
-0.01084
-0.001057
0.008236
0.017064
0.025449
0.033414
0.040978
0.048161
0.054983
0.061462
0.057063
0.052882
0.04891
0.045136
0.04155
0.038143
0.034906
0.031829
0.028907
0.026131
0.023493
0.020986
0.018605
0.016343
0.014194
0.012152
0.010213
0.00837
0.00662
0.004956
0.003376
0.001876
0.00045
-0.000905
-0.002192
-0.003415
-0.004576
-0.016251
-0.027341
-0.037872
-0.047873
-0.05737
-0.066386
-0.074946
-0.083073
-0.090788
-0.098112
-0.105064
-0.111664
-0.107428
-0.103402
-0.099575
-0.095938
-0.092482
-0.089198
-0.086077
-0.083111
-0.080292
-0.077614
-0.075069
-0.072651
-0.070354
-0.068171
-0.066097
-0.064126
-0.062253
-0.060474
-0.058784
-0.057178
-0.055652
-0.054203
-0.052825
-0.051517
-0.050274
-0.049092
-0.04797
-0.046904
-0.045891
-0.044929
-0.044015
-0.043147
-0.042321
-0.041538
-0.040793
-0.040085
-0.039413
-0.038775
-0.038168
-0.037592
-0.037044
-0.036524
-0.03603
-0.03556
-0.035115
-0.034691
-0.034288
-0.033906
-0.033543
-0.033198
-0.03287
-0.032558
-0.032262
-0.031981
-0.031714
-0.042026
-0.051817
-0.061114
-0.070043
-0.078625
-0.086878
-0.094821
-0.102472
-0.109847
-0.116961
-0.123829
-0.130464
-0.136881
-0.143089
-0.149102
-0.154929
-0.16058
-0.166063
-0.171389
-0.176563
-0.181593
-0.186486
-0.191247
-0.195882
-0.200395
-0.204791
-0.209074
-0.213247
-0.217313
-0.221275
-0.225134
-0.228893
-0.232553
-0.236115
-0.23958
-0.242948
-0.24622
-0.249395
-0.241195
-0.233385
-0.225948
-0.218867
-0.212128
-0.205714
-0.199611
-0.193804
-0.18828
-0.183025
-0.178028
-0.173274
-0.168754
-0.164456
-0.170176
-0.175683
-0.180987
-0.186098
-0.191026
-0.19578
-0.200367
-0.204796
-0.209074
-0.213208
-0.217204
-0.221068
-0.224806
-0.228422
-0.231921
-0.235306
-0.238582
-0.241752
-0.244819
-0.247785
-0.250652
-0.253423
-0.256098
-0.25868
-0.261168
-0.263565
-0.265869
-0.268082
-0.270203
-0.272231
-0.274168
-0.27601
-0.277759
-0.279413
-0.28097
-0.282429
-0.283789
-0.285048
-0.277978
-0.271237
-0.264809
-0.258683
-0.252845
-0.247284
-0.241988
-0.236943
-0.232141
-0.227569
-0.231176
-0.234637
-0.237956
-0.241138
-0.244188
-0.24711
-0.249906
-0.252582
-0.247172
-0.242019
-0.229332
-0.217212
-0.20564
-0.194598
-0.184065
-0.174023
-0.164453
-0.155335
-0.146651
-0.138381
-0.13051
-0.123018
-0.115889
-0.109106
-0.102654
-0.096518
-0.090682
-0.085133
-0.08799
-0.090704
-0.093281
-0.095728
-0.098052
-0.100259
-0.102354
-0.112444
-0.122009
-0.131078
-0.139675
-0.147825
-0.15555
-0.162873
-0.169815
-0.176396
-0.182635
-0.188549
-0.194156
-0.199472
-0.204512
-0.209291
-0.213822
-0.218119
-0.222194
-0.226059
-0.229724
-0.233201
-0.236498
-0.239626
-0.242593
-0.245408
-0.248079
-0.250613
-0.253017
-0.255298
-0.257463
-0.259517
-0.253779
-0.248312
-0.243104
-0.238145
-0.233423
-0.228928
-0.224649
-0.220577
-0.216701
-0.213014
-0.209505
-0.206168
-0.195101
-0.184545
-0.174481
-0.164889
-0.15575
-0.147046
-0.138758
-0.130868
-0.123359
-0.116213
-0.109415
-0.102947
-0.104908
-0.106769
-0.108537
-0.110216
-0.11181
-0.113324
-0.114762
-0.116128
-0.117425
-0.118657
-0.119827
-0.120938
-0.121993
-0.122996
-0.123948
-0.124852
-0.125711
-0.126527
-0.127302
-0.128037
-0.128737
-0.129401
-0.130031
-0.13063
-0.131199
-0.13174
-0.132253
-0.132741
-0.133204
-0.133644
-0.134062
-0.134459
-0.134836
-0.135195
-0.135535
-0.135858
-0.136166
-0.136457
-0.136734
-0.136998
-0.137248
-0.137485
-0.137711
-0.137925
-0.138129
-0.138322
-0.138506
-0.138681
-0.138846
-0.139004
-0.139154
-0.13116
-0.123455
-0.116015
-0.108816
-0.101837
-0.095059
-0.088462
-0.08203
-0.075746
-0.069596
-0.063566
-0.057642
-0.051813
-0.046069
-0.040398
-0.034792
-0.029243
-0.023742
-0.018282
-0.012857
-0.007461
-0.002088
0.003265
0.008605
0.013933
0.019253
0.024569
0.029884
0.035198
0.040514
0.045834
0.051158
0.056487
0.061821
0.067161
0.072507
0.077858
0.083214
0.088574
0.093937
0.099301
0.104665
0.110027
0.115385
0.120737
0.126081
0.131415
0.136735
0.142038
0.147323
0.152585
0.157822
0.163029
0.168204
0.173342
0.178441
0.183495
0.188501
0.193454
0.198352
0.203188
0.193209
0.183708
0.174667
0.166063
0.157877
0.15009
0.142683
0.135638
0.128939
0.12257
0.116514
0.110756
0.105283
0.100081
0.095135
0.090435
0.085968
0.081723
0.077688
0.073854
0.07021
0.066748
0.063458
0.060332
0.057362
0.054539
0.051857
0.04931
0.046889
0.044588
0.042403
0.040327
0.038354
0.03648
0.0347
0.033008
0.031401
0.029874
0.028423
0.027046
0.025736
0.024492
0.023311
0.022188
0.021122
0.020108
0.019146
0.018231
0.017363
0.016537
0.015753
0.015008
0.014301
0.013628
0.01299
0.012383
0.011807
0.011259
0.010739
0.010245
0.009775
0.00933
0.008906
0.008503
0.008121
0.007758
0.007413
0.007085
0.006773
0.006478
0.006196
0.005929
0.005676
0.005435
0.005206
0.004988
0.004782
0.004585
0.004399
0.004222
0.004054
0.003894
0.003742
0.003598
0.00346
0.003331
0.003207
0.003089
0.002978
0.002872
0.002771
0.002675
0.002584
0.002498
0.002416
0.002338
0.002264
0.002194
0.002127
0.002063
0.002003
0.001946
0.001891
0.00184
0.00179
0.001744
0.0017
0.001658
0.001617
0.00158
0.001543
0.001509
0.001477
0.001446
0.001416
0.001388
0.001362
0.001337
0.001313
0.00129
0.001269
0.001248
0.001228
0.00121
0.001192
0.001176
0.00116
0.001145
0.001131
0.001117
0.001104
0.001092
0.00108
0.001069
0.001059
0.001049
0.001039
0.00103
0.001022
0.001014
0.001006
0.000998
0.000991
0.000985
0.000979
0.000973
0.000967
0.000962
0.000957
0.000952
0.000947
0.000943
0.000939
0.000935
0.000931
0.000928
0.000924
0.000921
0.000918
0.000915
0.000912
0.00091
0.000907
0.000905
0.000903
0.000901
0.000899
0.000897
0.000895
0.000893
0.000892
0.00089
0.000889
0.000887
0.000886
0.000885
0.000884
0.000883
0.000882
0.000881
0.00088
0.000879
0.000878
0.000878
0.000878
0.000878
0.000878
0.000878
0.000878
0.000878
-0.009773
-0.019889
-0.029498
-0.038624
-0.047396
-0.055836
-0.063963
-0.071796
-0.079354
-0.086653
-0.093708
-0.100536
-0.107149
-0.113561
-0.119785
-0.12583
-0.131708
-0.137429
-0.143002
-0.148435
-0.153735
-0.158909
-0.163965
-0.168908
-0.173743
-0.178474
-0.181217
-0.183821
-0.186293
-0.188641
-0.19087
-0.192987
-0.184611
-0.176642
-0.169059
-0.161846
-0.154985
-0.148459
-0.142254
-0.136353
-0.130742
-0.125408
-0.120337
-0.115517
-0.110934
-0.106579
-0.102439
-0.098505
-0.094766
-0.091212
-0.087835
-0.084626
-0.081576
-0.089228
-0.096593
-0.103689
-0.11053
-0.117132
-0.12351
-0.129675
-0.135642
-0.141422
-0.147025
-0.152463
-0.157744
-0.162877
-0.16787
-0.172732
-0.177469
-0.182087
-0.186592
-0.190989
-0.195284
-0.199479
-0.20358
-0.207589
-0.21151
-0.215344
-0.217373
-0.2193
-0.200852
-0.18316
-0.166188
-0.149903
-0.13427
-0.119257
-0.104831
-0.090961
-0.077618
-0.064773
-0.052398
-0.040469
-0.028959
-0.017846
-0.007107
0.003278
0.013329
0.023065
0.032503
0.041659
0.050549
0.059185
0.067583
0.075753
0.083708
0.091457
0.09901
0.106376
0.113564
0.12058
0.127431
0.134125
0.140665
0.147057
0.153306
0.159415
0.165388
0.171228
0.176938
0.179505
0.181942
0.184257
0.176025
0.168193
0.160742
0.143164
0.12642
0.110478
0.095305
0.080869
0.067138
0.054081
0.041667
0.029869
0.01855
0.007685
-0.002753
-0.01279
-0.022447
-0.031749
-0.040717
-0.049369
-0.057725
-0.065804
-0.07362
-0.081191
-0.088531
-0.095652
-0.102568
-0.109291
-0.115831
-0.122199
-0.128404
-0.134454
-0.140357
-0.146121
-0.139191
-0.1326
-0.126333
-0.120374
-0.104132
-0.088674
-0.073968
-0.059982
-0.046683
-0.034042
-0.022027
-0.010609
0.000238
0.010544
0.020333
0.029737
0.038778
0.047479
0.05586
0.06394
0.071737
0.079269
0.086553
0.093602
0.100432
0.107055
0.113485
0.119732
0.125808
0.119745
0.113982
0.108502
0.103294
0.098343
0.093638
0.089165
0.084915
0.080875
0.077036
0.073388
0.069922
0.066628
0.063498
0.071147
0.07841
0.085306
0.091854
0.09807
0.103971
0.109574
0.114893
0.119943
0.124738
0.12929
0.133612
0.137715
0.141611
0.14531
0.148822
0.152156
0.155322
0.158329
0.161183
0.163893
0.166467
0.168911
0.171232
0.173435
0.175528
0.177515
0.179402
0.181194
0.182896
0.184513
0.186048
0.187506
0.18889
0.190205
0.191454
0.19264
0.193766
0.194836
0.185409
0.176437
0.1679
0.159777
0.152049
0.144699
0.137709
0.131062
0.124741
0.108155
0.09237
0.07735
0.063065
0.049481
0.036568
0.024294
0.01263
0.001548
-0.00898
-0.018981
-0.02848
-0.037502
-0.046069
-0.054205
-0.061931
-0.069267
-0.076232
-0.082845
-0.089125
-0.084484
-0.080073
-0.075881
-0.071898
-0.068112
-0.064515
-0.061097
-0.057849
-0.054763
-0.051831
-0.049045
-0.046398
-0.043883
-0.041493
-0.039222
-0.037065
-0.035016
-0.033069
-0.031219
-0.029461
-0.027792
-0.026205
-0.024698
-0.023266
-0.021906
-0.020614
-0.019386
-0.01822
-0.017112
-0.016059
-0.015059
-0.014109
-0.013207
-0.012349
-0.011534
-0.010761
-0.010025
-0.009327
-0.008664
-0.008033
-0.007434
-0.006865
-0.006325
0.004942
0.015755
0.026138
0.036115
0.04571
0.054943
0.063835
0.072405
0.080673
0.088654
0.096366
0.103822
0.111039
0.118027
0.124801
0.131371
0.137749
0.143943
0.149964
0.155819
0.161516
0.167063
0.172466
0.17773
0.182861
0.187864
0.192743
0.197501
0.202142
0.206669
0.211085
0.21539
0.219588
0.223679
0.227664
0.231544
0.233178
0.23473
0.236204
0.237604
0.238933
0.240195
0.241393
0.232663
0.22435
0.216435
0.2089
0.191674
0.175154
0.159306
0.144096
0.129489
0.115454
0.10196
0.088976
0.076473
0.064425
0.052805
0.041588
0.030751
0.020272
0.010129
0.000304
-0.009222
-0.018467
-0.027446
-0.036176
-0.044668
-0.052938
-0.060996
-0.068855
-0.076524
-0.084013
-0.091331
-0.098486
-0.105485
-0.112335
-0.119042
-0.125611
-0.132048
-0.138356
-0.14454
-0.150602
-0.156547
-0.162375
-0.16809
-0.173693
-0.179185
-0.184567
-0.18984
-0.195004
-0.200059
-0.205005
-0.209841
-0.214567
-0.219181
-0.223682
-0.228069
-0.23234
-0.236494
-0.240527
-0.244439
-0.235597
-0.227176
-0.219158
-0.211525
-0.20426
-0.187371
-0.171267
-0.155919
-0.141299
-0.127376
-0.114123
-0.101511
-0.089512
-0.078099
-0.067246
-0.056927
-0.047118
-0.037794
-0.028933
-0.020512
-0.012511
-0.004909
0.002313
-0.011321
-0.024379
-0.036885
-0.048865
-0.060342
-0.07134
-0.08188
-0.091984
-0.101674
-0.110967
-0.119882
-0.128438
-0.136652
-0.144537
-0.152111
-0.159386
-0.166376
-0.173093
-0.179548
-0.185753
-0.191717
-0.19745
-0.20296
-0.208255
-0.213342
-0.218229
-0.222921
-0.227424
-0.231743
-0.235883
-0.239848
-0.243641
-0.247267
-0.249417
-0.251458
-0.253395
-0.237611
-0.222533
-0.208138
-0.194402
-0.181303
-0.168816
-0.156918
-0.145584
-0.134792
-0.124519
-0.114741
-0.105439
-0.096589
-0.088171
-0.080167
-0.072556
-0.065319
-0.05844
-0.051902
-0.045687
-0.039781
-0.034169
-0.028835
-0.023767
-0.037478
-0.0506
-0.063153
-0.07516
-0.08664
-0.097615
-0.108104
-0.118127
-0.127704
-0.136851
-0.145587
-0.153929
-0.161892
-0.169492
-0.176744
-0.183661
-0.190256
-0.196541
-0.202529
-0.20823
-0.213654
-0.218811
-0.22371
-0.228359
-0.232766
-0.236939
-0.240883
-0.244605
-0.24811
-0.243018
-0.238169
-0.233552
-0.229156
-0.224972
-0.220989
-0.2172
-0.213594
-0.210163
-0.206899
-0.203794
-0.208676
-0.213351
-0.217825
-0.222104
-0.226197
-0.230107
-0.233842
-0.237406
-0.240805
-0.244043
-0.247126
-0.250057
-0.252841
-0.255482
-0.257982
0.260344
0.262573
0.264669
0.266636
0.268476
0.27019
0.271779
0.273245
0.27459
0.275813
0.276916
0.271618
0.266565
0.261746
0.257151
0.252772
0.248598
0.244622
0.240834
0.237227
0.227254
0.217721
0.208615
0.19992
0.191622
0.183706
0.176157
0.168962
0.162105
0.155573
0.149351
0.143427
0.137787
0.132418
0.127309
0.122448
0.117823
0.113424
0.109239
0.112163
0.114938
0.117573
0.120073
0.122448
0.124701
0.126841
0.128872
0.130801
0.132632
0.13437
0.142859
0.150898
0.158513
0.165725
0.172555
0.179025
0.185153
0.190958
0.196456
0.201665
0.2066
0.211276
0.215706
0.219939
0.22398
0.227833
0.231502
0.234992
0.238307
0.241452
0.244429
0.247244
0.2499
0.2524
0.254748
0.256947
0.258999
0.260908
0.262675
0.258448
0.254418
0.250576
0.246915
0.243426
0.240103
0.236937
0.233923
0.231053
0.22832
0.225719
0.223243
0.220887
0.218645
0.222611
0.226391
0.229989
0.233407
0.236651
0.239722
0.242625
0.245363
0.24794
0.250358
0.252621
0.254731
0.256692
0.258506
0.260174
0.261701
0.263086
0.264332
0.265442
0.266415
0.267255
0.26796
0.268534
0.264762
0.26116
0.257722
0.25444
0.25131
0.248324
0.245477
0.242764
0.240177
0.237712
0.235364
0.233127
0.230997
0.228969
0.227037
0.225199
0.223449
0.221783
0.220198
0.21869
0.217255
0.21589
0.214591
0.213356
0.217224
0.220902
0.224392
0.227695
0.230814
0.233752
0.236511
0.239094
0.241504
0.243743
0.245814
0.24772
0.249462
0.251044
0.252467
0.253734
0.254847
0.255807
0.256616
0.257277
0.25779
0.258156
0.258377
0.258455
0.258389
0.258181
0.257832
0.257341
0.25671
0.255939
0.255029
0.255432
0.255814
0.256177
0.256521
0.256847
0.257156
0.25745
0.257728
0.257992
0.258243
0.258481
0.258707
0.256369
0.254125
0.251972
0.249907
0.247929
0.246035
0.244221
0.242486
0.240827
0.239242
0.237726
0.236279
0.234896
0.233577
0.232318
0.231117
0.229971
0.228878
0.227837
0.226844
0.225897
0.224996
0.224137
0.223318
0.222539
0.221797
0.221091
0.220418
0.219778
0.219168
0.218589
0.218037
0.217512
0.217012
0.216537
0.216084
0.215654
0.215245
0.214856
0.217462
0.21992
0.222238
0.224425
0.226488
0.228431
0.230249
0.231941
0.233505
0.23494
0.236244
0.237417
0.238459
0.239367
0.240144
0.240788
0.2413
0.241679
0.241926
0.240453
0.239043
0.237692
0.2364
0.232874
0.229463
0.226167
0.222989
0.219926
0.216977
0.214142
0.211418
0.208804
0.206296
0.203891
0.201588
0.199383
0.197272
0.19793
0.198553
0.199143
0.199703
0.200235
0.200738
0.201216
0.201669
0.204749
0.207665
0.210413
0.212991
0.215395
0.217625
0.219679
0.221557
0.223258
0.224784
0.226134
0.227309
0.22831
0.229138
0.229794
0.230279
0.230596
0.231348
0.232056
0.232724
0.233353
0.233946
0.23301
0.232112
0.231249
0.230421
0.229628
0.228867
0.228139
0.227442
0.226775
0.226137
0.225527
0.224944
0.224387
0.223855
0.223348
0.222863
0.222401
0.221959
0.221539
0.221137
0.220755
0.22039
0.220043
0.219712
0.219396
0.219096
0.21881
0.218537
0.218278
0.219773
0.221175
0.222491
0.223727
0.224887
0.225977
0.227002
0.227966
0.228872
0.229725
0.230527
0.231246
0.231878
0.232419
0.232865
0.233216
0.233468
0.23362
0.233669
0.233614
0.233455
0.233189
0.232815
0.232333
0.231742
0.23104
0.230228
0.229303
0.228267
0.227117
0.225854
0.224477
0.222985
0.221378
0.219655
0.217815
0.215859
0.213786
0.211595
0.209285
0.210422
0.211419
0.212291
0.213052
0.213713
0.214285
0.214777
0.2152
0.21556
0.215865
0.216121
0.216334
0.216508
0.216649
0.21676
0.216846
0.216909
0.216952
0.216978
0.21699
0.216988
0.216976
0.216954
0.216925
0.216948
0.216966
0.216978
0.216986
0.21699
0.21699
0.216988
0.216983
0.216976
0.216967
0.216957
0.216945
0.216933
0.21692
0.216906
0.216892
0.216877
0.216862
0.216847
0.216833
0.216818
0.216803
0.216788
0.216774
0.21676
0.216746
0.216733
0.21672
0.216707
0.216695
0.216683
0.216671
0.21666
0.216649
0.216638
0.216628
0.216618
0.216609
0.2166
0.216591
0.216583
0.216575
0.216567
0.21656
0.216553
0.216546
0.21654
0.216534
0.216528
0.216522
0.216517
0.216512
0.216507
0.216502
0.216498
0.216493
0.216489
0.216485
0.216482
0.216478
0.216475
0.216472
0.216469
0.216466
0.216463
0.21646
0.216458
0.216455
0.216453
0.216451
0.216449
0.216447
0.216445
0.216443
0.216442
0.21644
0.216438
0.216437
0.216436
0.216434
0.216433
0.216432
0.216431
0.21643
0.216429
0.216428
0.216427
0.216426
0.216425
0.216424
0.216423
0.216423
0.216422
0.216421
0.216421
0.21642
0.21642
0.216419
0.216418
0.216418
0.216418
0.216417
0.216417
0.216416
0.216416
0.216416
0.216415
0.216415
0.216415
0.216414
0.216414
0.216414
0.216414
0.216413
0.216413
0.216413
0.216413
0.216412
0.216412
0.216412
0.216412
0.216412
0.216412
0.216411
0.216411
0.216411
0.216411
0.216411
0.216411
0.216411
0.216411
0.216411
0.21641
0.21641
0.21641
0.21641
0.21641
0.21641
0.21641
0.21641
0.21641
0.21641
0.21641
0.21641
0.21641
0.21641
0.21641
0.21641
0.21641
0.216409
0.216409
0.216409
0.216409
0.216409
0.216409
0.216409
0.216409
0.216409
0.216409
0.216409
0.216409
0.216409
0.216409
0.216409
0.216409
0.216409
0.216409
0.216409
0.216409
0.216409
0.216409
0.216409
0.216409
0.216409
0.216409
0.216409
0.216409
0.216409
0.216409
0.216409
0.216409
0.216409
0.216409
0.216409
0.216409
0.216409
0.216409
0.216409
0.216409
0.216409
0.216409
0.216409
0.216409
0.216409
0.216409
0.216409
0.216409
0.216409
0.216409
0.216409
0.216409
0.216409
0.216409
0.216409
0.216409
0.216409
0.216409
0.216409
0.216409
0.216409
0.216409
0.216409
0.216409
0.216409
0.216409
0.216409
0.216409
0.216409
0.216409
0.216409
0.216409
0.216409
0.216409
0.216409
0.216409
0.216409
0.216409
0.216409
0.216409
0.216409
0.216409
0.216409
0.216409
0.216409
0.216409
0.216409
0.216409
0.216409
0.216409
0.216409
0.216409
0.216409
0.216409
0.216409
0.216409
0.216409
0.216409
0.216409
0.216409
0.216409
0.216409
0.216409
0.216409
0.216409
0.216409
0.216409
0.216409
0.216409
0.216409
0.216409
0.216409
0.216409
0.216409
0.216409
0.216409
0.216409
0.216409
0.216409
0.216409
0.216409
0.216409
0.216409
0.216409
0.216409
0.216409
0.216409
0.216409
0.216409
0.216409
0.216409
0.216409
0.216409
0.216409
0.216409
0.216409
0.216409
0.216409
0.216409
0.216409
0.216409
0.216409
0.216409
0.216409
0.216409
0.216409
0.216409
0.216409
0.216409
0.216409
0.216409
0.216409
0.216409
0.216409
0.216409
0.216409
0.216409
0.216409
0.216409
0.216409
0.216409
0.216409
0.216409
0.216409
0.216409
0.216409
0.216409
0.216409
0.216409
0.216409
0.216409
0.216409
0.216409
0.216409
0.216409
0.216409
0.216409
0.216409
0.216409
0.216409
0.216409
0.216409
0.216409
0.216409
0.216409
0.216409
0.216409
0.216409
0.216409
0.216409
0.216409
0.216409
0.216409
0.216409
0.216409
0.216409
0.216409
0.216409
0.216409
0.216409
0.216409
0.216409
0.216409
0.216409
0.216409
0.216409
0.216409
0.216409
0.216409
0.216409
0.216409
0.216409
0.216409
0.216409
0.216409
0.216409
0.216409
0.216409
0.216409
0.216409
0.216409
0.216409
0.216409
0.216409
0.216409
0.216409
0.216409
0.216409
0.216409
0.216409
0.216409
0.216409
0.216409
0.216409
0.216409
0.216409
0.216409
0.216409
0.216409
0.216409
0.216409
0.216409
0.216409
0.216409
0.216409
0.216409
0.216409
0.216409
0.216409
0.216409
0.216409
0.216409
0.216409
0.216409
0.216409
0.216409
0.216409
0.216409
0.216409
0.216409
0.216409
0.216409
0.216409
0.216409
0.216409
0.216409
0.216409
0.216409
0.216409
0.216409
0.216409
0.216409
0.216409
0.216409
0.216409
0.216409
0.216409
0.216409
0.216409
0.216409
0.216409
0.216409
0.216409
0.216409
0.216409
0.216409
0.216409
0.216409
0.216409
0.216409
0.216409
0.216409
0.216409
0.216409
0.216409
0.216409
0.216409
0.216409
0.216409
0.216409
0.216409
0.21657
0.216698
0.216799
0.216876
0.21693
0.216967
0.216987
0.216993
0.216987
0.216972
0.216947
0.216915
0.216941
0.216962
0.216976
0.216986
0.216991
0.216993
0.216992
0.216988
0.216982
0.216974
0.216964
0.216953
0.216941
0.216928
0.216915
0.2169
0.216886
0.216871
0.216856
0.216841
0.216826
0.216811
0.216797
0.216782
0.216768
0.216754
0.21674
0.216727
0.216714
0.216701
0.216689
0.216677
0.216771
0.216813
0.216796
0.216712
0.216552
0.216312
0.215986
0.215569
0.215056
0.214444
0.21373
0.212909
0.211981
0.210942
0.209791
0.208525
0.207144
0.205646
0.20403
0.202295
0.200441
0.198466
0.200775
0.202904
0.204868
0.206681
0.207154
0.2076
0.208021
0.208418
0.208793
0.209146
0.20948
0.209795
0.210093
0.210374
0.21064
0.210891
0.211129
0.211353
0.211566
0.211767
0.211957
0.212137
0.212308
0.212469
0.212622
0.212766
0.212903
0.213033
0.213156
0.213273
0.213383
0.213488
0.213587
0.213681
0.21377
0.213855
0.213935
0.214011
0.214083
0.214151
0.214216
0.214278
0.214336
0.214392
0.214444
0.214494
0.214541
0.214586
0.213551
0.212511
0.211455
0.210373
0.209254
0.208091
0.206875
0.2056
0.204259
0.202846
0.201357
0.199786
0.198131
0.196386
0.194549
0.192618
0.190589
0.18846
0.186229
0.183895
0.181455
0.178909
0.176256
0.173494
0.170623
0.167642
0.16455
0.161348
0.158034
0.160641
0.163105
0.165437
0.167643
0.16973
0.171706
0.173575
0.175345
0.177021
0.178607
0.180109
0.181532
0.18288
0.184157
0.185366
0.186513
0.187599
0.188628
0.189604
0.190529
0.191406
0.192237
0.193025
0.196863
0.200476
0.203877
0.207081
0.210098
0.21294
0.215619
0.218145
0.220525
0.222771
0.224889
0.226887
0.228774
0.230554
0.232235
0.231055
0.229929
0.228856
0.227832
0.226856
0.225926
0.222181
0.218558
0.215036
0.211599
0.208229
0.204912
0.201634
0.198382
0.195145
0.191912
0.188673
0.18542
0.182145
0.178839
0.175497
0.172113
0.16868
0.165195
0.161651
0.158047
0.154378
0.15064
0.146832
0.14295
0.138992
0.141961
0.144776
0.147444
0.149973
0.15237
0.154644
0.156799
0.158843
0.160782
0.16262
0.168929
0.174887
0.180514
0.185829
0.19085
0.195593
0.200074
0.204308
0.20831
0.207744
0.207206
0.206695
0.206209
0.205747
0.205308
0.20489
0.204494
0.204117
0.203758
0.203417
0.203094
0.198344
0.193748
0.189286
0.184939
0.180692
0.176527
0.172431
0.168389
0.164391
0.161173
0.158109
0.15519
0.157213
0.159132
0.160952
0.162678
0.164316
0.165869
0.167343
0.168742
0.170069
0.171328
0.172523
0.173657
0.174733
0.175754
0.176724
0.177644
0.178517
0.179346
0.180133
0.18088
0.181589
0.182262
0.182901
0.183508
0.184084
0.184632
0.185151
0.185644
0.186112
0.186557
0.186979
0.18738
0.187761
0.183396
0.17916
0.175035
0.171004
0.167052
0.163164
0.159328
0.15553
0.151762
0.148011
0.144269
0.140526
0.136776
0.133011
0.129225
0.125411
0.121565
0.11768
0.113754
0.109781
0.105759
0.101683
0.097552
0.093362
0.089112
0.0848
0.089549
0.094055
0.09833
0.102387
0.106236
0.109888
0.113353
0.116641
0.119761
0.122722
0.125531
0.128197
0.130728
0.133129
0.135409
0.137572
0.139625
0.141574
0.143424
0.145179
0.146846
0.148429
0.149931
0.151357
0.15271
0.153996
0.155216
0.156375
0.157474
0.158519
0.159511
0.160452
0.161347
0.162196
0.163002
0.163768
0.164495
0.165185
0.165841
0.166464
0.167055
0.167617
0.16815
0.168657
0.169138
0.169595
0.170029
0.170441
0.170832
0.171204
0.171558
0.165752
0.160137
0.154693
0.149399
0.144239
0.139195
0.134252
0.129396
0.124613
0.119892
0.115221
0.110589
0.105988
0.101409
0.096844
0.092285
0.087726
0.08316
0.078583
0.073989
0.069374
0.064733
0.060064
0.055362
0.050626
0.045853
0.04104
0.036185
-0.031288
-0.026347
-0.021362
-0.016331
-0.011254
-0.006131
-0.000963
0.004251
0.00951
0.014813
0.020159
0.025547
0.030976
0.036444
0.041949
0.047489
0.053063
0.058669
0.064303
0.069963
0.075647
0.081351
0.087072
0.092808
0.098555
0.104309
0.110067
0.115826
0.12158
0.127327
0.133062
0.138781
0.144479
0.150152
0.155796
0.161405
0.166976
0.172503
0.17798
0.183404
0.188769
0.19407
0.199302
0.204459
0.209536
0.199356
0.189664
0.180439
0.171659
0.163306
0.155358
0.147798
0.140608
0.13377
0.127268
0.121085
0.115208
0.10962
0.104308
0.099259
0.094459
0.089898
0.085563
0.081443
0.077527
0.073807
0.070271
0.066911
0.063719
0.060685
0.057802
0.055064
0.052461
0.049989
0.04764
0.045408
0.043287
0.041272
0.039358
0.03754
0.035812
0.03417
0.032611
0.031129
0.029721
0.028384
0.027114
0.025907
0.02476
0.023671
0.022636
0.021653
0.020719
0.019831
0.018988
0.018187
0.017427
0.016704
0.016017
0.015365
0.014745
0.014156
0.013597
0.013066
0.012561
0.012081
0.011626
0.011193
0.010782
0.010391
0.01002
0.009668
0.009333
0.009015
0.008712
0.008425
0.008153
0.007894
0.007647
0.007413
0.007191
0.00698
0.00678
0.006589
0.006408
0.006237
0.006073
0.005918
0.005771
0.005631
0.005498
0.005371
0.005251
0.005137
0.005029
0.004926
0.004828
0.004736
0.004647
0.004564
0.004484
0.004408
0.004336
0.004268
0.004203
0.004142
0.004083
0.004028
0.003975
0.003925
0.003877
0.003832
0.003789
0.003748
0.003709
0.003672
0.003637
0.003604
0.003573
0.003543
0.003514
0.003487
0.003461
0.003437
0.003414
0.003391
0.00337
0.003351
0.003332
0.003314
0.003297
0.00328
0.003265
0.00325
0.003237
0.003224
0.003211
0.003199
0.003188
0.003177
0.003167
0.003157
0.003148
0.003139
0.003131
0.003123
0.003116
0.003109
0.003102
0.003095
0.003089
0.003084
0.003078
0.003073
0.003068
0.003063
0.003059
0.003055
0.00305
0.003047
0.003043
0.00304
0.003036
0.003033
0.003031
0.003028
0.003025
0.003023
0.00302
0.003018
0.003016
0.003014
0.003012
0.00301
0.003008
0.003007
0.003005
0.003004
0.003002
0.003001
0.002999
0.002998
0.002997
0.002996
0.002995
0.002994
0.002993
0.002992
0.002991
0.002991
0.002991
0.002991
0.002991
0.002991
0.002991
0.002991
0.002991
0.002991
0.002991
0.002991
0.002991
0.002991
0.002991
0.002991
0.002991
0.002991
0.002991
0.002991
0.002991
0.002991
0.002991
0.002991
0.002991
0.002991
0.002991
0.002991
0.002991
0.002991
0.002991
0.002991
0.002991
0.002991
0.002991
0.002991
0.002991
0.002991
0.002991
0.002991
0.002991
0.002991
0.002991
0.002991
0.002991
0.002991
0.002991
0.002991
0.002991
0.002991
0.002991
0.002991
0.002991
0.002991
0.002991
0.002991
0.002991
0.002991
0.002991
0.002991
0.002991
0.002991
0.002991
0.002991
0.002991
0.002991
0.002991
0.002991
0.002991
0.002991
0.002991
0.002991
0.002991
0.002991
0.002991
0.002991
0.002991
0.002991
0.002991
0.002991
-0.007764
-0.01809
-0.028013
-0.037554
-0.046735
-0.055579
-0.064104
-0.072329
-0.080271
-0.087947
-0.095373
-0.102563
-0.109531
-0.116288
-0.122847
-0.129219
-0.135414
-0.141441
-0.147308
-0.153024
-0.158596
-0.164031
-0.169333
-0.17451
-0.179566
-0.184504
-0.18933
-0.194046
-0.198655
-0.20316
-0.207564
-0.211867
-0.216071
-0.220177
-0.224186
-0.228099
-0.231915
-0.223458
-0.215406
-0.207741
-0.200446
-0.193504
-0.186899
-0.180615
-0.174638
-0.168952
-0.163545
-0.168587
-0.173458
-0.178168
-0.182728
-0.187144
-0.191425
-0.195578
-0.199611
-0.20353
-0.20734
-0.211047
-0.214656
-0.218171
-0.221597
-0.224936
-0.228193
-0.231371
-0.234471
-0.237496
-0.240448
-0.243327
-0.246136
-0.248876
-0.251545
-0.254147
-0.256679
-0.259142
-0.261536
-0.263859
-0.266112
-0.268292
-0.270399
-0.272432
-0.274389
-0.276267
-0.278066
-0.279783
-0.281415
-0.282962
-0.28442
-0.285787
-0.28706
-0.288238
-0.289316
-0.290292
-0.291165
-0.291929
-0.292584
-0.293125
0.293551
0.293857
0.287227
0.2809
0.274863
0.269105
0.263615
0.258381
0.253393
0.24864
0.244113
0.239801
0.235695
0.231786
0.228064
0.224522
0.22115
0.217942
0.214889
0.204763
0.195098
0.185879
0.177087
0.168707
0.160721
0.153114
0.145869
0.138971
0.132405
0.126155
0.120209
0.114551
0.109168
0.111529
0.11377
0.115897
0.117918
0.119836
0.121658
0.123387
0.12503
0.12659
0.128071
0.129477
0.130813
0.132081
0.133286
0.13443
0.135516
0.136548
0.137528
0.138459
0.139343
0.140182
0.140979
0.141737
0.142456
0.143139
0.143788
0.144404
0.144989
0.145545
0.146073
0.146575
0.147051
0.147504
0.147934
0.148342
0.14873
0.149098
0.149448
0.149781
0.150097
0.150397
0.150681
0.150952
0.151209
0.151453
0.151685
0.151906
0.152115
0.152314
0.152503
0.152682
0.152853
0.153015
0.153169
0.153315
0.153454
0.153585
0.153711
0.15383
0.153943
0.15405
0.154152
0.154249
0.154341
0.154429
0.154512
0.154591
0.154666
0.154737
0.154804
0.154869
0.15493
0.154988
0.155043
0.155095
0.155145
0.155192
0.155237
0.15528
0.15532
0.155359
0.155395
0.15543
0.155463
0.155494
0.155524
0.155552
0.155579
0.155605
0.155629
0.155652
0.148286
0.141272
0.134595
0.12824
0.122192
0.116438
0.110963
0.105756
0.100803
0.096094
0.091615
0.087357
0.083309
0.07946
0.075802
0.072324
0.069019
0.065877
0.062892
0.067593
0.072057
0.076295
0.080319
0.084138
0.087765
0.091207
0.094476
0.097579
0.100525
0.103322
0.105978
0.108499
0.110893
0.113166
0.115325
0.117374
0.11932
0.121167
0.122922
0.124588
0.12617
0.127672
0.129099
0.130453
0.13174
0.132962
0.134122
0.135224
0.13627
0.137264
0.138208
0.139105
0.139956
0.140765
0.141533
0.142262
0.135538
0.129137
0.123045
0.117249
0.111736
0.106491
0.101502
0.096758
0.092247
0.087958
0.08388
0.080003
0.076318
0.072815
0.069485
0.06632
0.070849
0.075148
0.079229
0.083104
0.086783
0.090275
0.093591
0.096739
0.099728
0.102565
0.105259
0.107817
0.110245
0.112551
0.11474
0.116819
0.118793
0.120667
0.122447
0.124137
0.125742
0.127266
0.128713
0.130087
0.131392
0.132631
0.133808
0.134926
0.135987
0.136995
0.137953
0.138862
0.139726
0.140546
0.148729
0.156484
0.163831
0.170793
0.17739
0.183642
0.189566
0.19518
0.200501
0.205544
0.210323
0.214854
0.219149
0.22322
0.22708
0.23074
0.23421
0.2375
0.24062
0.243579
0.246386
0.249048
0.251573
0.253968
0.25624
0.251353
0.246697
0.242262
0.238038
0.234017
0.230188
0.226543
0.223074
0.219773
0.216631
0.213642
0.210799
0.208094
0.205521
0.203074
0.200746
0.198533
0.196428
0.194427
0.192524
0.190715
0.188995
0.18736
0.185805
0.184328
0.182923
0.181588
0.180319
0.179113
0.177966
0.176877
0.175841
0.174857
0.173922
0.173033
0.172188
0.171386
0.170623
0.169898
0.169209
0.168555
0.167933
0.167342
0.16678
0.166247
0.16574
0.165258
0.1648
0.164366
0.163952
0.16356
0.163187
0.162832
0.162495
0.162176
0.161872
0.161583
0.161308
0.161048
0.1608
0.160565
0.160341
0.160129
0.159927
0.159735
0.159553
0.15938
0.159215
0.159059
0.158911
0.15877
0.158636
0.158509
0.158388
0.158273
0.158164
0.15806
0.157962
0.157868
0.157779
0.157695
0.157614
0.157538
0.157466
0.157397
0.157332
0.15727
0.157211
0.157155
0.157101
0.157051
0.157003
0.156957
0.156914
0.156873
0.156833
0.156796
0.156761
0.156727
0.156695
0.156665
0.156636
0.156609
0.156583
0.156558
