0.707107
0.707065
0.706947
0.706765
0.706528
0.706246
0.705926
0.705576
0.705201
0.704807
0.704399
0.70398
0.703555
0.703125
0.702694
0.702265
0.701839
0.701417
0.701001
0.700593
0.700193
0.699802
0.69942
0.699049
0.698688
0.698338
0.697999
0.697671
0.697354
0.697048
0.696753
0.696469
0.696195
0.695932
0.695679
0.695437
0.695204
0.694981
0.694766
0.694561
0.694365
0.694177
0.693997
0.693825
0.69366
0.693503
0.693353
0.69321
0.693073
0.692942
0.692818
0.692699
0.692585
0.692477
0.692374
0.692275
0.692182
0.692092
0.692007
0.691926
0.691849
0.691776
0.691706
0.691639
0.691576
0.691515
0.691458
0.691403
0.691351
0.691301
0.691254
0.69121
0.691167
0.691126
0.691088
0.691051
0.691016
0.690983
0.690951
0.690921
0.690893
0.690866
0.69084
0.690815
0.690792
0.69077
0.690749
0.690729
0.69071
0.690692
0.690674
0.690658
0.690643
0.690628
0.690614
0.6906
0.690588
0.690576
0.690564
0.690553
0.690543
0.690533
0.690524
0.690515
0.690506
0.690498
0.690491
0.690484
0.690477
0.69047
0.690464
0.690458
0.690452
0.690447
0.690442
0.690437
0.690433
0.690428
0.690424
0.69042
0.690417
0.690413
0.69041
0.690407
0.690404
0.690401
0.690398
0.690395
0.690393
0.69039
0.690388
0.690386
0.690384
0.690382
0.69038
0.690379
0.690377
0.690375
0.690374
0.690373
0.690371
0.69037
0.690369
0.690368
0.690367
0.690365
0.690365
0.690364
0.690363
0.690362
0.690361
0.69036
0.69036
0.690359
0.690358
0.690358
0.690357
0.690356
0.690356
0.690355
0.690355
0.690354
0.690354
0.690354
0.690353
0.690353
0.690352
0.690352
0.690352
0.690352
0.690351
0.690351
0.690351
0.690351
0.69035
0.69035
0.69035
0.69035
0.690349
0.690349
0.690349
0.690349
0.690349
0.690349
0.690349
0.690349
0.690349
0.690349
0.690349
0.690349
0.690349
0.690349
0.690349
0.690349
0.690349
0.690349
0.690349
0.690349
0.690349
0.690349
0.690349
0.690349
0.690349
0.690349
0.690349
0.690349
0.690349
0.690349
0.690349
0.690349
0.690349
0.690349
0.690349
0.690349
0.690349
0.691977
0.693447
0.694775
0.695974
0.697057
0.698035
0.698918
0.699715
0.700434
0.701084
0.701671
0.7022
0.703005
0.704085
0.705436
0.707056
0.708941
0.711086
0.713487
0.716138
0.719033
0.722167
0.725531
0.729119
0.732923
0.736936
0.74115
0.745554
0.750142
0.754903
0.759828
0.764907
0.77013
0.775486
0.780965
0.786557
0.792249
0.798031
0.803891
0.809817
0.815797
0.821818
0.827868
0.833935
0.840006
0.846066
0.852105
0.852044
0.851985
0.851929
0.851874
0.851822
0.851772
0.852404
0.852922
0.85334
0.85367
0.853924
0.85411
0.854238
0.854315
0.854348
0.854343
0.854306
0.854241
0.854153
0.854046
0.853922
0.853785
0.853637
0.853481
0.853318
0.85315
0.852979
0.852806
0.852632
0.852458
0.852285
0.852114
0.851945
0.851779
0.851616
0.851456
0.8513
0.852136
0.853105
0.854212
0.855459
0.856847
0.858377
0.860047
0.861856
0.8638
0.865877
0.86808
0.870407
0.872849
0.875402
0.878058
0.880809
0.883649
0.886568
0.889557
0.892608
0.895711
0.898856
0.902032
0.905229
0.908437
0.911644
0.914839
0.91801
0.921145
0.924233
0.927261
0.930218
0.933089
0.935864
0.938528
0.94107
0.943476
0.945733
0.947028
0.948177
0.949195
0.950095
0.950891
0.951591
0.952208
0.952749
0.953224
0.953638
0.953999
0.954313
0.954584
0.954817
0.955017
0.955188
0.955332
0.955453
0.955554
0.955637
0.955703
0.955756
0.955797
0.955827
0.955847
0.95586
0.955866
0.955865
0.95586
0.95585
0.955836
0.95582
0.9558
0.955779
0.955755
0.955731
0.955705
0.955679
0.955816
0.95596
0.956119
0.956298
0.956502
0.956734
0.956995
0.957285
0.957603
0.957948
0.958318
0.958707
0.959113
0.95953
0.959952
0.960374
0.960787
0.961186
0.961562
0.961908
0.962213
0.96247
0.962669
0.962801
0.962856
0.962823
0.962692
0.962453
0.962092
0.961745
0.963588
0.965226
0.96668
0.967969
0.96911
0.970118
0.971008
0.971792
0.972481
0.973086
0.973615
0.974076
0.974478
0.974827
0.975128
0.975387
0.975608
0.975797
0.975119
0.974436
0.973752
0.975163
0.976374
0.977406
0.978281
0.979017
0.979629
0.980133
0.980541
0.980865
0.981115
0.981302
0.981432
0.981513
0.981553
0.982432
0.983026
0.983372
0.983505
0.983454
0.983245
0.982903
0.982449
0.9819
0.981272
0.980581
0.979839
0.979057
0.978244
0.977409
0.977432
0.977442
0.97744
0.977427
0.977406
0.977378
0.977343
0.977304
0.97726
0.977213
0.977163
0.977112
0.977059
0.977004
0.97695
0.976895
0.97684
0.976785
0.976731
0.976677
0.976625
0.976574
0.976523
0.976474
0.976426
0.97638
0.976334
0.976291
0.976248
0.976207
0.976168
0.97613
0.976093
0.976057
0.975735
0.975333
0.974865
0.974342
0.973774
0.973172
0.972543
0.971893
0.971229
0.970557
0.96988
0.969203
0.968529
0.967861
0.967202
0.966552
0.965915
0.965292
0.966221
0.967062
0.967823
0.968512
0.969136
0.969702
0.970214
0.970677
0.971098
0.971478
0.971823
0.972136
0.97242
0.972677
0.972911
0.973122
0.973314
0.973489
0.973647
0.973791
0.974464
0.974943
0.975252
0.975415
0.975451
0.975379
0.975214
0.97497
0.97466
0.974294
0.973883
0.973434
0.972956
0.972455
0.971937
0.971407
0.970868
0.970326
0.969782
0.970377
0.97091
0.971389
0.971819
0.972204
0.97255
0.972859
0.973137
0.973385
0.973608
0.973806
0.973984
0.974143
0.974285
0.974411
0.974524
0.974624
0.975045
0.975284
0.975364
0.97531
0.975139
0.974871
0.974519
0.974097
0.973618
0.973092
0.972529
0.971936
0.971321
0.970689
0.970047
0.969398
0.968748
0.968099
0.967455
0.968165
0.968808
0.969391
0.96992
0.9704
0.970835
0.97123
0.971588
0.971914
0.972209
0.972478
0.972722
0.972943
0.973145
0.973328
0.973495
0.973647
0.973785
0.973911
0.974026
0.97413
0.974225
0.974312
0.974391
0.974464
0.97453
0.974591
0.974646
0.974696
0.974743
0.974785
0.974824
0.974859
0.974892
0.974922
0.97495
0.974975
0.974998
0.975019
0.975039
0.975057
0.975074
0.975089
0.975103
0.975117
0.975129
0.97514
0.97515
0.97516
0.974908
0.97457
0.974161
0.973692
0.973174
0.972617
0.972029
0.971418
0.970789
0.970149
0.969502
0.968852
0.968203
0.967559
0.96692
0.966291
0.965671
0.965064
0.964471
0.963891
0.963327
0.962779
0.962246
0.961731
0.961231
0.960749
0.960283
0.959834
0.959401
0.958984
0.958583
0.958198
0.957828
0.957473
0.957132
0.956806
0.956493
0.956194
0.955907
0.955632
0.95537
0.955119
0.954879
0.95465
0.954431
0.954222
0.954023
0.953833
0.953651
0.953478
0.953313
0.953155
0.953005
0.952862
0.952725
0.952596
0.952472
0.952354
0.952242
0.952135
0.952033
0.951936
0.951844
0.951756
0.951673
0.951593
0.951517
0.951445
0.951377
0.951312
0.95125
0.951191
0.951135
0.951081
0.951031
0.950983
0.950937
0.950893
0.950852
0.950812
0.950775
0.950739
0.950705
0.950673
0.950642
0.950613
0.950586
0.950559
0.952862
0.954947
0.956835
0.958544
0.961908
0.964795
0.967255
0.969335
0.971075
0.97251
0.973672
0.974588
0.97528
0.975768
0.976069
0.976198
0.976165
0.975979
0.975647
0.975176
0.974568
0.973825
0.972948
0.971936
0.970788
0.9695
0.96807
0.966492
0.964762
0.962874
0.960821
0.958596
0.957902
0.957223
0.95656
0.957631
0.958607
0.959496
0.960306
0.961045
0.961718
0.962333
0.962894
0.963406
0.963874
0.964302
0.964693
0.965051
0.965379
0.966578
0.967534
0.968278
0.968836
0.969232
0.969487
0.96962
0.969647
0.969584
0.969443
0.969237
0.968975
0.968668
0.968322
0.967946
0.968184
0.968394
0.968578
0.968739
0.96888
0.969003
0.96911
0.969203
0.969283
0.969351
0.969587
0.969648
0.969559
0.969341
0.969014
0.968595
0.9681
0.967541
0.966931
0.966279
0.965596
0.964888
0.964164
0.963428
0.962686
0.961942
0.961202
0.961861
0.962464
0.963013
0.963515
0.963974
0.964393
0.964777
0.965128
0.965449
0.965743
0.966013
0.96626
0.966487
0.967462
0.968223
0.968796
0.969205
0.969471
0.969613
0.969649
0.969592
0.969458
0.9695
0.969535
0.969564
0.969588
0.969607
0.969622
0.969633
0.969641
0.969646
0.969649
0.96965
0.969648
0.969646
0.969642
0.969637
0.969631
0.969624
0.969617
0.969609
0.969601
0.969593
0.969584
0.969576
0.969567
0.969558
0.969549
0.96954
0.969532
0.969523
0.969515
0.969507
0.969499
0.969491
0.969483
0.969218
0.968851
0.968398
0.967875
0.967294
0.966665
0.965999
0.965305
0.964589
0.963859
0.96312
0.963613
0.964063
0.964475
0.964852
0.965196
0.965511
0.9658
0.966916
0.9678
0.968481
0.968983
0.969331
0.969543
0.96964
0.969636
0.969546
0.969382
0.969157
0.96888
0.968559
0.968202
0.96841
0.968592
0.968752
0.968891
0.969013
0.969118
0.96921
0.969289
0.969357
0.969415
0.969464
0.969505
0.96954
0.969568
0.969591
0.969609
0.969624
0.969634
0.969642
0.969647
0.969649
0.969588
0.969394
0.969088
0.968686
0.968205
0.967658
0.967057
0.966413
0.965736
0.965032
0.96431
0.963576
0.962835
0.962092
0.96135
0.960614
0.959885
0.960661
0.961368
0.962014
0.962603
0.96314
0.963631
0.96408
0.96449
0.964865
0.965209
0.965523
0.966694
0.967626
0.968348
0.968888
0.969267
0.969508
0.969628
0.969645
0.969572
0.969424
0.969472
0.969512
0.969545
0.969573
0.969595
0.969612
0.969626
0.969636
0.969643
0.969648
0.96965
0.96965
0.969648
0.969645
0.969641
0.969636
0.96963
0.969623
0.969615
0.969607
0.969599
0.969591
0.969582
0.969573
0.969564
0.969556
0.969547
0.969538
0.96953
0.969521
0.969513
0.969505
0.969497
0.969489
0.969481
0.969474
0.969467
0.96946
0.969454
0.969447
0.969441
0.969435
0.969429
0.969424
0.969418
0.969413
0.969408
0.969404
0.969399
0.969395
0.969391
0.969387
0.969383
0.969379
0.969375
0.969372
0.969369
0.969366
0.969363
0.96936
0.969358
0.969355
0.969353
0.96935
0.969348
0.969346
0.969344
0.969342
0.969341
0.969339
0.969337
0.969336
0.969334
0.969333
0.969331
0.96933
0.969329
0.969328
0.969327
0.969326
0.969325
0.969324
0.969323
0.969322
0.969321
0.96932
0.96932
0.969319
0.969318
0.969317
0.969317
0.969316
0.969316
0.969315
0.969315
0.969591
0.9698
0.969954
0.970062
0.970131
0.970167
0.970173
0.970152
0.970105
0.970032
0.969932
0.969803
0.969641
0.969443
0.969204
0.968919
0.968581
0.968185
0.967723
0.967187
0.96657
0.967528
0.968392
0.969171
0.969873
0.970506
0.971076
0.97159
0.972052
0.972469
0.972845
0.973183
0.973487
0.973762
0.974008
0.974231
0.97443
0.97461
0.974772
0.974918
0.975049
0.975166
0.975272
0.975367
0.975452
0.975529
0.975598
0.97566
0.975715
0.975765
0.97581
0.97585
0.975886
0.975918
0.975947
0.975972
0.975995
0.976016
0.976034
0.976051
0.976065
0.976078
0.97609
0.9761
0.976109
0.976117
0.976125
0.976131
0.976137
0.976142
0.976146
0.97615
0.976154
0.976157
0.976159
0.976161
0.976164
0.976165
0.976167
0.976168
0.976169
0.97617
0.976171
0.976171
0.976172
0.976172
0.976173
0.976173
0.976173
0.976173
0.976174
0.976174
0.976174
0.976174
0.976174
0.976173
0.976173
0.976173
0.976173
0.976173
0.976173
0.976173
0.976173
0.976172
0.976172
0.976172
0.976172
0.976172
0.976172
0.976171
0.976171
0.976171
0.976171
0.976171
0.976171
0.976171
0.976171
0.97617
0.97617
0.97617
0.97617
0.97617
0.97617
0.97617
0.97617
0.976169
0.976169
0.976169
0.976169
0.976169
0.976169
0.976169
0.976169
0.976169
0.976169
0.976169
0.976169
0.976152
0.976031
0.975818
0.975522
0.975151
0.97471
0.974204
0.973635
0.973893
0.974127
0.974338
0.974528
0.9747
0.974855
0.974995
0.975122
0.975236
0.975339
0.975432
0.975515
0.975591
0.97566
0.975721
0.975777
0.975827
0.975873
0.975914
0.975951
0.975984
0.976015
0.976042
0.976066
0.976089
0.976109
0.976127
0.976143
0.976158
0.976171
0.976183
0.976194
0.976204
0.976213
0.976221
0.976228
0.976235
0.976241
0.976246
0.976251
0.976255
0.976259
0.976263
0.976266
0.976128
0.975891
0.975565
0.975157
0.974676
0.974125
0.973508
0.972827
0.972084
0.971277
0.970407
0.969469
0.968462
0.967381
0.966223
0.964981
0.96365
0.962224
0.960696
0.959059
0.957304
0.955425
0.953412
0.954723
0.955916
0.957002
0.957992
0.958893
0.959715
0.960464
0.961148
0.961772
0.962341
0.962861
0.963337
0.963771
0.962964
0.96208
0.961124
0.960095
0.958995
0.957823
0.956578
0.955257
0.953858
0.952377
0.95081
0.949153
0.9474
0.945546
0.943585
0.94151
0.939316
0.936993
0.934536
0.931937
0.929187
0.926279
0.923204
0.919954
0.91652
0.912894
0.909066
0.911146
0.91305
0.914796
0.916396
0.917864
0.919211
0.920448
0.919476
0.918381
0.917162
0.915819
0.91435
0.912755
0.911031
0.909176
0.907185
0.905056
0.902784
0.900365
0.897793
0.895064
0.892173
0.889113
0.885878
0.882461
0.878858
0.87506
0.871061
0.866854
0.862432
0.857788
0.852914
0.847803
0.842448
0.836841
0.830975
0.824842
0.818436
0.811749
0.804774
0.797504
0.789932
0.782051
0.773855
0.765337
0.756492
0.747312
0.737793
0.727929
0.717714
0.707145
0.696215
0.684921
0.67326
0.661226
0.648818
0.636033
0.622867
0.60932
0.595389
0.581073
0.566373
0.551287
0.535817
0.519963
0.503726
0.487109
0.470114
0.452743
0.435001
0.416892
0.39842
0.379591
0.360411
0.363401
0.366202
0.368827
0.371289
0.373599
0.375766
0.377801
0.379713
0.381509
0.383197
0.384784
0.386278
0.387683
0.389006
0.390251
0.391425
0.39253
0.393573
0.394556
0.395483
0.396357
0.397183
0.397962
0.398698
0.399393
0.397199
0.394641
0.391722
0.388447
0.389477
0.390449
0.391366
0.392231
0.393048
0.393819
0.394547
0.395235
0.395885
0.396499
0.397079
0.397628
0.398147
0.396278
0.39404
0.391437
0.388473
0.385153
0.381479
0.377456
0.373085
0.368369
0.365344
0.36192
0.358096
0.353872
0.34925
0.344229
0.338811
0.332998
0.326791
0.320192
0.313203
0.305826
0.298063
0.289917
0.28139
0.272485
0.263204
0.25355
0.243526
0.233135
0.22238
0.211264
0.199792
0.187966
0.175792
0.163272
0.150412
0.137217
0.12369
0.109839
0.095667
0.079009
0.062136
0.045056
0.027779
0.02726
0.026891
0.026654
0.026529
0.026503
0.026561
0.02669
0.026881
0.027124
0.027409
0.027729
0.028078
0.028451
0.028841
0.029245
0.029658
0.030077
0.0305
0.030922
0.031344
0.031762
0.032175
0.032582
0.032982
0.033373
0.033756
0.034129
0.034492
0.034844
0.035186
0.035517
0.035837
0.036147
0.036445
0.036733
0.037011
0.037277
0.037534
0.03778
0.038017
0.040427
0.042731
0.044933
0.047036
0.049044
0.05096
0.052789
0.054532
0.056195
0.05778
0.059291
0.06073
0.062101
0.063407
0.064651
0.065835
0.066962
0.068035
0.069056
0.070028
0.070952
0.071832
0.072669
0.073465
0.074222
0.074942
0.075627
0.076278
0.076897
0.077486
0.078046
0.078578
0.079084
0.077354
0.075702
0.071887
0.068236
0.064742
0.061402
0.05821
0.055162
0.052253
0.049477
0.046829
0.044305
0.041899
0.039607
0.037424
0.035345
0.033365
0.031481
0.029688
0.027981
0.026357
0.024813
0.023343
0.021946
0.020617
0.019353
0.018152
0.017009
0.018313
0.019551
0.020727
0.021845
0.022906
0.023913
0.027252
0.03042
0.033424
0.036272
0.038973
0.041533
0.043961
0.046263
0.048445
0.050514
0.052475
0.054335
0.056098
0.057769
0.059354
0.060857
0.062282
0.061329
0.060423
0.059561
0.058742
0.057962
0.057221
0.056516
0.053518
0.050659
0.047935
0.04534
0.042868
0.040515
0.038275
0.036142
0.034113
0.032183
0.030347
0.0286
0.02694
0.02536
0.023859
0.022431
0.021074
0.019784
0.018557
0.019788
0.020956
0.022065
0.025508
0.028773
0.031869
0.034804
0.037587
0.040225
0.042725
0.045096
0.047343
0.049472
0.051491
0.053405
0.055219
0.056939
0.05857
0.060116
0.061581
0.060663
0.059789
0.058958
0.058168
0.057417
0.056702
0.056023
0.053046
0.050208
0.047504
0.044929
0.042476
0.040141
0.037918
0.035803
0.03379
0.031876
0.030054
0.030706
0.031324
0.03191
0.032468
0.032997
0.0335
0.033978
0.034431
0.034862
0.032419
0.029602
0.026414
0.022857
0.018935
0.014649
0.010004
0.005001
-0.000355
-0.006061
-0.012115
-0.018512
-0.02525
-0.032325
-0.039732
-0.047468
-0.055529
-0.063911
-0.07261
-0.081621
-0.09094
-0.100562
-0.110482
-0.120694
-0.119049
-0.115285
-0.111673
-0.108208
-0.104887
-0.101708
-0.098666
-0.095756
-0.092975
-0.090318
-0.087781
-0.090526
-0.093616
-0.097051
-0.10083
-0.104951
-0.109414
-0.114216
-0.119354
-0.124827
-0.13063
-0.136762
-0.143219
-0.149997
-0.157092
-0.164501
-0.172219
-0.180241
-0.188564
-0.197181
-0.206089
-0.215281
-0.224753
-0.234498
-0.24451
-0.254783
-0.265311
-0.276087
-0.287103
-0.298353
-0.309828
-0.321521
-0.333423
-0.345526
-0.357821
-0.370298
-0.382949
-0.395763
-0.408731
-0.421842
-0.435086
-0.44845
-0.461925
-0.475498
-0.489156
-0.502889
-0.516683
-0.530525
-0.544403
-0.558303
-0.57221
-0.586111
-0.599991
-0.613836
-0.62763
-0.64136
-0.655009
-0.668562
-0.682003
-0.695316
0.708485
0.721494
0.734326
0.746964
0.759393
0.759556
0.759633
0.759636
0.759575
0.759234
0.758642
0.757841
0.756862
0.755737
0.754493
0.753152
0.751735
0.75026
0.748743
0.747198
0.745635
0.744067
0.7425
0.740943
0.739402
0.737882
0.736388
0.734923
0.733491
0.732095
0.730734
0.729412
0.72813
0.726887
0.725685
0.724523
0.723402
0.722321
0.721279
0.720277
0.719313
0.718387
0.717498
0.716644
0.715826
0.715042
0.71429
0.713571
0.712882
0.712224
0.711594
0.710992
0.710416
0.709867
0.709342
0.708841
0.708363
0.707907
0.707471
0.707056
0.70666
0.706283
0.705924
0.705581
0.708291
0.710804
0.715947
0.720576
0.724739
0.728482
0.731844
0.734865
0.733121
0.731103
0.728813
0.726255
0.723432
0.720345
0.716995
0.713384
0.709511
0.710967
0.712324
0.71359
0.714771
0.715874
0.716904
0.717867
0.716505
0.715183
0.713901
0.712661
0.711462
0.710305
0.709188
0.708113
0.707077
0.706082
0.705124
0.706883
0.708519
0.710042
0.711462
0.712786
0.714021
0.715173
0.716249
0.717255
0.718195
0.719075
0.719898
0.720669
0.721391
0.722068
0.722703
0.723298
0.723858
0.724383
0.724876
0.72534
0.725776
0.726186
0.726572
0.726936
0.727278
0.7276
0.727904
0.728191
0.728461
0.728716
0.728957
0.729184
0.729398
0.729601
0.729792
0.729973
0.730144
0.730305
0.730458
0.730603
0.730739
0.730869
0.730991
0.731107
0.731217
0.729615
0.728022
0.726446
0.724891
0.723362
0.721863
0.720397
0.718967
0.717574
0.716221
0.714907
0.713635
0.712403
0.711213
0.712553
0.713804
0.712566
0.713816
0.7173
0.720435
0.723254
0.725789
0.728066
0.730111
0.731947
0.733594
0.735072
0.736396
0.737583
0.738646
0.739597
0.740448
0.741208
0.741888
0.742494
0.74215
0.741811
0.741479
0.741153
0.740836
0.73941
0.73792
0.736381
0.734809
0.733217
0.731614
0.730011
0.728416
0.726835
0.725274
0.723739
0.722232
0.720758
0.719319
0.717916
0.716553
0.715229
0.713946
0.715104
0.716185
0.717194
0.718139
0.719022
0.719848
0.720622
0.723423
0.72594
0.728201
0.730233
0.732056
0.733692
0.733669
0.733647
0.733626
0.733607
0.733588
0.73357
0.733553
0.733537
0.733522
0.733507
0.733493
0.73348
0.733467
0.733456
0.733444
0.733434
0.733423
0.733414
0.733404
0.733396
0.733387
0.733379
0.733372
0.733365
0.733358
0.733352
0.733346
0.73334
0.733334
0.733329
0.733324
0.733319
0.733315
0.73331
0.731708
0.730105
0.728509
0.726927
0.725365
0.723828
0.722319
0.720843
0.719402
0.717997
0.716631
0.717612
0.718529
0.719387
0.720191
0.720943
0.721648
0.722309
0.722929
0.723511
0.724057
0.72457
0.725052
0.725505
0.725931
0.726332
0.72671
0.727065
0.7274
0.727716
0.728013
0.728293
0.728558
0.728807
0.729043
0.729265
0.729475
0.727884
0.726309
0.724756
0.72323
0.721734
0.720271
0.718844
0.717455
0.716105
0.714795
0.713526
0.712298
0.711112
0.712459
0.713716
0.714889
0.715984
0.717007
0.717963
0.718858
0.719695
0.720479
0.721213
0.721901
0.724573
0.726973
0.72913
0.731066
0.732804
0.734363
0.735762
0.737014
0.738137
0.739142
0.740041
0.739754
0.739477
0.739209
0.73895
0.7387
0.737184
0.735628
0.734044
0.732446
0.730842
0.729242
0.727653
0.726081
0.724532
0.723009
0.721518
0.72006
0.718639
0.717255
0.715911
0.714607
0.713344
0.714541
0.715659
0.716704
0.71768
0.718593
0.719447
0.720246
0.720995
0.721697
0.722355
0.72498
0.72734
0.729459
0.731362
0.733384
0.735539
0.737835
0.74028
0.742881
0.745641
0.748564
0.751651
0.754902
0.758316
0.761892
0.765628
0.769518
0.77356
0.777748
0.782076
0.786539
0.791129
0.795838
0.800659
0.805584
0.810603
0.815708
0.820889
0.826135
0.831437
0.836784
0.842165
0.847568
0.852983
0.858396
0.863797
0.869173
0.8696
0.869943
0.870212
0.870418
0.870567
0.870668
0.870726
0.870748
0.870739
0.870702
0.870643
0.870564
0.870469
0.870361
0.870242
0.870114
0.869312
0.868147
0.866641
0.864813
0.862681
0.860259
0.857559
0.854593
0.851369
0.847895
0.844175
0.840214
0.836015
0.83158
0.826911
0.822006
0.816866
0.81149
0.805874
0.800017
0.793915
0.787566
0.780965
0.774108
0.766991
0.76856
0.772402
0.775836
0.778903
0.781639
0.784077
0.786247
0.788178
0.789893
0.788165
0.786153
0.783863
0.781304
0.778483
0.775402
0.772067
0.768481
0.764645
0.760562
0.75623
0.751651
0.746823
0.741746
0.736418
0.730836
0.724999
0.718903
0.712545
0.705922
0.699031
0.691868
0.68443
0.676711
0.668709
0.660419
-0.651838
-0.642962
-0.633786
-0.624307
-0.614522
-0.604426
-0.609745
-0.614576
-0.618963
-0.622948
-0.626567
-0.629854
-0.632839
-0.63555
-0.633505
-0.631141
-0.628463
-0.625477
-0.622186
-0.618592
-0.614699
-0.610509
-0.606023
-0.601242
-0.596166
-0.590796
-0.585131
-0.579172
-0.572917
-0.566365
-0.559514
-0.552365
-0.544915
-0.537162
-0.529106
-0.520744
-0.512074
-0.503096
-0.493806
-0.484205
-0.474289
-0.464058
-0.453511
-0.442645
-0.431461
-0.419958
-0.408135
-0.395992
-0.383529
-0.370745
-0.357642
-0.34422
-0.330481
-0.316425
-0.302054
-0.287371
-0.272379
-0.257079
-0.241475
-0.225572
-0.209373
-0.192882
-0.176105
-0.159047
-0.141714
-0.124112
-0.106248
-0.08813
-0.069765
-0.051161
-0.032327
-0.013272
0.005994
0.025461
0.045118
0.064954
0.084957
0.105116
0.125418
0.123359
0.12139
0.119508
0.11771
0.115993
0.114354
0.11279
0.109087
0.105535
0.102132
0.098872
0.095753
0.09277
0.08992
0.087196
0.084596
0.082114
0.079746
0.079853
0.079955
0.080052
0.080143
0.080231
0.080314
0.080392
0.080468
0.080539
0.080606
0.08067
0.080731
0.080789
0.080844
0.080897
0.080946
0.080994
0.081039
0.081081
0.081122
0.08116
0.081197
0.081232
0.081265
0.081296
0.081327
0.081355
0.081382
0.084233
0.087423
0.090955
0.094826
0.099036
0.103583
0.108466
0.113682
0.119228
0.125104
0.131304
0.137827
0.144668
0.151825
0.159292
0.167067
0.175145
0.183521
0.192191
0.201149
0.21039
0.219909
0.229701
0.239759
0.250078
0.26065
0.271469
0.282528
0.293821
0.305338
0.317073
0.329017
0.341162
0.353498
0.366018
0.378711
0.391568
0.40458
0.417734
0.431022
0.444431
0.457952
0.471571
0.485277
0.499058
0.512901
0.526794
0.540723
0.554675
0.568637
0.582593
0.596529
0.610432
0.624286
0.638077
0.651788
0.665405
0.678911
0.692292
0.705529
0.718608
0.731512
0.744225
0.756728
0.756874
0.756936
0.756925
0.756851
0.756724
0.756553
0.756343
0.756103
0.755837
0.75555
0.755247
0.754932
0.754607
0.754277
0.753942
0.753606
0.75327
0.751741
0.749807
0.747488
0.744804
0.741769
0.738398
0.734703
0.730694
0.72638
0.721768
0.716865
0.711674
0.7062
0.700446
0.694413
0.688103
0.681516
0.674652
0.667511
0.660092
0.652392
0.644411
0.636147
0.627597
0.618758
0.609629
0.600206
0.590488
0.58047
0.570152
0.55953
0.548601
0.537364
0.525815
0.513954
0.501778
0.489286
0.476476
0.463348
0.449899
0.436131
0.422042
0.407633
0.392905
0.377858
0.362494
0.346815
0.330822
0.314519
0.297908
0.280992
0.263777
0.246266
0.228464
0.210377
0.19201
0.173371
0.154465
0.135301
0.115887
0.09623
0.098669
0.100977
0.10316
0.105226
0.107181
0.109031
0.110783
0.112441
0.114011
0.117999
0.121755
0.125764
0.130034
0.134571
0.13938
0.144464
0.149826
0.155469
0.157799
0.159995
0.162065
0.164018
0.165859
0.167596
0.169235
0.17038
0.171291
0.171996
0.172521
0.172889
0.17312
0.173233
0.173244
0.173167
0.173015
0.1728
0.172532
0.172219
0.170509
0.168723
0.166879
0.164997
0.162956
0.161168
0.159608
0.158249
0.157071
0.156053
0.155179
0.154431
0.153795
0.15326
0.152812
0.152443
0.152141
0.150827
0.149479
0.148108
0.146724
0.146701
0.146725
0.146789
0.146887
0.147014
0.148735
0.150455
0.152164
0.153858
0.155528
0.15717
0.15878
0.160418
0.1618
0.162955
0.163911
0.164689
0.165312
0.1658
0.166168
0.166431
0.166605
0.165306
0.163354
0.160786
0.157636
0.153933
0.149705
0.144977
0.139773
0.134112
0.128014
0.121494
0.114569
0.107252
0.099556
0.091494
0.083074
0.074308
0.065203
0.055768
0.046012
0.03594
0.025561
0.014881
0.003906
-0.007358
-0.018905
-0.01787
-0.016867
-0.015894
-0.014953
-0.014043
-0.013165
-0.012319
-0.011503
-0.010718
-0.009964
-0.009238
-0.008542
-0.007873
-0.007232
-0.006618
-0.008712
-0.011206
-0.014094
-0.017372
-0.021035
-0.025079
-0.029498
-0.034289
-0.039446
-0.044964
-0.05084
-0.05707
-0.063647
-0.070568
-0.077828
-0.085422
-0.093345
-0.091867
-0.090453
-0.089102
-0.087811
-0.086578
-0.0854
-0.084276
-0.083203
-0.082179
-0.081202
-0.078017
-0.074968
-0.072051
-0.069263
-0.066599
-0.064055
-0.061626
-0.059308
-0.057097
-0.054989
-0.052979
-0.051063
-0.049238
-0.047499
-0.048221
-0.048908
-0.04956
-0.05018
-0.050769
-0.051327
-0.051859
-0.052363
-0.052843
-0.053298
-0.053731
-0.054142
-0.054533
-0.054903
-0.055256
-0.057954
-0.060509
-0.06293
-0.065223
-0.067395
-0.069453
-0.071403
-0.070934
-0.070489
-0.070065
-0.069663
-0.06928
-0.068916
-0.06857
-0.068241
-0.067928
-0.06763
-0.067348
-0.067079
-0.064483
-0.062007
-0.059647
-0.057399
-0.055256
-0.053216
-0.051273
-0.049423
-0.047663
-0.045987
-0.044392
-0.042875
-0.043837
-0.04475
-0.045616
-0.046439
-0.04722
-0.047961
-0.048665
-0.049334
-0.049968
-0.05057
-0.051142
-0.051685
-0.0522
-0.05269
-0.053155
-0.053596
-0.054015
-0.054413
-0.054791
-0.05515
-0.055491
-0.055814
-0.056121
-0.056413
-0.05669
-0.056953
-0.057203
-0.057441
-0.057666
-0.05788
-0.058083
-0.058276
-0.05846
-0.058634
-0.058799
-0.058956
-0.059106
-0.059247
-0.059382
-0.05951
-0.059632
-0.059747
-0.059856
-0.05996
-0.060059
-0.060153
-0.060242
-0.060327
-0.060407
-0.060484
-0.060556
-0.060625
-0.060691
-0.060753
-0.060812
-0.060868
-0.060921
-0.060972
-0.06102
-0.061065
-0.061109
-0.06115
-0.061189
-0.061226
-0.061262
-0.061295
-0.061327
-0.061357
-0.061386
-0.061413
-0.059077
-0.056852
-0.054733
-0.052715
-0.050793
-0.048964
-0.047223
-0.045567
-0.043991
-0.042492
-0.041065
-0.042119
-0.043119
-0.044068
-0.044969
-0.045824
-0.046636
-0.047407
-0.048138
-0.048832
-0.049492
-0.050118
-0.050712
-0.051276
-0.051812
-0.05232
-0.052803
-0.053262
-0.053697
-0.056486
-0.059127
-0.061627
-0.063996
-0.066238
-0.068362
-0.068042
-0.067737
-0.067448
-0.067173
-0.066911
-0.066662
-0.066426
-0.066201
-0.065988
-0.065785
-0.065593
-0.06541
-0.065236
-0.06272
-0.060323
-0.058038
-0.055862
-0.053789
-0.051815
-0.049937
-0.048149
-0.046447
-0.044828
-0.043287
-0.041822
-0.042836
-0.043799
-0.044713
-0.045581
-0.046405
-0.047187
-0.047929
-0.048633
-0.049302
-0.049937
-0.05054
-0.051112
-0.051656
-0.052172
-0.052662
-0.053127
-0.053569
-0.053988
-0.054386
-0.054764
-0.055123
-0.055464
-0.055788
-0.056095
-0.056387
-0.056664
-0.056927
-0.057178
-0.057415
-0.05764
-0.057855
-0.058058
-0.058251
-0.058434
-0.058609
-0.058774
-0.058931
-0.059081
-0.059223
-0.059357
-0.059485
-0.059607
-0.059722
-0.059831
-0.059935
-0.060034
-0.060128
-0.060217
-0.060302
-0.060382
-0.060459
-0.060531
-0.0606
-0.060666
-0.060728
-0.060787
-0.060843
-0.060896
-0.060947
-0.060995
-0.06104
-0.061084
-0.061125
-0.061164
-0.064032
-0.067242
-0.070795
-0.074689
-0.078924
-0.083497
-0.088408
-0.093654
-0.099232
-0.105139
-0.111374
-0.117932
-0.124811
-0.132007
-0.139515
-0.147333
-0.155456
-0.163879
-0.172598
-0.181608
-0.190904
-0.200481
-0.210333
-0.220454
-0.230839
-0.241481
-0.252374
-0.263511
-0.262102
-0.260747
-0.259445
-0.258195
-0.256995
-0.255844
-0.254741
-0.253685
-0.255133
-0.256975
-0.259206
-0.261822
-0.264819
-0.268192
-0.271936
-0.276045
-0.280515
-0.28534
-0.290515
-0.296032
-0.301888
-0.308074
-0.314586
-0.321416
-0.328557
-0.336002
-0.343746
-0.351779
-0.360095
-0.368685
-0.377543
-0.38666
-0.396026
-0.405634
-0.415474
-0.425538
-0.435816
-0.446298
-0.456975
-0.467836
-0.47887
-0.490068
-0.501417
-0.512907
-0.524527
-0.536264
-0.548106
-0.560041
-0.572056
-0.584139
-0.596276
-0.608454
-0.62066
-0.620168
-0.619639
-0.619081
-0.6185
-0.617903
-0.617296
-0.616682
-0.616065
-0.615449
-0.614837
-0.614231
-0.613634
-0.613046
-0.612471
-0.611908
-0.611358
-0.610823
-0.610303
-0.609799
-0.609309
-0.608836
-0.608379
-0.609718
-0.611341
-0.613246
-0.615433
-0.617898
-0.62064
-0.623655
-0.626938
-0.630485
-0.634291
-0.638351
-0.642658
-0.647205
-0.651986
-0.656993
-0.662219
-0.667656
-0.673295
-0.679128
-0.685145
-0.691338
-0.697696
-0.70421
0.710869
0.717664
0.724582
0.731614
0.738748
0.745972
0.753275
0.760645
0.768069
0.775535
0.783031
0.790543
0.798058
0.805563
0.813045
0.820489
0.827883
0.835211
0.842461
0.849617
0.856665
0.863592
0.870381
0.877018
0.88349
0.884364
0.885109
0.885739
0.886266
0.886704
0.887063
0.887351
0.887578
0.887752
0.887879
0.887966
0.888016
0.888037
0.888031
0.888002
0.887954
0.88789
0.887813
0.887724
0.887626
0.887521
0.887409
0.887293
0.887174
0.887053
0.88693
0.886807
0.886684
0.886562
0.887167
0.887882
0.888711
0.889658
0.890723
0.891905
0.893204
0.894618
0.896143
0.897777
0.899513
0.901348
0.903275
0.905287
0.907378
0.90954
0.911766
0.914046
0.916372
0.918734
0.921124
0.923531
0.925945
0.928354
0.930749
0.933119
0.935452
0.937736
0.93996
0.942113
0.944181
0.946153
0.948017
0.949759
0.951368
0.95283
0.954134
0.955266
0.956214
0.956965
0.957505
0.957823
0.957905
0.959666
0.961252
0.962678
0.963961
0.965114
0.966152
0.967084
0.967921
0.968673
0.969348
0.969955
0.970499
0.970986
0.97046
0.96993
0.969399
0.96887
0.968345
0.967827
0.967317
0.96933
0.970959
0.972251
0.973246
0.973982
0.974493
0.974807
0.974952
0.97495
0.974823
0.974589
0.974264
0.973864
0.9734
0.972885
0.972327
0.971737
0.971121
0.970486
0.969838
0.969182
0.968522
0.967862
0.967206
0.966556
0.968576
0.97258
0.976034
0.978996
0.981521
0.983658
0.98545
0.986937
0.988155
0.989136
0.989908
0.991764
0.993146
0.994588
0.995728
0.996605
0.99725
0.997694
0.997964
0.998082
0.99807
0.997568
0.997666
0.997754
0.997833
0.997905
0.99797
0.998028
0.998188
0.998211
0.998315
0.998095
0.997793
0.997422
0.996993
0.996518
0.996005
0.995462
0.994896
0.994313
0.993718
0.993116
0.992511
0.991907
0.991305
0.990709
0.990121
0.989543
0.988976
0.98842
0.987878
0.98735
0.986837
0.986339
0.985856
0.985388
0.984936
0.984499
0.984078
0.983672
0.983282
0.982906
0.982545
0.982198
0.981864
0.981545
0.981239
0.980945
0.980664
0.980395
0.980137
0.979891
0.979655
0.97943
0.979215
0.979009
0.978813
0.978626
0.978447
0.978276
0.978114
0.977959
0.977811
0.97767
0.977535
0.977407
0.977285
0.977169
0.977058
0.976953
0.976852
0.976757
0.976666
0.976579
0.976497
0.976418
0.976343
0.976272
0.976205
0.97614
0.976079
0.976021
0.975965
0.975913
0.975863
0.975815
0.97577
0.975727
0.975686
0.975711
0.975627
0.975451
0.975196
0.974876
0.9745
0.97408
0.973622
0.973136
0.972626
0.9721
0.971562
0.971016
0.971472
0.97188
0.972244
0.97257
0.97286
0.973119
0.97335
0.973555
0.973738
0.9739
0.974044
0.974172
0.974285
0.974385
0.974473
0.974551
0.974619
0.974679
0.974731
0.974777
0.974817
0.974852
0.974882
0.974907
0.97493
0.974948
0.974964
0.974977
0.974988
0.974997
0.975005
0.97501
0.975015
0.975018
0.9749
0.974699
0.974426
0.974094
0.973712
0.97329
0.972835
0.972355
0.971855
0.97134
0.970815
0.970285
0.969752
0.96922
0.969841
0.970399
0.970899
0.971347
0.971749
0.972108
0.972431
0.972719
0.972977
0.973207
0.973413
0.973597
0.973761
0.973907
0.974037
0.974153
0.974255
0.974347
0.974428
0.9745
0.974563
0.974619
0.974669
0.974713
0.974751
0.974784
0.974814
0.974839
0.974862
0.974881
0.974898
0.974912
0.974924
0.974934
0.974943
0.97495
0.974956
0.974961
0.974965
0.974968
0.97497
0.974972
0.974973
0.974973
0.974974
0.974973
0.974973
0.974972
0.974971
0.97497
0.974968
0.974967
0.974965
0.974964
0.974962
0.97496
0.974958
0.974956
0.974954
0.974953
0.974951
0.974949
0.974947
0.974946
0.974944
0.974967
0.974885
0.974715
0.974469
0.974159
0.973796
0.97339
0.972949
0.972479
0.971987
0.972321
0.972619
0.972886
0.973125
0.973339
0.97353
0.9737
0.973851
0.973987
0.974107
0.974214
0.97431
0.974394
0.974469
0.974535
0.974594
0.974646
0.974692
0.974732
0.974767
0.974798
0.974825
0.974849
0.974869
0.974887
0.974902
0.974915
0.974926
0.974936
0.974944
0.97495
0.974956
0.97496
0.974964
0.974966
0.974968
0.97497
0.974898
0.974677
0.974323
0.973845
0.973254
0.972557
0.97176
0.970866
0.969879
0.9688
0.967628
0.966365
0.965007
0.963552
0.961996
0.960336
0.958566
0.956681
0.954674
0.952541
0.950272
0.947862
0.945302
0.942585
0.939702
0.936644
0.933404
0.929972
0.926339
0.922497
0.918435
0.914145
0.909618
0.904844
0.899814
0.894519
0.88895
0.883098
0.876953
0.870508
0.863753
0.85668
0.84928
0.841547
0.844052
0.846359
0.848484
0.850442
0.852248
0.851253
0.850067
0.848691
0.847124
0.845366
0.843417
0.841274
0.838936
0.836401
0.833665
0.830727
0.827582
0.824226
0.820657
0.816869
0.812858
0.80862
0.804149
0.79944
0.794489
0.78929
0.783837
0.778125
0.772149
0.765902
0.75938
0.752577
0.745488
0.738105
0.730425
0.722442
0.714151
0.705546
0.696623
0.687376
0.677802
0.667895
0.657652
0.647068
-0.63614
-0.624865
-0.613239
-0.601259
-0.588923
-0.576229
-0.563175
-0.54976
-0.535983
-0.521842
-0.507339
-0.492473
-0.477244
-0.461655
-0.445706
-0.4294
-0.412738
-0.395726
-0.378365
-0.381364
-0.384173
-0.386804
-0.389269
-0.391581
-0.39375
-0.395785
-0.394477
-0.392784
-0.39071
-0.388258
-0.38543
-0.382231
-0.378662
-0.374727
-0.370428
-0.365766
-0.360743
-0.355362
-0.349625
-0.343532
-0.337086
-0.330288
-0.323139
-0.315641
-0.307796
-0.299604
-0.291067
-0.282187
-0.272965
-0.263403
-0.253503
-0.243268
-0.232698
-0.221797
-0.210566
-0.199008
-0.187127
-0.174924
-0.162405
-0.149572
-0.136429
-0.12298
-0.10923
-0.095183
-0.080846
-0.083312
-0.085646
-0.087856
-0.089948
-0.091928
-0.093804
-0.09558
-0.097262
-0.098855
-0.100364
-0.101793
-0.103148
-0.104431
-0.10317
-0.10197
-0.100826
-0.099738
-0.098702
-0.097716
-0.096777
-0.095884
-0.095034
-0.094226
-0.093456
-0.092725
-0.092029
-0.091367
-0.090737
-0.092218
-0.093664
-0.095071
-0.09644
-0.097769
-0.099057
-0.100303
-0.101508
-0.102671
-0.103792
-0.104873
-0.105913
-0.106913
-0.107875
-0.108798
-0.109683
-0.110533
-0.111347
-0.112127
-0.112874
-0.113589
-0.114273
-0.114927
-0.115552
-0.116149
-0.116719
-0.117264
-0.117785
-0.118281
-0.118755
-0.119207
-0.119638
-0.120049
-0.12044
-0.120814
-0.121169
-0.122146
-0.123028
-0.123825
-0.12508
-0.126173
-0.127121
-0.12794
-0.128644
-0.129245
-0.129756
-0.129652
-0.129771
-0.13008
-0.129911
-0.129758
-0.129618
-0.129491
-0.129376
-0.129271
-0.129176
-0.129088
-0.129009
-0.128937
-0.128872
-0.128811
-0.128757
-0.128707
-0.128661
-0.128619
-0.128581
-0.126902
-0.125224
-0.123557
-0.121908
-0.120281
-0.118682
-0.117115
-0.117524
-0.117926
-0.118321
-0.118707
-0.119084
-0.119452
-0.119809
-0.120156
-0.120492
-0.120818
-0.121133
-0.121437
-0.12173
-0.122013
-0.122285
-0.122547
-0.122799
-0.125205
-0.127497
-0.129677
-0.131753
-0.133728
-0.135606
-0.137393
-0.139093
-0.140708
-0.142245
-0.143705
-0.145093
-0.146413
-0.147667
-0.148859
-0.149992
-0.151069
-0.152092
-0.148894
-0.145805
-0.142824
-0.139479
-0.135773
-0.131712
-0.127299
-0.122537
-0.11743
-0.111982
-0.106197
-0.100079
-0.093629
-0.086852
-0.079752
-0.07233
-0.06459
-0.056536
-0.04817
-0.039497
-0.030517
-0.031624
-0.032677
-0.033677
-0.034627
-0.03553
-0.036389
-0.039574
-0.042595
-0.04546
-0.048176
-0.050752
-0.053193
-0.055508
-0.057703
-0.059783
-0.061756
-0.063626
-0.063087
-0.062575
-0.062088
-0.061625
-0.061184
-0.060765
-0.060366
-0.057656
-0.05507
-0.052607
-0.050259
-0.048022
-0.045892
-0.043864
-0.041933
-0.040095
-0.038346
-0.036681
-0.035098
-0.033591
-0.032159
-0.030796
-0.0319
-0.032948
-0.033944
-0.034888
-0.035786
-0.039026
-0.042096
-0.045006
-0.047763
-0.050376
-0.052851
-0.055197
-0.057419
-0.057185
-0.056962
-0.056751
-0.05655
-0.056359
-0.056178
-0.056005
-0.055841
-0.055686
-0.053186
-0.050804
-0.048536
-0.046376
-0.04432
-0.042363
-0.0405
-0.038727
-0.037041
-0.035437
-0.033912
-0.032461
-0.033481
-0.03445
-0.03537
-0.036243
-0.037073
-0.03786
-0.038607
-0.039316
-0.03999
-0.04063
-0.041237
-0.041815
-0.042362
-0.042882
-0.043376
-0.043845
-0.04429
-0.044713
-0.045114
-0.045495
-0.045858
-0.046201
-0.046528
-0.046838
-0.047132
-0.047412
-0.047678
-0.04793
-0.04817
-0.048397
-0.048613
-0.048818
-0.049014
-0.049199
-0.049374
-0.049542
-0.0497
-0.049851
-0.049994
-0.05013
-0.050259
-0.050381
-0.050498
-0.050608
-0.050714
-0.050813
-0.050908
-0.050998
-0.051083
-0.051165
-0.051242
-0.051315
-0.051385
-0.051451
-0.051514
-0.051574
-0.05163
-0.051684
-0.051735
-0.051784
-0.05183
-0.051873
-0.049552
-0.047342
-0.045238
-0.043234
-0.041328
-0.039514
-0.037788
-0.036147
-0.034585
-0.0331
-0.031688
-0.030345
-0.029068
-0.03026
-0.031392
-0.032467
-0.033486
-0.034454
-0.035373
-0.036246
-0.037074
-0.037861
-0.038607
-0.039316
-0.03999
-0.040628
-0.041235
-0.041811
-0.042358
-0.042878
-0.043371
-0.04384
-0.044284
-0.044706
-0.045108
-0.045489
-0.045851
-0.046194
-0.04652
-0.04683
-0.047124
-0.047403
-0.047669
-0.047921
-0.04816
-0.048387
-0.048603
-0.048808
-0.049003
-0.049188
-0.049363
-0.04953
-0.049688
-0.049839
-0.049982
-0.050118
-0.050247
-0.050369
-0.050485
-0.050596
-0.050701
-0.0508
-0.050895
-0.050985
-0.05107
-0.051151
-0.051228
-0.051301
-0.051371
-0.051437
-0.0515
-0.051559
-0.051616
-0.05167
-0.05172
-0.051769
-0.051815
-0.051859
-0.0519
-0.05194
-0.051977
-0.052013
-0.052047
-0.052079
-0.052109
-0.052138
-0.052165
-0.052191
-0.052216
-0.05224
-0.052262
-0.052283
-0.052303
-0.052322
-0.05234
-0.052358
-0.052374
-0.05239
-0.052404
-0.052418
-0.052432
-0.052444
-0.052456
-0.052468
-0.052478
-0.052489
-0.052498
-0.052508
-0.052516
-0.052525
-0.052533
-0.05254
-0.052548
-0.052554
-0.052561
-0.052567
-0.052572
-0.052578
-0.052583
-0.052588
-0.052593
-0.050236
-0.047992
-0.045855
-0.043821
-0.041886
-0.040044
-0.038291
-0.036624
-0.035038
-0.03353
-0.032095
-0.030731
-0.029434
-0.028201
-0.029436
-0.030608
-0.031721
-0.032777
-0.03378
-0.034732
-0.035636
-0.036494
-0.037309
-0.038082
-0.038817
-0.039514
-0.040176
-0.040804
-0.041401
-0.041968
-0.042506
-0.045395
-0.048133
-0.050726
-0.053183
-0.05551
-0.057716
-0.059805
-0.061784
-0.06366
-0.065437
-0.064804
-0.064203
-0.06363
-0.063086
-0.062568
-0.062077
-0.061609
-0.061165
-0.060742
-0.06034
-0.059959
-0.059596
-0.05925
-0.058923
-0.058611
-0.058315
-0.058034
-0.057766
-0.057512
-0.057271
-0.057041
-0.056823
-0.056616
-0.056419
-0.056232
-0.056054
-0.055885
-0.055725
-0.055572
-0.055427
-0.055289
-0.055158
-0.055034
-0.054915
-0.054803
-0.054696
-0.054595
-0.054499
-0.054407
-0.05432
-0.054237
-0.054159
-0.054084
-0.051656
-0.049344
-0.047141
-0.045045
-0.043049
-0.04115
-0.039342
-0.037623
-0.035988
-0.034432
-0.032953
-0.031546
-0.030208
-0.028936
-0.027727
-0.026578
-0.025485
-0.026857
-0.028159
-0.029395
-0.030568
-0.031682
-0.03274
-0.033744
-0.034697
-0.035602
-0.036461
-0.037276
-0.03805
-0.038785
-0.039483
-0.040146
-0.040776
-0.041373
-0.04194
-0.042479
-0.04299
-0.043476
-0.043937
-0.044375
-0.04479
-0.045185
-0.04556
-0.045916
-0.046255
-0.046576
-0.046881
-0.04717
-0.050289
-0.05374
-0.057522
-0.061635
-0.066079
-0.070853
-0.075956
-0.081386
-0.087141
-0.093218
-0.099616
-0.106331
-0.11336
-0.120701
-0.128349
-0.136302
-0.144554
-0.153103
-0.161943
-0.171071
-0.180481
-0.190168
-0.200128
-0.210354
-0.220842
-0.231584
-0.242575
-0.253808
-0.265277
-0.276974
-0.288892
-0.289295
-0.2879
-0.286555
-0.28526
-0.285863
-0.286432
-0.287419
-0.28882
-0.290629
-0.29284
-0.295448
-0.298448
-0.301831
-0.305594
-0.30973
-0.314231
-0.319093
-0.324307
-0.329867
-0.335767
-0.341999
-0.348556
-0.355431
-0.362615
-0.370101
-0.377882
-0.385949
-0.394293
-0.402906
-0.41178
-0.420904
-0.430271
-0.439871
-0.449693
-0.459729
-0.469967
-0.480398
-0.49101
-0.501793
-0.512736
-0.523827
-0.522967
-0.522097
-0.521224
-0.520352
-0.519486
-0.518629
-0.517783
-0.516952
-0.516138
-0.515341
-0.516316
-0.517645
-0.519325
-0.521349
-0.523713
-0.526412
-0.52944
-0.53279
-0.536457
-0.540434
-0.544713
-0.549289
-0.554152
-0.559295
-0.564711
-0.570391
-0.576327
-0.58251
-0.58893
-0.59558
-0.602448
-0.609527
-0.616804
-0.624272
-0.631918
-0.639733
-0.647705
-0.655824
-0.664078
-0.672455
-0.680943
-0.689531
-0.698206
-0.706956
0.715767
0.724627
0.733524
0.742442
0.742475
0.742771
0.743358
0.743337
0.743642
0.744236
0.745115
0.746272
0.747702
0.749399
0.751355
0.751368
0.751313
0.75098
0.750392
0.749589
0.748604
0.74747
0.746212
0.744856
0.743422
0.741928
0.740391
0.738824
0.73724
0.735648
0.734059
0.732478
0.730914
0.729371
0.727854
0.726367
0.724913
0.723494
0.724335
0.725121
0.725858
0.726548
0.727196
0.730112
0.733072
0.736094
0.739192
0.742381
0.745669
0.749066
0.752578
0.75621
0.759965
0.763845
0.76785
0.77198
0.776232
0.780605
0.785095
0.789697
0.794406
0.799216
0.804121
0.809114
0.814187
0.819331
0.824539
0.829801
0.835107
0.840448
0.845813
0.851192
0.856574
0.861946
0.867299
0.872619
0.877896
0.883116
0.888266
0.893335
0.898309
0.903176
0.907921
0.912531
0.916994
0.921295
0.922223
0.92303
0.924534
0.925643
0.926407
0.926871
0.927076
0.927057
0.926847
0.926474
0.925962
0.925335
0.924612
0.92381
0.924789
0.925764
0.926745
0.927744
0.928768
0.929822
0.930911
0.932037
0.933203
0.934407
0.935649
0.936927
0.938238
0.939577
0.940941
0.942322
0.943717
0.945116
0.946514
0.947901
0.949271
0.950614
0.951921
0.953182
0.954387
0.955527
0.95659
0.957567
0.958446
0.959215
0.959864
0.960382
0.960756
0.960975
0.962336
0.963558
0.964655
0.965639
0.966522
0.967313
0.968022
0.968657
0.969225
0.969734
0.970188
0.970595
0.970957
0.971281
0.97157
0.971827
0.972614
0.973163
0.973473
0.973568
0.973469
0.973192
0.972752
0.972161
0.971429
0.970565
0.969574
0.968461
0.967229
0.96588
0.964413
0.962829
0.963307
0.963744
0.964144
0.96451
0.964845
0.965152
0.965433
0.965691
0.965928
0.966145
0.966344
0.966528
0.966697
0.966852
0.967656
0.968268
0.968712
0.969009
0.969179
0.969239
0.969204
0.969089
0.968905
0.968663
0.968373
0.968042
0.967678
0.967289
0.967558
0.967796
0.968004
0.968188
0.968348
0.968488
0.968611
0.968717
0.968808
0.968887
0.968955
0.969012
0.969061
0.969101
0.969135
0.969163
0.969186
0.969203
0.969217
0.969227
0.969233
0.969237
0.969239
0.969239
0.969237
0.969233
0.969229
0.969103
0.968854
0.968499
0.968056
0.96754
0.966963
0.966337
0.965673
0.964978
0.964261
0.963528
0.962786
0.963267
0.963708
0.964111
0.964479
0.964817
0.965126
0.965409
0.965669
0.965908
0.966127
0.966328
0.966513
0.966682
0.966839
0.966983
0.967116
0.967238
0.967351
0.967455
0.967551
0.96764
0.967723
0.967799
0.967869
0.967934
0.967995
0.968051
0.968104
0.968152
0.968197
0.968239
0.968278
0.968315
0.968349
0.96838
0.96841
0.968438
0.968463
0.968488
0.96851
0.968531
0.968551
0.968569
0.968587
0.968603
0.968618
0.968633
0.968646
0.968659
0.96867
0.968682
0.968692
0.968702
0.968711
0.96872
0.968328
0.967853
0.967311
0.966649
0.965877
0.965001
0.964026
0.962956
0.961794
0.960541
0.959198
0.957763
0.956235
0.954612
0.952891
0.951068
0.949138
0.947097
0.944939
0.942658
0.940247
0.9377
0.93501
0.932169
0.92917
0.926005
0.922664
0.919141
0.915427
0.911513
0.907391
0.903051
0.898485
0.893684
0.88864
0.883342
0.877784
0.871955
0.874259
0.876376
0.878323
0.880114
0.881763
0.883282
0.884681
0.885971
0.887162
0.888261
0.889276
0.890214
0.891083
0.891886
0.890638
0.88922
0.887634
0.885883
0.883967
0.881886
0.879638
0.877223
0.874639
0.871884
0.868953
0.865844
0.862553
0.859076
0.855407
0.851543
0.847478
0.843207
0.838723
0.834022
0.829097
0.823942
0.818551
0.812917
0.807035
0.800897
0.794498
0.78783
0.780887
0.773664
0.766154
0.75835
0.750246
0.741838
0.733117
0.724081
0.714722
0.705035
0.707852
0.710463
0.712883
0.715129
0.717214
0.719151
0.72095
0.722624
0.724181
0.725631
0.724189
0.722476
0.720493
0.718243
0.715727
0.712945
0.709898
0.706586
0.708496
0.710273
0.714471
0.718248
0.721647
0.724703
0.727449
0.729917
0.732132
0.734121
0.735905
0.737504
0.738938
0.740222
0.741372
0.7424
0.74332
0.744142
0.744875
0.74553
0.745198
0.744873
0.744555
0.744244
0.743942
0.743647
0.743362
0.741903
0.74039
0.738838
0.737261
0.73567
0.734076
0.732486
0.730908
0.729347
0.72781
0.7263
0.724822
0.723377
0.721968
0.720597
0.719266
0.717974
0.716724
0.715514
0.714346
0.713219
0.712132
0.711085
0.710079
0.709111
0.708181
0.707288
0.706432
0.70561
0.704823
0.70407
0.706158
0.708099
0.709904
0.711583
0.713146
0.714601
0.715958
0.717223
0.718404
0.719506
0.720535
0.721497
0.724568
0.727329
0.729808
0.732035
0.734034
0.735827
0.737435
0.738876
0.740167
0.741323
0.742357
0.743281
0.743007
0.742742
0.742486
0.742238
0.742
0.74177
0.741549
0.741336
0.741132
0.740936
0.740748
0.740567
0.740394
0.740228
0.740069
0.739917
0.739772
0.739633
0.7395
0.739372
0.739251
0.739135
0.739024
0.738919
0.738818
0.738722
0.73863
0.738543
0.73846
0.73838
0.738304
0.738232
0.738164
0.738098
0.738036
0.737976
0.73792
0.737866
0.737814
0.737766
0.737719
0.737675
0.737633
0.737593
0.737555
0.737518
0.737484
0.737451
0.73742
0.73739
0.737362
0.739122
0.741036
0.743111
0.745353
0.747765
0.750351
0.753111
0.756047
0.759157
0.762439
0.76589
0.769508
0.773288
0.777224
0.781311
0.785543
0.789913
0.794414
0.799037
0.803774
0.808617
0.813556
0.818583
0.823686
0.828856
0.834082
0.839354
0.84466
0.849989
0.855329
0.860668
0.865994
0.871295
0.876557
0.881769
0.886916
0.891987
0.896967
0.901844
0.906603
0.911231
0.915715
0.92004
0.924192
0.928158
0.931923
0.935474
0.938796
0.941876
0.944699
0.947252
0.94952
0.95149
0.953148
0.954482
0.955476
0.956119
0.956396
0.956296
0.955805
0.954911
0.95698
0.958849
0.960537
0.962062
0.96344
0.964683
0.965807
0.966821
0.967737
0.968565
0.969312
0.969987
0.970596
0.971146
0.971643
0.972092
0.972497
0.972863
0.973193
0.973492
0.973761
0.974005
0.974225
0.974423
0.974603
0.974765
0.974911
0.975043
0.975163
0.975271
0.975368
0.975456
0.975536
0.975607
0.975672
0.975731
0.975784
0.975832
0.975875
0.975915
0.97595
0.975982
0.976011
0.976037
0.976061
0.976082
0.976101
0.976119
0.976135
0.976149
0.976162
0.976174
0.976184
0.976194
0.976203
0.976211
0.976218
0.976224
0.97623
0.976235
0.97624
0.976245
0.976249
0.976252
0.976255
0.976258
0.976261
0.976264
0.976266
0.976268
0.976269
0.976271
0.976273
0.976274
0.976275
0.976276
0.976277
0.976278
0.976279
0.97628
0.976281
0.976281
0.976282
0.976283
0.976283
0.976284
0.976284
0.976284
0.976285
0.976285
0.976285
0.976286
0.976286
0.976286
0.976286
0.976286
0.976287
0.976287
0.976287
0.976287
0.976287
0.976287
0.976287
0.976287
0.976287
0.976288
0.976288
0.976288
0.976288
0.976288
0.976288
0.976288
0.976288
0.976288
0.976288
0.976288
0.976288
0.976288
0.976288
0.976288
0.976288
0.976288
0.976288
0.976288
0.976288
0.976288
0.976288
0.976288
0.976288
0.976288
0.976288
0.976289
0.976289
0.976289
0.976289
0.976289
0.976289
0.976289
0.976289
0.976289
0.976289
0.976289
0.976289
0.976289
0.976289
0.976289
0.976289
0.976289
0.976289
0.976289
0.976289
0.976289
0.976289
0.976289
0.976289
0.976289
0.976289
0.976289
0.976289
0.976289
0.976289
0.976289
0.976289
0.976289
0.976289
0.976289
0.976289
0.976289
0.976289
0.976289
0.976289
0.976289
0.976289
0.976289
0.976289
0.976289
0.976289
0.976289
0.976289
0.976289
0.976289
0.976289
0.976289
0.976289
0.976289
0.976289
0.976289
0.976289
0.976289
0.976289
0.97624
0.976086
0.975843
0.975525
0.97514
0.974695
0.974198
0.973653
0.973061
0.972426
0.971748
0.971026
0.97026
0.969446
0.968582
0.967664
0.966688
0.965648
0.964539
0.963354
0.962087
0.96073
0.959277
0.957719
0.956049
0.954257
0.95374
0.953241
0.952761
0.952299
0.951855
0.951428
0.953089
0.954598
0.95597
0.957217
0.958352
0.959385
0.960324
0.96118
0.961959
0.962669
0.963316
0.963906
0.964444
0.964935
0.965384
0.965793
0.966167
0.966509
0.966822
0.967108
0.96737
0.966694
0.965936
0.965101
0.964192
0.963211
0.962159
0.961036
0.959841
0.958574
0.95723
0.955808
0.954304
0.952713
0.95103
0.949249
0.947366
0.945373
0.943265
0.941033
0.938671
0.936171
0.933525
0.930725
0.927763
0.92463
0.924155
0.9237
0.927997
0.931869
0.935367
0.938538
0.941422
0.944053
0.946462
0.948676
0.950716
0.952603
0.954352
0.955977
0.957489
0.958896
0.960204
0.96142
0.962545
0.96358
0.964527
0.965383
0.966146
0.966814
0.967382
0.967844
0.968195
0.968429
0.968538
0.968514
0.968349
0.968035
0.967563
0.966924
0.966107
0.965102
0.963901
0.962492
0.960865
0.95901
0.956916
0.956437
0.955977
0.955533
0.957084
0.958491
0.959769
0.962548
0.96489
0.966845
0.968458
0.96977
0.970817
0.971632
0.972243
0.972677
0.972996
0.973216
0.97335
0.97341
0.973404
0.97334
0.973222
0.973055
0.972841
0.97258
0.972273
0.971919
0.971515
0.971058
0.970543
0.969967
0.969324
0.968607
0.967811
0.966927
0.965949
0.964869
0.965893
0.96682
0.967659
0.968418
0.970299
0.971834
0.973064
0.974026
0.974754
0.975277
0.975622
0.975813
0.975871
0.975814
0.975659
0.975431
0.97514
0.974793
0.974396
0.973953
0.973467
0.972939
0.972371
0.971761
0.971108
0.970409
0.969661
0.96886
0.968002
0.96877
0.969465
0.970094
0.970662
0.971176
0.971641
0.972062
0.972442
0.972787
0.973098
0.97338
0.973635
0.973866
0.974075
0.973546
0.972989
0.972408
0.971812
0.971204
0.97059
0.969973
0.969358
0.968746
0.96814
0.967543
0.966955
0.966379
0.965816
0.965267
0.964731
0.964211
0.963706
0.963217
0.962743
0.962286
0.961844
0.961418
0.961007
0.960612
0.960232
0.959866
0.959515
0.959178
0.958855
0.958546
0.958249
0.957965
0.957693
0.957432
0.957183
0.956945
0.956718
0.956501
0.958373
0.960065
0.961595
0.962978
0.964228
0.965358
0.96638
0.967304
0.968139
0.970132
0.971762
0.973073
0.974103
0.974888
0.975457
0.97584
0.976061
0.976141
0.976101
0.975958
0.975727
0.975422
0.975055
0.974636
0.974176
0.973682
0.973161
0.972621
0.972065
0.97248
0.972853
0.973189
0.973491
0.973763
0.974008
0.974229
0.974427
0.974605
0.974765
0.97491
0.975039
0.975156
0.97526
0.975354
0.975438
0.975514
0.975582
0.975643
0.975698
0.975747
0.975791
0.97583
0.975865
0.975897
0.975925
0.97595
0.975972
0.975992
0.97601
0.976026
0.97604
0.976053
0.976064
0.976074
0.976083
0.976091
0.976098
0.976104
0.976109
0.976114
0.976118
0.976122
0.976121
0.97599
0.975739
0.975382
0.974926
0.974378
0.973744
0.973029
0.972233
0.971359
0.970405
0.969372
0.968257
0.967057
0.965769
0.964387
0.962907
0.961323
0.959629
0.957819
0.955884
0.953817
0.951611
0.949257
0.946747
0.944072
0.941223
0.938191
0.934967
0.931542
0.927905
0.924048
0.919961
0.915634
0.911058
0.906224
0.905805
0.905403
0.90502
0.904654
0.904303
0.903969
0.903649
0.905936
0.908031
0.90995
0.911709
0.915621
0.919192
0.922468
0.925487
0.928285
0.930891
0.933331
0.935628
0.937802
0.939866
0.941836
0.943721
0.945531
0.94727
0.948945
0.950558
0.95211
0.953601
0.95503
0.956394
0.95769
0.958915
0.960062
0.961125
0.962098
0.962974
0.963745
0.964403
0.964938
0.965343
0.965606
0.965718
0.96567
0.96545
0.965048
0.964454
0.963657
0.962644
0.961407
0.959932
0.958209
0.956227
0.953975
0.951441
0.948615
0.945485
0.942041
0.938271
0.934166
0.929715
0.924907
0.919733
0.914183
0.908248
0.901918
0.904268
0.906421
0.908393
0.9102
0.911858
0.915478
0.918627
0.921356
0.923711
0.925734
0.927461
0.928926
0.930159
0.931186
0.932033
0.93272
0.933267
0.933691
0.934008
0.934231
0.934372
0.934443
0.934453
0.934253
0.933735
0.932924
0.931839
0.930498
0.928915
0.927104
0.925075
0.922835
0.920393
0.917753
0.914919
0.911893
0.908676
0.905269
0.901671
0.89788
0.893894
0.88971
0.885323
0.880731
0.875928
0.870909
0.865669
0.860201
0.8545
0.84856
0.842374
0.835935
0.829237
0.822274
0.815038
0.807522
0.806861
0.806227
0.80562
0.810416
0.814685
0.818481
0.821852
0.824841
0.827487
0.829825
0.831888
0.833705
0.835301
0.8367
0.837924
0.83899
0.839916
0.840718
0.841409
0.842001
0.842507
0.842935
0.843295
0.843594
0.84384
0.844039
0.844197
0.843468
0.842321
0.840784
0.838879
0.836628
0.834048
0.831154
0.82796
0.824477
0.820715
0.81668
0.81238
0.807819
0.803
0.797926
0.7926
0.78702
0.781188
0.775101
0.76876
0.762161
0.755302
0.748181
0.740794
0.733137
0.725208
0.717001
0.708514
0.699741
0.701526
0.703187
0.704734
0.706175
0.707519
0.708773
0.709944
0.711037
0.712059
0.713014
0.713907
0.712187
0.710185
0.707906
0.705352
0.702525
0.699428
0.69606
0.692423
0.688516
0.68434
0.679893
0.675174
0.670182
0.664916
0.659372
-0.65355
-0.647445
-0.641057
-0.634383
-0.627418
-0.620161
-0.61261
-0.604759
-0.596608
-0.588152
-0.579389
-0.581891
-0.584223
-0.586398
-0.588427
-0.590322
-0.592091
-0.593745
-0.595291
-0.596738
-0.600606
-0.604127
-0.607332
-0.610249
-0.612905
-0.615324
-0.617527
-0.619534
-0.621364
-0.623031
-0.624552
-0.625938
-0.627204
-0.628359
-0.629414
-0.630377
-0.631258
-0.632063
-0.6328
-0.632288
-0.631789
-0.631304
-0.630833
-0.630376
-0.629934
-0.629507
-0.629094
-0.628696
-0.628312
-0.627942
-0.626065
-0.624177
-0.622286
-0.620404
-0.618539
-0.616697
-0.614885
-0.613107
-0.611368
-0.609669
-0.608014
-0.606405
-0.604843
-0.602956
-0.600749
-0.598226
-0.595388
-0.59224
-0.588784
-0.58502
-0.580952
-0.576578
-0.571901
-0.56692
-0.561635
-0.556045
-0.550152
-0.543952
-0.537446
-0.539491
-0.541403
-0.543192
-0.544866
-0.546434
-0.547902
-0.549278
-0.550569
-0.55178
-0.552916
-0.553982
-0.554985
-0.555926
-0.556812
-0.554859
-0.552572
-0.549955
-0.547012
-0.543745
-0.540157
-0.536249
-0.532023
-0.527481
-0.522623
-0.517451
-0.511964
-0.506162
-0.500046
-0.493615
-0.486869
-0.479807
-0.472429
-0.464733
-0.45672
-0.448389
-0.439738
-0.430767
-0.433095
-0.435276
-0.437321
-0.439238
-0.441036
-0.442724
-0.444309
-0.445797
-0.447196
-0.44851
-0.449747
-0.45091
-0.452005
-0.453035
-0.454006
-0.454921
-0.455782
-0.456595
-0.457361
-0.458084
-0.458766
-0.45941
-0.460018
-0.460592
-0.458372
-0.455796
-0.45287
-0.449597
-0.445981
-0.442025
-0.437732
-0.433104
-0.428142
-0.42285
-0.417229
-0.411279
-0.405001
-0.398398
-0.391469
-0.384215
-0.376637
-0.368734
-0.360508
-0.351958
-0.343087
-0.333893
-0.324377
-0.31454
-0.304383
-0.293906
-0.283111
-0.271998
-0.26057
-0.248827
-0.23677
-0.236336
-0.235922
-0.235528
-0.235153
-0.234797
-0.234458
-0.234136
-0.233829
-0.233538
-0.23326
-0.232997
-0.232746
-0.235318
-0.23774
-0.240021
-0.24217
-0.244195
-0.246103
-0.247903
-0.2496
-0.251201
-0.252712
-0.254138
-0.255484
-0.256756
-0.257956
-0.259091
-0.260163
-0.261177
-0.262135
-0.26304
-0.263897
-0.264708
-0.265474
-0.2662
-0.266887
-0.267537
-0.268152
-0.268735
-0.269287
-0.26981
-0.270305
-0.270774
-0.271219
-0.27164
-0.27204
-0.272418
-0.272777
-0.273117
-0.27344
-0.273745
-0.27168
-0.269694
-0.267787
-0.265957
-0.264202
-0.262062
-0.25954
-0.256641
-0.253368
-0.249724
-0.245713
-0.241338
-0.236601
-0.231505
-0.226054
-0.220249
-0.214092
-0.207587
-0.200736
-0.202497
-0.204159
-0.20573
-0.207214
-0.211169
-0.21487
-0.218335
-0.221581
-0.224621
-0.22747
-0.230141
-0.232645
-0.234994
-0.237199
-0.239268
-0.241212
-0.243038
-0.244753
-0.244222
-0.243715
-0.243233
-0.242773
-0.242335
-0.241917
-0.24152
-0.241142
-0.2381
-0.234694
-0.230927
-0.226805
-0.22233
-0.217506
-0.212338
-0.206827
-0.200978
-0.194792
-0.188274
-0.181425
-0.174248
-0.166746
-0.158921
-0.150775
-0.142311
-0.141085
-0.139917
-0.138804
-0.137743
-0.136733
-0.138321
-0.139824
-0.141246
-0.142592
-0.143866
-0.145072
-0.146215
-0.147296
-0.148321
-0.149292
-0.150211
-0.151082
-0.151908
-0.152691
-0.153432
-0.154135
-0.154801
-0.155433
-0.156032
-0.156601
-0.157139
-0.15765
-0.158134
-0.158594
-0.15903
-0.159443
-0.159835
-0.160208
-0.160561
-0.158508
-0.156545
-0.154668
-0.152876
-0.151163
-0.149528
-0.147968
-0.146479
-0.145058
-0.143704
-0.142412
-0.140713
-0.138608
-0.136103
-0.133202
-0.129908
-0.126226
-0.122159
-0.11771
-0.112883
-0.107683
-0.102112
-0.096173
-0.089871
-0.083209
-0.076191
-0.06882
-0.061099
-0.053033
-0.044625
-0.03588
-0.026801
-0.017393
-0.007658
0.002396
0.012766
0.023448
0.034436
0.045725
0.057309
0.052983
0.048854
0.044912
0.041154
0.037572
0.034159
0.030909
0.027814
0.024869
0.022067
0.019402
0.016867
0.014457
0.012165
0.009987
0.007917
0.00595
0.00408
0.002304
0.000617
-0.000987
-0.00251
-0.003956
-0.005331
-0.00427
-0.003262
-0.002304
-0.001394
-0.00053
0.000291
0.001072
0.001813
0.002517
0.003186
0.003821
0.004424
0.004998
0.005543
0.00606
0.006552
0.007019
0.007463
0.007884
0.008285
0.008665
0.009026
0.00937
0.009696
0.010005
0.0103
0.010579
0.010845
0.011097
0.011337
0.011564
0.011781
0.011986
0.012181
0.012367
0.012543
0.01271
0.012869
0.01302
0.013164
0.0133
0.013429
0.013552
0.013669
0.01378
0.013886
0.013986
0.014081
0.014172
0.014258
0.01434
0.014417
0.014491
0.014561
0.014628
0.014691
0.014751
0.014809
0.014863
0.014914
0.014963
0.01501
0.015054
0.015096
0.015136
0.015174
0.01521
0.015244
0.015277
0.015308
0.015337
0.015365
0.015392
0.015417
0.015441
0.015464
0.015485
0.015506
0.015526
0.015544
0.015562
0.015579
0.015595
0.01561
0.015625
0.015638
0.015651
0.015664
0.015676
0.015687
0.015698
0.015708
0.015718
0.015727
0.015735
0.015744
0.015752
0.015759
0.015766
0.015773
0.01578
0.015786
0.015792
0.015797
0.015803
0.015808
0.015813
0.015817
0.015822
0.015826
0.01583
0.015833
0.015837
0.015841
0.015844
0.015847
0.01585
0.015853
0.015855
0.015858
0.015861
0.015863
0.015865
0.015867
0.015869
0.015871
0.015873
0.015875
0.015877
0.015878
0.01588
0.015881
0.015882
0.015883
0.015885
0.015886
0.015888
0.015889
0.01589
0.015891
0.015892
0.015893
0.015894
0.015895
0.015895
0.015896
0.015897
0.015898
0.015899
0.015899
0.0159
0.015901
0.015901
0.015902
0.015903
0.015903
0.015904
0.015904
0.015905
0.015906
0.015906
0.015907
0.015907
0.015908
0.015908
0.015909
0.015909
0.01591
0.01591
0.01591
0.01591
0.01591
0.01591
0.01591
0.01591
0.01591
0.01591
0.01591
0.01591
0.01591
0.01591
0.01591
0.01591
0.01591
0.01591
0.01591
0.01591
0.01591
0.01591
0.01591
0.01591
0.01591
0.01591
0.01591
0.01591
0.01591
0.01591
0.01591
0.01591
0.01591
0.01591
0.01591
0.01591
0.01591
0.01591
0.01591
0.01591
0.01591
0.01591
0.01591
0.01591
0.01591
0.01591
0.01591
0.01591
0.01591
0.01591
0.01591
0.01591
0.01591
0.01591
0.01591
0.01591
0.01591
0.01591
0.01591
0.01591
0.01591
0.01591
0.01591
0.01591
0.01591
0.01591
0.01591
0.01591
0.01591
0.01591
0.01591
0.01591
0.01591
0.01591
0.01591
0.01591
0.01591
0.01591
0.01591
0.01591
0.01591
0.01591
0.01591
0.01591
0.01591
0.01591
0.01591
0.01591
0.01591
0.01591
0.01591
0.01591
0.01591
0.01591
0.01591
0.01591
0.01591
0.01591
0.01591
0.01591
0.01591
0.01591
0.01591
0.01591
0.01591
0.01591
0.01591
0.01591
0.01591
0.01591
0.01591
0.01591
0.01591
0.01591
0.01591
0.01591
0.01591
0.01591
0.01591
0.01591
0.01591
0.01591
0.01591
0.01591
0.01591
0.01591
0.01591
0.01591
0.01591
0.01591
0.01591
0.01591
0.01591
0.01591
0.01591
0.01591
0.01591
0.01591
0.01591
0.01591
0.01591
0.01591
0.01591
0.01591
0.01591
0.01591
0.01591
0.01591
0.01591
0.01591
0.01591
0.01591
0.01591
0.01591
0.01591
0.01591
0.01591
0.01591
0.01591
0.01591
0.01591
0.01591
0.01591
0.01591
0.01591
0.01591
0.01591
0.01591
0.01591
0.01591
0.01591
0.01591
0.01591
0.01591
0.01591
0.01591
0.01591
0.01591
0.01591
0.01591
0.01591
0.01591
0.01591
0.01591
0.01591
0.01591
0.01591
0.01591
0.01591
0.01591
0.01591
0.01591
0.01591
0.01591
0.01591
0.01591
0.01591
0.01591
0.01591
0.01591
0.01591
0.01591
0.01591
0.01591
0.01591
0.01591
0.01591
0.01591
0.01591
0.01591
0.01591
0.01591
0.01591
0.01591
0.01591
0.01591
0.01591
0.01591
0.01591
0.01591
0.01591
0.01591
0.01591
0.01591
0.01591
0.01591
0.01591
0.01591
0.01591
0.01591
0.01591
0.01591
0.01591
0.01591
0.01591
0.01591
0.01591
0.01591
0.01591
0.01591
0.01591
0.01591
0.01591
0.01591
0.01591
0.01591
0.01591
0.01591
0.01591
0.01591
0.01591
0.01591
0.01591
0.01591
0.01591
0.01591
0.01591
0.01591
0.01591
0.01591
0.01591
0.01591
0.01591
0.01591
0.01591
0.01591
0.01591
0.01591
0.01591
0.01591
0.01591
0.01591
0.01591
0.01591
0.01591
0.01591
0.01591
0.01591
0.01591
0.01591
0.01591
0.01591
0.01591
0.013549
0.011304
0.009171
0.007143
0.005216
0.003386
0.001646
-0.000007
-0.001577
-0.003068
-0.004485
-0.00583
-0.004742
-0.003709
-0.002727
-0.001794
-0.000907
-0.000065
0.000735
0.001495
0.002217
0.002903
0.003555
0.004174
0.004762
0.00532
0.005851
0.006355
0.006834
0.007289
0.007721
0.008132
0.008522
0.008892
0.009244
0.009579
0.009896
0.010198
0.010485
0.010757
0.011015
0.011261
0.011494
0.011716
0.009086
0.006092
0.002737
-0.000977
-0.005049
-0.009476
-0.014255
-0.019383
-0.024858
-0.030676
-0.036834
-0.043329
-0.050158
-0.057316
-0.064801
-0.072608
-0.080734
-0.089174
-0.097924
-0.106979
-0.116336
-0.125988
-0.122275
-0.118708
-0.115285
-0.112003
-0.111125
-0.110289
-0.109493
-0.108736
-0.108015
-0.107329
-0.106676
-0.106055
-0.105464
-0.104901
-0.104366
-0.103858
-0.103374
-0.102913
-0.102476
-0.10206
-0.101664
-0.101288
-0.10093
-0.10059
-0.100267
-0.09996
-0.099667
-0.09939
-0.099126
-0.098874
-0.098636
-0.098409
-0.098193
-0.097989
-0.097794
-0.097609
-0.097433
-0.097266
-0.097107
-0.096956
-0.096812
-0.096676
-0.096546
-0.096423
-0.096306
-0.096195
-0.096089
-0.095989
-0.098704
-0.101764
-0.105169
-0.108919
-0.113012
-0.117446
-0.12222
-0.127331
-0.132776
-0.138552
-0.144656
-0.151086
-0.157836
-0.164904
-0.172284
-0.179974
-0.187969
-0.196262
-0.204851
-0.213729
-0.222891
-0.232331
-0.242044
-0.252024
-0.262264
-0.272757
-0.283497
-0.294476
-0.305687
-0.304326
-0.303012
-0.301745
-0.300526
-0.299351
-0.298223
-0.297139
-0.296098
-0.295099
-0.294142
-0.293224
-0.292345
-0.291504
-0.290699
-0.289929
-0.289193
-0.28849
-0.287818
-0.287176
-0.286563
-0.285978
-0.28542
-0.284888
-0.282249
-0.279695
-0.277225
-0.274841
-0.272541
-0.270326
-0.268194
-0.266144
-0.264175
-0.262284
-0.26047
-0.258731
-0.257065
-0.255469
-0.253942
-0.255016
-0.256032
-0.256992
-0.2579
-0.258759
-0.259571
-0.263238
-0.267147
-0.271305
-0.275719
-0.280393
-0.285332
-0.290538
-0.296012
-0.301755
-0.307767
-0.314048
-0.320596
-0.32741
-0.334486
-0.341823
-0.349416
-0.357261
-0.365356
-0.373693
-0.38227
-0.391078
-0.400115
-0.409372
-0.418843
-0.428522
-0.427548
-0.426603
-0.425688
-0.424803
-0.423949
-0.423125
-0.42233
-0.421566
-0.42083
-0.420123
-0.417626
-0.415165
-0.41275
-0.410384
-0.408074
-0.405822
-0.403631
-0.401504
-0.399442
-0.399737
-0.400016
-0.40028
-0.40053
-0.400768
-0.400993
-0.401206
-0.401409
-0.401601
-0.401783
-0.401955
-0.402119
-0.404896
-0.407932
-0.411231
-0.414798
-0.418636
-0.422745
-0.427127
-0.431782
-0.436707
-0.437905
-0.439021
-0.440061
-0.439342
-0.438651
-0.437986
-0.437348
-0.436736
-0.436148
-0.435584
-0.435045
-0.434528
-0.434033
-0.433559
-0.433106
-0.432673
-0.432259
-0.431864
-0.431486
-0.431126
-0.430781
-0.430453
-0.430139
-0.429841
-0.429556
-0.429284
-0.429025
-0.428778
-0.428543
-0.428318
-0.428105
-0.427902
-0.427708
-0.427523
-0.427348
-0.427181
-0.429477
-0.432059
-0.434932
-0.438095
-0.44155
-0.445296
-0.449332
-0.453655
-0.458264
-0.463156
-0.468326
-0.473771
-0.479486
-0.485466
-0.491705
-0.498198
-0.504938
-0.511918
-0.519133
-0.526573
-0.534232
-0.542103
-0.550175
-0.558441
-0.566891
-0.575517
-0.574797
-0.574077
-0.57336
-0.57265
-0.571948
-0.571258
-0.57058
-0.569917
-0.56927
-0.568639
-0.568025
-0.56743
-0.566852
-0.566293
-0.565752
-0.56523
-0.564726
-0.564241
-0.563774
-0.563324
-0.562892
-0.562477
-0.562078
-0.561696
-0.561329
-0.560978
-0.560642
-0.560319
-0.560011
-0.559717
-0.559435
-0.559165
-0.558908
-0.558662
-0.558428
-0.558203
-0.55799
-0.557786
-0.557591
-0.557405
-0.557228
-0.55706
-0.556899
-0.556746
-0.5566
-0.556461
-0.556328
-0.556202
-0.556082
-0.555968
-0.555859
-0.557988
-0.56036
-0.562978
-0.565845
-0.568964
-0.572334
-0.575956
-0.579828
-0.583948
-0.588314
-0.592923
-0.597769
-0.602849
-0.608157
-0.613688
-0.619435
-0.625392
-0.631551
-0.637906
-0.644448
-0.651169
-0.65806
-0.665113
-0.672318
-0.679666
-0.687146
-0.694749
-0.702464
0.710279
0.718184
0.726168
0.734219
0.742324
0.750472
0.75865
0.766846
0.775047
0.783239
0.79141
0.799545
0.807631
0.815655
0.823601
0.831457
0.839207
0.846837
0.854333
0.861679
0.868862
0.875865
0.882674
0.889275
0.895651
0.901789
0.907672
0.913286
0.918616
0.923647
0.928364
0.932752
0.936797
0.940484
0.943799
0.946727
0.949255
0.951368
0.953054
0.954298
0.955088
0.955411
0.955255
0.954607
0.953456
0.955637
0.957607
0.959389
0.960998
0.962453
0.963768
0.964956
0.96603
0.967001
0.967878
0.968671
0.969387
0.970035
0.970621
0.97115
0.971628
0.972061
0.972452
0.972806
0.973126
0.973415
0.973677
0.973913
0.974127
0.974321
0.974496
0.974655
0.974798
0.974928
0.975046
0.975153
0.975249
0.975336
0.975416
0.975487
0.975552
0.975611
0.975664
0.975713
0.975757
0.975796
0.975833
0.975865
0.975895
0.975922
0.975947
0.975969
0.975989
0.976008
0.976024
0.97604
0.976054
0.976066
0.976078
0.976088
0.976098
0.976106
0.976114
0.976122
0.976128
0.976134
0.97614
0.976145
0.97615
0.976154
0.976158
0.976161
0.976164
0.976167
0.97617
0.976173
0.976175
0.976177
0.976179
0.976181
0.976182
0.976184
0.976185
0.976187
0.976188
0.976189
0.97619
0.976191
0.976192
0.976193
0.976194
0.976194
0.976195
0.976195
0.976196
0.976197
0.976197
0.976198
0.976198
0.976198
0.976199
0.976199
0.976199
0.9762
0.9762
0.9762
0.9762
0.976201
0.976201
0.976201
0.976201
0.976201
0.976202
0.976202
0.976202
0.976202
0.976202
0.976202
0.976202
0.976202
0.976203
0.976203
0.976203
0.976203
0.976203
0.976203
0.976203
0.976203
0.976203
0.976203
0.976203
0.976203
0.976203
0.976203
0.976203
0.976204
0.976204
0.976204
0.976204
0.976204
0.976204
0.976204
0.976204
0.976204
0.976204
0.976204
0.976204
0.976204
0.976204
0.976204
0.976204
0.976204
0.976204
0.976204
0.976204
0.976204
0.976204
0.976204
0.976204
0.976204
0.976204
0.976204
0.976204
0.976204
0.976204
0.976204
0.976204
0.976204
0.976204
0.976204
0.976204
0.976204
0.976204
0.976204
0.976204
0.976204
0.976204
0.976204
0.976204
0.976204
0.976204
0.976204
0.976204
0.976204
0.976204
0.976204
0.976204
0.976204
0.976204
0.976204
0.976204
0.976204
0.976204
0.976204
0.976204
0.976204
0.976204
0.976204
0.976204
0.976204
0.976204
0.976204
0.976204
0.976204
0.976204
0.976204
0.976204
0.976204
0.976204
0.976204
0.976204
0.976204
0.976204
0.976204
0.976204
0.976204
0.976204
0.976204
0.976204
0.976204
0.976204
0.976204
0.976204
0.976204
0.976204
0.976204
0.976204
0.976204
0.976204
0.976204
0.976204
0.976204
0.976204
0.976204
0.976204
0.976204
0.976204
0.976204
0.976204
0.976204
0.976204
0.976204
0.976204
0.976204
0.976204
0.976204
0.976204
0.976204
0.976204
0.976204
0.976204
0.976204
0.976204
0.976204
0.976204
0.976204
0.976204
0.976204
0.976204
0.976204
0.976204
0.976204
0.976204
0.976204
0.976204
0.976204
0.976204
0.976204
0.976184
0.976059
0.97584
0.975537
0.975157
0.974707
0.97419
0.973608
0.972965
0.972259
0.97149
0.970657
0.969755
0.968783
0.967735
0.966607
0.965392
0.964086
0.962681
0.96117
0.959545
0.9578
0.955924
0.953911
0.95175
0.949434
0.946953
0.944297
0.941457
0.938423
0.935186
0.931736
0.928062
0.924156
0.920007
0.915605
0.910941
0.913052
0.914986
0.916756
0.918379
0.919867
0.921231
0.922484
0.923634
0.924691
0.925663
0.92463
0.923474
0.922196
0.920796
0.919272
0.917625
0.915851
0.913949
0.911915
0.909747
0.907439
0.904988
0.902389
0.899637
0.896726
0.89365
0.890404
0.886981
0.883374
0.879577
0.875583
0.871385
0.866975
0.862347
0.857493
0.852405
0.847076
0.841499
0.835666
0.82957
0.823203
0.816558
0.809628
0.802405
0.794883
0.787054
0.778912
0.77045
0.761663
0.752543
0.743086
0.733285
0.723135
0.712631
0.701768
0.690543
0.678949
0.666985
0.654647
-0.641932
-0.628836
-0.631892
-0.63473
-0.637367
-0.63982
-0.642101
-0.644225
-0.646203
-0.648047
-0.649766
-0.651369
-0.652866
-0.654265
-0.655571
-0.656793
-0.657936
-0.659005
-0.660007
-0.663218
-0.666126
-0.668757
-0.671139
-0.673294
-0.675245
-0.67701
-0.678608
-0.680054
-0.681363
-0.682548
-0.68362
-0.684591
-0.68547
-0.68509
-0.684721
-0.684364
-0.684019
-0.683686
-0.683364
-0.683054
-0.682755
-0.682467
-0.682191
-0.681925
-0.68167
-0.681426
-0.681191
-0.680966
-0.680751
-0.680545
-0.680348
-0.680159
-0.679978
-0.679806
-0.679641
-0.679483
-0.679333
-0.679189
-0.679052
-0.678921
-0.678797
-0.678678
-0.678564
-0.678456
-0.678353
-0.678255
-0.678161
-0.678072
-0.677987
-0.677906
-0.677829
-0.677755
-0.677686
-0.677619
-0.677556
-0.677496
-0.677438
-0.677384
-0.677332
-0.677282
-0.677235
-0.677191
-0.677148
-0.677108
-0.677069
-0.677033
-0.676998
-0.676965
-0.676933
-0.676903
-0.676875
-0.676848
-0.676822
-0.676798
-0.676775
-0.676753
-0.676732
-0.676712
-0.676693
-0.676675
-0.676657
-0.676641
-0.676626
-0.676611
-0.676597
-0.676584
-0.676571
-0.676559
-0.676548
-0.676537
-0.676527
-0.676517
-0.676507
-0.676499
-0.67649
-0.676482
-0.676475
-0.676467
-0.676461
-0.676454
-0.676448
-0.676442
-0.676436
-0.676431
-0.678084
-0.67958
-0.680934
-0.682159
-0.683268
-0.684273
-0.685182
-0.686005
-0.68675
-0.687425
-0.688036
-0.688589
-0.689091
-0.689545
-0.689957
-0.69033
-0.690669
-0.690975
-0.691253
-0.69081
-0.690358
-0.689903
-0.689446
-0.68899
-0.688538
-0.68809
-0.687649
-0.687215
-0.686791
-0.686375
-0.68597
-0.685576
-0.685193
-0.684821
-0.684461
-0.684113
-0.683776
-0.683451
-0.683138
-0.682836
-0.682545
-0.682266
-0.681997
-0.681739
-0.681492
-0.681255
-0.681027
-0.680809
-0.680601
-0.680401
-0.68021
-0.680027
-0.679852
-0.679685
-0.679526
-0.679373
-0.680747
-0.68199
-0.683115
-0.684134
-0.685056
-0.685891
-0.686647
-0.687331
-0.687951
-0.688513
-0.689022
-0.689483
-0.6899
-0.690279
-0.690622
-0.690933
-0.690483
-0.690029
-0.689572
-0.689116
-0.688662
-0.688213
-0.68777
-0.687334
-0.686907
-0.686489
-0.686081
-0.685684
-0.685298
-0.684923
-0.684559
-0.684208
-0.683868
-0.683539
-0.683223
-0.682918
-0.682624
-0.682342
-0.68207
-0.681809
-0.681559
-0.681319
-0.681089
-0.680868
-0.680657
-0.680455
-0.680262
-0.680077
-0.6799
-0.679731
-0.677987
-0.676239
-0.674497
-0.672768
-0.671058
-0.669375
-0.667721
-0.666102
-0.664519
-0.662977
-0.661476
-0.660019
-0.658605
-0.657236
-0.655913
-0.654634
-0.653401
-0.652212
-0.651067
-0.649966
-0.648907
-0.64789
-0.646914
-0.645978
-0.64508
-0.647
-0.648789
-0.650458
-0.652016
-0.65347
-0.654828
-0.656098
-0.657286
-0.658397
-0.659437
-0.660412
-0.661325
-0.662181
-0.662984
-0.663738
-0.664445
-0.66511
-0.665735
-0.666322
-0.666874
-0.667394
-0.667883
-0.668343
-0.668777
-0.669186
-0.669571
-0.669935
-0.670277
-0.670601
-0.670906
-0.671194
-0.671466
-0.671723
-0.671966
-0.672195
-0.672412
-0.672617
-0.672811
-0.672994
-0.673168
-0.673332
-0.673487
-0.673634
-0.673774
-0.673905
-0.67403
-0.674149
-0.674261
-0.674367
-0.674467
-0.674563
-0.674653
-0.674739
-0.67482
-0.674897
-0.67497
-0.675039
-0.675105
-0.675167
-0.675226
-0.675282
-0.675335
-0.675385
-0.675433
-0.675479
-0.675522
-0.675563
-0.675601
-0.675638
-0.675673
-0.675706
-0.675738
-0.675768
-0.675796
-0.675823
-0.675848
-0.675873
-0.675896
-0.675917
-0.675938
-0.675958
-0.675977
-0.675994
-0.676011
-0.676027
-0.676043
-0.676057
-0.676071
-0.676084
-0.676096
-0.676108
-0.676119
-0.67613
-0.67614
-0.676149
-0.676158
-0.676167
-0.676175
-0.676183
-0.67619
-0.676197
-0.676204
-0.67621
-0.676216
-0.676222
