0.707107
0.707107
0.707107
0.707107
0.707107
0.707107
0.707107
0.707107
0.707107
0.707107
0.707107
0.707107
0.707107
0.707065
0.706947
0.706764
0.706528
0.706246
0.705926
0.705576
0.705201
0.704807
0.704399
0.70398
0.703555
0.703125
0.703513
0.703863
0.704179
0.703756
0.703328
0.702898
0.702468
0.702039
0.701615
0.701197
0.700785
0.700381
0.699985
0.699599
0.699223
0.698857
0.698502
0.698158
0.697824
0.697502
0.697191
0.696891
0.696602
0.696323
0.696055
0.695798
0.69555
0.695313
0.695085
0.694866
0.694657
0.694456
0.694265
0.694081
0.693905
0.693737
0.693577
0.693423
0.693277
0.693137
0.693003
0.692876
0.692754
0.692638
0.692527
0.692422
0.692321
0.692225
0.692134
0.692047
0.691964
0.691885
0.69181
0.691738
0.69167
0.691605
0.691543
0.691484
0.691428
0.691375
0.691324
0.691276
0.69123
0.691187
0.691145
0.691106
0.691068
0.691032
0.690998
0.690966
0.690935
0.690906
0.690878
0.690852
0.690827
0.690803
0.69078
0.690759
0.690738
0.690719
0.6907
0.690682
0.690666
0.69065
0.690635
0.69062
0.690607
0.690594
0.690581
0.690569
0.690558
0.690548
0.690538
0.690528
0.690519
0.69051
0.690502
0.690494
0.690487
0.69048
0.690473
0.690467
0.690461
0.690455
0.69045
0.690444
0.690439
0.690435
0.69043
0.690426
0.690422
0.690418
0.690415
0.690411
0.690408
0.690405
0.692364
0.694495
0.696805
0.6993
0.701984
0.70486
0.707928
0.707579
0.70724
0.706912
0.706594
0.706287
0.70599
0.705705
0.705429
0.705164
0.704909
0.704664
0.704428
0.704202
0.703985
0.703778
0.703578
0.703388
0.703205
0.703031
0.702864
0.702704
0.702551
0.702405
0.702266
0.702133
0.702006
0.701885
0.70177
0.70166
0.701554
0.701454
0.701359
0.701268
0.701181
0.701098
0.701019
0.700944
0.700873
0.700805
0.70074
0.700678
0.70062
0.700564
0.700511
0.70046
0.700412
0.700366
0.700323
0.700281
0.700242
0.700204
0.700168
0.700135
0.700102
0.700072
0.700042
0.700015
0.699988
0.699963
0.699939
0.697917
0.695567
0.692901
0.689925
0.686647
0.683072
0.679206
0.675051
0.670612
0.66589
0.660886
0.655603
0.650039
0.644196
0.638073
0.631668
0.624982
0.618011
0.610754
0.60321
0.595377
0.587251
0.589112
0.59085
0.592475
0.593994
0.595416
0.596748
0.595555
0.593603
0.591331
0.588742
0.585839
0.582623
0.579096
0.575258
0.571111
0.566655
0.56189
0.556815
0.551431
0.545736
0.539731
0.533414
0.526784
0.51984
0.512581
0.505006
0.497114
0.488902
0.480371
0.471519
0.462344
0.452846
0.443024
0.432876
0.422403
0.411603
0.400478
0.389025
0.377246
0.365141
0.35271
0.339954
0.326875
0.313474
0.299752
0.285711
0.271354
0.256684
0.253788
0.256366
0.258792
0.261075
0.263224
0.265249
0.267156
0.268953
0.267521
0.265685
0.26345
0.260821
0.257801
0.254394
0.250603
0.24643
0.24188
0.236956
0.231659
0.225993
0.219962
0.213566
0.20681
0.199695
0.192225
0.184402
0.176228
0.167708
0.158843
0.161189
0.163404
0.165496
0.167472
0.169339
0.171103
0.17277
0.1713
0.169419
0.16713
0.164439
0.161348
0.157863
0.153987
0.149724
0.145077
0.14005
0.134647
0.128871
0.122726
0.116214
0.10934
0.102108
0.103469
0.105499
0.10742
0.109238
0.110959
0.112588
0.114131
0.115592
0.116975
0.118286
0.116566
0.114441
0.111916
0.108994
0.10568
0.101976
0.097888
0.093418
0.08857
0.083349
0.077757
0.079548
0.081245
0.082853
0.084377
0.08582
0.087189
0.088487
0.089716
0.090882
0.091988
0.093036
0.094029
0.094972
0.095866
0.096713
0.097517
0.09828
0.099004
0.09969
0.100341
0.100959
0.098661
0.095982
0.092923
0.089488
0.08568
0.086692
0.087652
0.088562
0.089425
0.090244
0.091021
0.091758
0.092458
0.093121
0.093751
0.094348
0.094915
0.095453
0.095964
0.096448
0.096908
0.097345
0.097759
0.098153
0.098526
0.09888
0.099217
0.099537
0.09984
0.100128
0.100402
0.100661
0.100908
0.10052
0.097803
0.094717
0.091265
0.087449
0.083274
0.084019
0.084725
0.085396
0.086032
0.086636
0.087209
0.087753
0.088269
0.088759
0.089224
0.089666
0.090085
0.090483
0.09086
0.091219
0.09156
0.091883
0.09219
0.092482
0.092758
0.093021
0.093271
0.093508
0.093733
0.093946
0.093308
0.090533
0.087392
0.083886
0.080018
0.07579
0.071206
0.066268
0.061804
0.06276
0.063667
0.064529
0.065346
0.066121
0.066857
0.067556
0.068219
0.068848
0.069445
0.070012
0.070551
0.071062
0.071547
0.072007
0.072445
0.07286
0.073254
0.073628
0.073984
0.074321
0.074641
0.074945
0.075234
0.075509
0.075769
0.076016
0.076251
0.076474
0.076686
0.076887
0.077078
0.07726
0.077433
0.077596
0.080587
0.083911
0.087569
0.09156
0.095884
0.100539
0.105525
0.110839
0.116479
0.115736
0.115028
0.114355
0.113714
0.113104
0.112524
0.111972
0.111447
0.113709
0.116341
0.119339
0.122702
0.126427
0.130511
0.134412
0.133417
0.132469
0.131566
0.130706
0.129886
0.129106
0.128363
0.127655
0.126982
0.126341
0.125731
0.12515
0.124598
0.124072
0.123572
0.123096
0.122644
0.122214
0.121805
0.121415
0.121045
0.120693
0.120359
0.120041
0.119738
0.119451
0.119177
0.118918
0.118671
0.118436
0.118213
0.118
0.117799
0.117608
0.117426
0.117253
0.117088
0.116932
0.116783
0.116642
0.116508
0.116381
0.11626
0.116145
0.116036
0.115932
0.115833
0.115739
0.11565
0.115566
0.115486
0.115409
0.115337
0.115268
0.115202
0.11514
0.115081
0.115025
0.114972
0.114921
0.114873
0.114827
0.114784
0.114743
0.114704
0.114667
0.114632
0.114598
0.114566
0.114536
0.114508
0.114481
0.114455
0.11443
0.114407
0.114385
0.114364
0.114344
0.114325
0.114308
0.114291
0.114274
0.114259
0.114245
0.114231
0.114218
0.114206
0.114194
0.114183
0.114172
0.111338
0.108141
0.104585
0.100671
0.096402
0.091781
0.086811
0.081494
0.075833
0.069831
0.06349
0.056814
0.049805
0.042466
0.034801
0.026812
0.018503
0.009876
0.000936
-0.008314
-0.01787
-0.027729
-0.037886
-0.048337
-0.059079
-0.070105
-0.081412
-0.092994
-0.104845
-0.116961
-0.129335
-0.141962
-0.140258
-0.138629
-0.137072
-0.135586
-0.134167
-0.132812
-0.131519
-0.130286
-0.129111
-0.127989
-0.12692
-0.125902
-0.124931
-0.124006
-0.123125
-0.122287
-0.121488
-0.120727
-0.120003
-0.116564
-0.112784
-0.108663
-0.104204
-0.099408
-0.094279
-0.088818
-0.083028
-0.076911
-0.070469
-0.063705
-0.056622
-0.057331
-0.058003
-0.058641
-0.059247
-0.059823
-0.060368
-0.060887
-0.061379
-0.061846
-0.06229
-0.062711
-0.063111
-0.063491
-0.063852
-0.064194
-0.061664
-0.058762
-0.055491
-0.051854
-0.047853
-0.043491
-0.038771
-0.033696
-0.028269
-0.026962
-0.028122
-0.029223
-0.030269
-0.031262
-0.032204
-0.033099
-0.033949
-0.034755
-0.035521
-0.036248
-0.036939
-0.037594
-0.038217
-0.038808
-0.036714
-0.034057
-0.031022
-0.027613
-0.023831
-0.019681
-0.020722
-0.021711
-0.02265
-0.023541
-0.024387
-0.025191
-0.023792
-0.022239
-0.020764
-0.019361
-0.018027
-0.01676
-0.015082
-0.012996
-0.010507
-0.007618
-0.004335
-0.005793
-0.007177
-0.008491
-0.00974
-0.010926
-0.012052
-0.013122
-0.014138
-0.015102
-0.016019
-0.016889
-0.017715
-0.0185
-0.019245
-0.019953
-0.020626
-0.021264
-0.021995
-0.025439
-0.029202
-0.033285
-0.037689
-0.042414
-0.047459
-0.052824
-0.058506
-0.064505
-0.063996
-0.063513
-0.063053
-0.062616
-0.062201
-0.061806
-0.06143
-0.061073
-0.060734
-0.060412
-0.060106
-0.059815
-0.059538
-0.059275
-0.059025
-0.058788
-0.058562
-0.058347
-0.058143
-0.05795
-0.057766
-0.057591
-0.057425
-0.057267
-0.057117
-0.056974
-0.056839
-0.05671
-0.056588
-0.056471
-0.056361
-0.056256
-0.056156
-0.056061
-0.055971
-0.055886
-0.055804
-0.055727
-0.055653
-0.055584
-0.055517
-0.058281
-0.061394
-0.064855
-0.068663
-0.072817
-0.077315
-0.082154
-0.087333
-0.092848
-0.097292
-0.096367
-0.095487
-0.094649
-0.093851
-0.093092
-0.09237
-0.091683
-0.091029
-0.090408
-0.089816
-0.090466
-0.092875
-0.095656
-0.098806
-0.102324
-0.106206
-0.110449
-0.115051
-0.120007
-0.118882
-0.11781
-0.116788
-0.115815
-0.114888
-0.114005
-0.113165
-0.112365
-0.111603
-0.110878
-0.110188
-0.109531
-0.109882
-0.112179
-0.11485
-0.117893
-0.121305
-0.125083
-0.129225
-0.133725
-0.138582
-0.14379
-0.149347
-0.155247
-0.161486
-0.168061
-0.174966
-0.182196
-0.189746
-0.188344
-0.187003
-0.18572
-0.184493
-0.183321
-0.182201
-0.181131
-0.180111
-0.179136
-0.178206
-0.177319
-0.176473
-0.175666
-0.174898
-0.174165
-0.173466
-0.172801
-0.172167
-0.171563
-0.170989
-0.170441
-0.16992
-0.169424
-0.168952
-0.168502
-0.168075
-0.167668
-0.16728
-0.166912
-0.166561
-0.166228
-0.165911
-0.165609
-0.165322
-0.165049
-0.16479
-0.164543
-0.164308
-0.164085
-0.163873
-0.163671
-0.16348
-0.163298
-0.163124
-0.16296
-0.162803
-0.162654
-0.162513
-0.162378
-0.16225
-0.162129
-0.162013
-0.161903
-0.161799
-0.1617
-0.161606
-0.161516
-0.161431
-0.16135
-0.161273
-0.1612
-0.16113
-0.161064
-0.161002
-0.160942
-0.160885
-0.160832
-0.160781
-0.15793
-0.154716
-0.15114
-0.147206
-0.142916
-0.138273
-0.133281
-0.127943
-0.128729
-0.129475
-0.130182
-0.130852
-0.131488
-0.132091
-0.13032
-0.12768
-0.124661
-0.121267
-0.1175
-0.113365
-0.108863
-0.103999
-0.098775
-0.093194
-0.08726
-0.080976
-0.074344
-0.068107
-0.069636
-0.071087
-0.072462
-0.073766
-0.075002
-0.076175
-0.077287
-0.078341
-0.079341
-0.077384
-0.075031
-0.072285
-0.069151
-0.065633
-0.061733
-0.057455
-0.052803
-0.047781
-0.042392
-0.03664
-0.030528
-0.024061
-0.017242
-0.018938
-0.020549
-0.022077
-0.023529
-0.024907
-0.026215
-0.027457
-0.025758
-0.023653
-0.021146
-0.01824
-0.01494
-0.011249
-0.007172
-0.002713
0.002123
0.007334
0.012914
0.011232
0.009634
0.008115
0.006672
0.005301
0.003998
0.002761
0.001585
0.000468
0.002015
0.004177
0.006736
0.009691
0.013035
0.016766
0.020879
0.019441
0.018073
0.016774
0.015538
0.014364
0.013249
0.012189
0.011181
0.010224
0.009314
0.00845
0.007629
0.006849
0.006107
0.005403
0.003754
0.000255
-0.0035
-0.007453
-0.007638
-0.007813
-0.00798
-0.008138
-0.008289
-0.008432
-0.008567
-0.008696
-0.008819
-0.008935
-0.009046
-0.009151
-0.00925
-0.009345
-0.009435
-0.00952
-0.009602
-0.009679
-0.009752
-0.009822
-0.009888
-0.00995
-0.01001
-0.010066
-0.01012
-0.010171
-0.01022
-0.010266
-0.01031
-0.010351
-0.010391
-0.010428
-0.010463
-0.010497
-0.010529
-0.01056
-0.010589
-0.010616
-0.010642
-0.010667
-0.010691
-0.010713
-0.010734
-0.010754
-0.010774
-0.010792
-0.012783
-0.015893
-0.019352
-0.02316
-0.027314
-0.026821
-0.026353
-0.025908
-0.025486
-0.025085
-0.024703
-0.024341
-0.023996
-0.023669
-0.023358
-0.023062
-0.022632
-0.019508
-0.016043
-0.012236
-0.008089
-0.008315
-0.00853
-0.008734
-0.008928
-0.009112
-0.009287
-0.009453
-0.009611
-0.009761
-0.009904
-0.010039
-0.010168
-0.01029
-0.010406
-0.010516
-0.010621
-0.01072
-0.010815
-0.010904
-0.01099
-0.01107
-0.011147
-0.01122
-0.01129
-0.011356
-0.011418
-0.011477
-0.011534
-0.011587
-0.011638
-0.011687
-0.011733
-0.011776
-0.011818
-0.011502
-0.008649
-0.005441
-0.001878
0.002036
0.0063
0.005724
0.005176
0.004656
0.004162
0.003692
0.003246
0.002823
0.00242
0.002038
0.004513
0.007357
0.010569
0.014146
0.018086
0.022385
0.027041
0.032052
0.037413
0.043122
0.041975
0.040884
0.039847
0.038861
0.037924
0.037033
0.035213
0.032406
0.029466
0.031927
0.034759
0.037961
0.041529
0.045462
0.049756
0.054409
0.059416
0.056021
0.052783
0.049695
0.046751
0.043947
0.046446
0.049309
0.052534
0.05612
0.060065
0.064365
0.069019
0.074022
0.079373
0.085067
0.091102
0.097474
0.104178
0.111212
0.11857
0.126249
0.134245
0.142552
0.151166
0.160082
0.169294
0.178797
0.188587
0.198656
0.208998
0.219608
0.230479
0.241604
0.252976
0.264587
0.276431
0.288499
0.300782
0.313273
0.325963
0.338841
0.3519
0.365128
0.378517
0.392055
0.405733
0.419538
0.433459
0.447486
0.461605
0.475805
0.490072
0.504394
0.518758
0.53315
0.547556
0.561962
0.560401
0.558686
0.556847
0.554912
0.552905
0.550846
0.548753
0.546642
0.544525
0.546211
0.548183
0.550442
0.552987
0.555818
0.558932
0.562327
0.565999
0.569946
0.574161
0.578641
0.58338
0.588373
0.593612
0.599091
0.604804
0.610742
0.616899
0.623265
0.629833
0.636593
0.643538
0.650656
0.657939
0.665376
0.672958
0.680674
0.688513
0.696464
0.704515
0.712656
0.720873
0.729156
0.737491
0.745867
0.75427
0.762688
0.771106
0.779513
0.787894
0.796235
0.804522
0.812741
0.820878
0.828919
0.836848
0.844652
0.852315
0.85353
0.854333
0.854778
0.854914
0.854784
0.854427
0.853881
0.854416
0.855118
0.855989
0.857026
0.858229
0.859594
0.861119
0.862799
0.86463
0.866606
0.868721
0.870969
0.873343
0.875835
0.878437
0.881141
0.883938
0.88682
0.889776
0.892797
0.895872
0.898992
0.902146
0.905322
0.90851
0.911697
0.914873
0.918026
0.921143
0.924213
0.927222
0.930158
0.933009
0.935762
0.938404
0.940922
0.943303
0.945534
0.947601
0.949491
0.951192
0.952689
0.953969
0.955883
0.957344
0.958635
0.959788
0.960484
0.960159
0.959886
0.959662
0.959484
0.959348
0.95925
0.959185
0.959147
0.959132
0.959132
0.959662
0.959656
0.959648
0.959631
0.959596
0.959535
0.959441
0.959303
0.959114
0.958864
0.958542
0.95814
0.957648
0.957055
0.956352
0.955527
0.954571
0.953472
0.95222
0.950804
0.949213
0.947437
0.945464
0.943283
0.940885
0.941345
0.943531
0.945519
0.947328
0.948975
0.950474
0.951839
0.953083
0.954216
0.95525
0.956192
0.957052
0.957837
0.958553
0.959208
0.959806
0.960353
0.961006
0.961938
0.963239
0.964554
0.965696
0.966688
0.967547
0.968289
0.968928
0.969474
0.969937
0.970322
0.970595
0.970652
0.970701
0.970742
0.970778
0.970807
0.970831
0.970851
0.970867
0.970854
0.970781
0.97068
0.970557
0.970417
0.970264
0.9701
0.969924
0.969737
0.969537
0.969322
0.969088
0.968832
0.968549
0.968233
0.967878
0.967479
0.967027
0.966516
0.965938
0.965284
0.964546
0.963714
0.962781
0.961735
0.960567
0.959269
0.95968
0.961069
0.962328
0.963468
0.964502
0.96578
0.967976
0.969829
0.971377
0.972653
0.973685
0.974499
0.975115
0.975551
0.975823
0.975944
0.975923
0.975768
0.975486
0.975565
0.975635
0.975699
0.975756
0.975807
0.975854
0.975895
0.975932
0.975966
0.975996
0.975751
0.975421
0.975025
0.974569
0.974058
0.973547
0.973815
0.974057
0.974276
0.974473
0.974651
0.974812
0.974957
0.975087
0.975206
0.975092
0.974961
0.974836
0.974713
0.974591
0.974464
0.974346
0.974224
0.974112
0.974018
0.973942
0.973869
0.973798
0.97373
0.973181
0.972601
0.971991
0.971353
0.970687
0.969994
0.969271
0.968516
0.968702
0.968876
0.969565
0.970188
0.970752
0.971262
0.971722
0.972139
0.972516
0.972857
0.973166
0.973445
0.973698
0.973926
0.974133
0.97432
0.97449
0.974643
0.974783
0.974908
0.975023
0.975126
0.97522
0.975305
0.975381
0.975451
0.975515
0.975572
0.975624
0.975671
0.975714
0.975753
0.975789
0.975821
0.97585
0.976922
0.979151
0.981163
0.982981
0.986452
0.989381
0.99183
0.993854
0.995505
0.996826
0.997858
0.998637
0.999195
0.99926
0.999318
0.999371
0.999175
0.99881
0.998387
0.997915
0.997404
0.996862
0.996296
0.995713
0.995117
0.994514
0.993907
0.994487
0.995011
0.995483
0.99591
0.996295
0.997457
0.998349
0.999005
0.999457
0.999729
0.999848
0.999834
0.999706
0.999481
0.999174
0.998798
0.998365
0.997885
0.997368
0.99682
0.99625
0.995663
0.995064
0.994459
0.994985
0.99546
0.996801
0.99785
0.998644
0.999214
0.999591
0.999799
0.999861
0.999799
0.99963
0.99937
0.999032
0.998575
0.997938
0.997152
0.996236
0.995246
0.994169
0.993006
0.9919
0.990741
0.989507
0.988208
0.986866
0.985496
0.984053
0.982565
0.981031
0.979469
0.977835
0.976145
0.974396
0.972584
0.970703
0.968748
0.966715
0.964598
0.962391
0.960088
0.957682
0.955169
0.952588
0.952695
0.95358
0.954374
0.955086
0.955723
0.956295
0.956806
0.957264
0.957674
0.95804
0.958367
0.958659
0.95892
0.959153
0.95936
0.959545
0.959709
0.959854
0.959984
0.960099
0.9602
0.96029
0.960369
0.960439
0.960501
0.960555
0.960602
0.960644
0.96068
0.960711
0.960738
0.960762
0.960782
0.960799
0.960813
0.960825
0.960835
0.960844
0.96085
0.960856
0.96086
0.960863
0.960865
0.960962
0.961455
0.961803
0.962213
0.9633
0.9648
0.966069
0.967174
0.968152
0.968706
0.968061
0.967401
0.966732
0.966058
0.965384
0.964713
0.964048
0.963391
0.962744
0.962109
0.961487
0.96088
0.960289
0.959713
0.959154
0.958613
0.958806
0.959349
0.959922
0.960418
0.960844
0.961209
0.961942
0.96262
0.96294
0.962932
0.962626
0.962045
0.96121
0.96014
0.958849
0.95735
0.957243
0.957202
0.957162
0.957047
0.956589
0.955697
0.95465
0.953457
0.952124
0.950656
0.950939
0.951199
0.951437
0.951657
0.951858
0.952044
0.952215
0.952373
0.952519
0.952653
0.952777
0.952892
0.952998
0.953096
0.953187
0.953271
0.953349
0.953422
0.953489
0.953552
0.95361
0.952814
0.951846
0.95073
0.949475
0.948085
0.946564
0.946976
0.947357
0.947708
0.948031
0.94833
0.948605
0.94886
0.94902
0.948061
0.946969
0.945749
0.944406
0.942942
0.941358
0.939656
0.937836
0.935895
0.933833
0.931646
0.929331
0.926885
0.924303
0.921579
0.91871
0.915688
0.912508
0.909164
0.905648
0.901954
0.898075
0.894002
0.889729
0.885247
0.88055
0.875628
0.870475
0.865081
0.85944
0.853543
0.847382
0.840949
0.834236
0.827237
0.819942
0.812345
0.804438
0.796214
0.787667
0.77879
0.769575
0.760018
0.750112
0.739851
0.72923
0.718245
0.70689
0.695162
0.683056
0.670569
0.657698
0.64444
-0.630794
-0.616757
-0.602327
-0.603521
-0.606351
-0.608983
-0.611434
-0.613716
-0.615842
-0.617824
-0.619674
-0.6214
-0.623012
-0.624518
-0.625926
-0.627243
-0.628475
-0.629629
-0.63071
-0.631723
-0.632673
-0.633564
-0.6344
-0.635186
-0.635924
-0.636617
-0.637406
-0.640145
-0.640607
-0.641042
-0.641452
-0.64184
-0.642205
-0.64255
-0.642876
-0.643183
-0.643473
-0.643748
-0.644007
-0.644252
-0.644484
-0.644703
-0.64491
-0.645106
-0.645291
-0.645467
-0.645633
-0.64579
-0.645939
-0.64608
-0.646214
-0.64634
-0.64646
-0.646574
-0.646682
-0.646784
-0.64688
-0.646972
-0.647059
-0.647141
-0.647219
-0.647294
-0.647364
-0.647431
-0.647494
-0.647554
-0.647611
-0.647665
-0.647716
-0.647764
-0.649386
-0.651691
-0.654185
-0.656874
-0.659762
-0.662854
-0.662525
-0.662208
-0.661903
-0.66161
-0.66133
-0.66106
-0.660801
-0.660553
-0.660316
-0.660088
-0.65987
-0.659662
-0.659463
-0.661152
-0.663062
-0.665196
-0.667557
-0.670145
-0.67296
-0.672541
-0.672133
-0.671736
-0.671353
-0.670981
-0.670622
-0.670275
-0.671607
-0.673185
-0.675011
-0.677085
-0.679406
-0.681971
-0.684779
-0.687826
-0.691107
-0.694619
-0.698357
-0.697919
-0.697478
-0.697037
-0.696597
-0.69616
-0.695729
-0.695305
-0.694888
-0.695862
-0.697099
-0.6986
-0.70036
-0.702377
0.704649
0.704222
0.703794
0.703366
0.702941
0.70252
0.702105
0.701697
0.701297
0.700906
0.700525
0.700153
0.699792
0.699442
0.699102
0.698774
0.698456
0.698149
0.697854
0.697569
0.697295
0.697031
0.696778
0.696534
0.6963
0.696076
0.695861
0.695656
0.695458
0.69527
0.695089
0.694917
0.694752
0.694594
0.694443
0.694299
0.694162
0.694031
0.693905
0.693786
0.693672
0.693563
0.69346
0.693361
0.693267
0.693177
0.693092
0.69301
0.692933
0.692859
0.692789
0.692722
0.692658
0.692597
0.69254
0.692485
0.692432
0.692383
0.692335
0.69229
0.692247
0.692207
0.692168
0.692131
0.692096
0.692063
0.692031
0.692001
0.691972
0.691945
0.691919
0.691894
0.691871
0.691849
0.691827
0.691807
0.691788
0.69177
0.691753
0.691736
0.69172
0.691706
0.691692
0.691678
0.691665
0.691653
0.691642
0.691631
0.69162
0.691611
0.691601
0.691592
0.691584
0.691576
0.691568
0.691561
0.691554
0.691547
0.691541
0.691535
0.69153
0.690967
0.688818
-0.686346
-0.683558
-0.680461
-0.677063
-0.677548
-0.678004
-0.678434
-0.678838
-0.67922
-0.679579
-0.679919
-0.680239
-0.68054
-0.680825
-0.681094
-0.681348
-0.681588
-0.681815
-0.68203
-0.680604
-0.678334
-0.675755
-0.672873
-0.669692
-0.666218
-0.666964
-0.667665
-0.668323
-0.668941
-0.669522
-0.670069
-0.670583
-0.668627
-0.666365
-0.663802
-0.660941
-0.657788
-0.654344
-0.650612
-0.646593
-0.642289
-0.637699
-0.632825
-0.627666
-0.622222
-0.616491
-0.610472
-0.604164
-0.597566
-0.590675
-0.58349
-0.576008
-0.568227
-0.560146
-0.551761
-0.543071
-0.534074
-0.524767
-0.515149
-0.505217
-0.49497
-0.484405
-0.473522
-0.462318
-0.450793
-0.438946
-0.426776
-0.414283
-0.401466
-0.404099
-0.406566
-0.408877
-0.411044
-0.413077
-0.414985
-0.416775
-0.418457
-0.420036
-0.421521
-0.422917
-0.42423
-0.425466
-0.426629
-0.427725
-0.428757
-0.429938
-0.431323
-0.43215
-0.43293
-0.433666
-0.434361
-0.435017
-0.435637
-0.436222
-0.436776
-0.437299
-0.437793
-0.43826
-0.441393
-0.44474
-0.448309
-0.452107
-0.45614
-0.460411
-0.464925
-0.469681
-0.474682
-0.479927
-0.485415
-0.491143
-0.49711
-0.503312
-0.509746
-0.516407
-0.52329
-0.530389
-0.5377
-0.545215
-0.552927
-0.560831
-0.568917
-0.577178
-0.585607
-0.594193
-0.602928
-0.611803
-0.620807
-0.629932
-0.639166
-0.6485
-0.657921
-0.66742
-0.676983
-0.6866
-0.696259
-0.705946
0.715649
0.718287
0.718046
0.717764
0.71745
0.717108
0.716746
0.716367
0.715976
0.715576
0.715172
0.714764
0.714797
0.715139
0.7156
0.715585
0.715178
0.714774
0.714372
0.713976
0.713586
0.713202
0.712827
0.712461
0.713504
0.714792
0.716325
0.718101
0.720119
0.722375
0.724867
0.727591
0.73054
0.733711
0.737097
0.740692
0.74449
0.748482
0.752662
0.757021
0.761551
0.766242
0.771087
0.776074
0.781196
0.786441
0.791799
0.79726
0.802812
0.808444
0.814145
0.819903
0.825707
0.831543
0.837401
0.843266
0.849127
0.854971
0.860784
0.866552
0.872264
0.877904
0.883459
0.888916
0.89426
0.899477
0.904554
0.909475
0.914227
0.918795
0.923166
0.927324
0.931255
0.934944
0.938379
0.941543
0.944424
0.947007
0.949278
0.951222
0.952827
0.954079
0.954965
0.95547
0.955583
0.95529
0.95458
0.953439
0.951856
0.94982
0.947319
0.944342
0.940879
0.936921
0.932456
0.927477
0.921973
0.915939
0.909364
0.911969
0.914438
0.916695
0.918759
0.920648
0.922376
0.923959
0.92541
0.926739
0.927958
0.929077
0.930104
0.931048
0.931915
0.932713
0.933446
0.934122
0.934745
0.935319
0.935848
0.936337
0.936788
0.937205
0.937591
0.937948
0.938279
0.938585
0.938869
0.939132
0.939251
0.938213
0.937026
0.935695
0.934225
0.932618
0.930878
0.929003
0.926995
0.924852
0.922573
0.920156
0.917597
0.914893
0.91204
0.909033
0.905867
0.902536
0.899035
0.895358
0.891498
0.887448
0.883202
0.878752
0.874091
0.869212
0.871202
0.873034
0.874721
0.876275
0.877708
0.87903
0.880251
0.881378
0.88242
0.883384
0.884275
0.885101
0.885866
0.886575
0.887233
0.887844
0.888412
0.888939
0.88943
0.889368
0.887985
0.886414
0.88466
0.882727
0.880616
0.878327
0.875863
0.873221
0.870401
0.867402
0.86422
0.860853
0.857297
0.858778
0.860146
0.861411
0.862581
0.863664
0.864666
0.865596
0.866458
0.867258
0.865909
0.864368
0.862638
0.860719
0.858614
0.856322
0.853844
0.851178
0.848322
0.845275
0.846793
0.848195
0.849493
0.850694
0.851807
0.852839
0.853795
0.854683
0.855508
0.856274
0.856986
0.857649
0.858266
0.858841
0.859376
0.859876
0.860343
0.860778
0.861185
0.861565
0.861921
0.862253
0.862565
0.862857
0.863131
0.863387
0.864925
0.866747
0.868585
0.870455
0.872367
0.874331
0.876352
0.878437
0.880588
0.882809
0.885099
0.887459
0.889886
0.892378
0.894932
0.897542
0.900204
0.902912
0.905659
0.908437
0.91124
0.914058
0.916884
0.919707
0.922519
0.925309
0.928066
0.930781
0.933442
0.936039
0.938558
0.94099
0.943322
0.945542
0.947638
0.949597
0.951408
0.953057
0.954532
0.95582
0.956908
0.957784
0.958435
0.958848
0.959011
0.95891
0.958534
0.957869
0.956904
0.955625
0.957544
0.959279
0.960848
0.962268
0.963552
0.964714
0.965765
0.965389
0.964777
0.964148
0.963502
0.962834
0.962143
0.961424
0.960673
0.959885
0.959056
0.95818
0.95725
0.95626
0.955204
0.954074
0.952863
0.951564
0.950167
0.948665
0.94705
0.945313
0.943444
0.941436
0.939278
0.936961
0.939096
0.941041
0.942813
0.944428
0.945901
0.947245
0.948472
0.949591
0.950614
0.951548
0.952402
0.953184
0.955378
0.957318
0.959037
0.960561
0.961916
0.963123
0.964199
0.96516
0.966017
0.96678
0.966671
0.96869
0.970411
0.971869
0.974987
0.977539
0.979591
0.981206
0.982436
0.98333
0.983932
0.98428
0.984408
0.984349
0.983775
0.98436
0.984803
0.984851
0.984802
0.98467
0.984467
0.984204
0.983891
0.983537
0.982281
0.98098
0.979647
0.978345
0.977289
0.976991
0.976937
0.976838
0.976703
0.976536
0.976342
0.976127
0.976612
0.976707
0.976365
0.976039
0.976546
0.97693
0.977208
0.977393
0.977498
0.977532
0.977507
0.977431
0.977312
0.977155
0.978091
0.978834
0.979416
0.97986
0.980189
0.98042
0.980567
0.980642
0.980655
0.980612
0.980518
0.980375
0.980186
0.97995
0.979666
0.979505
0.979332
0.979151
0.978963
0.97877
0.978575
0.978378
0.97818
0.977886
0.97736
0.976831
0.976303
0.975779
0.97526
0.974745
0.974234
0.973724
0.973212
0.972694
0.972167
0.971624
0.97106
0.970469
0.969843
0.969175
0.968458
0.967684
0.966843
0.965927
0.964928
0.963834
0.962638
0.961759
0.96303
0.964226
0.965306
0.96628
0.967159
0.967953
0.968669
0.969315
0.969898
0.970424
0.970899
0.971327
0.971713
0.972062
0.972376
0.97266
0.972915
0.973146
0.973354
0.97362
0.974288
0.974925
0.975445
0.975808
0.976011
0.975987
0.975963
0.975941
0.97592
0.9759
0.975881
0.975863
0.975845
0.975829
0.975813
0.975798
0.975841
0.975788
0.975652
0.97544
0.975162
0.974822
0.974425
0.973974
0.97347
0.973752
0.974007
0.974235
0.97444
0.974624
0.974788
0.974936
0.975069
0.975188
0.975294
0.97539
0.975475
0.975551
0.97562
0.975681
0.975735
0.975784
0.975827
0.975942
0.976131
0.976194
0.976131
0.976447
0.976764
0.97699
0.977116
0.977157
0.977194
0.977163
0.977049
0.976843
0.976555
0.976196
0.975818
0.975425
0.974978
0.974095
0.973231
0.972387
0.971793
0.972429
0.972992
0.97349
0.97393
0.974318
0.974659
0.975946
0.976956
0.977718
0.978261
0.978608
0.978776
0.978784
0.978646
0.978372
0.977971
0.977451
0.976816
0.976071
0.975217
0.974255
0.973184
0.972002
0.970707
0.969296
0.967763
0.966104
0.964313
0.962384
0.960309
0.958082
0.955694
0.953138
0.950406
0.947488
0.944375
0.94106
0.937532
0.933781
0.9298
0.925578
0.921105
0.916373
0.911372
0.906092
0.900524
0.894658
0.888487
0.882
0.875189
0.868046
0.860562
0.852729
0.844539
0.835984
0.827058
0.817753
0.808064
0.797982
0.787503
0.776622
0.765332
0.75363
0.741512
0.728973
0.71601
0.702622
0.688805
0.674557
0.659878
0.644767
-0.629225
-0.613251
-0.596847
-0.580014
-0.562755
-0.545073
-0.526971
-0.508455
-0.489528
-0.492547
-0.495364
-0.497994
-0.500451
-0.502747
-0.504895
-0.506904
-0.508785
-0.510545
-0.51188
-0.514308
-0.517391
-0.521013
-0.524436
-0.527573
-0.53045
-0.533216
-0.536258
-0.539488
-0.542917
-0.54655
-0.550394
-0.554453
-0.558729
-0.563224
-0.567938
-0.572872
-0.578023
-0.583389
-0.588968
-0.594755
-0.600747
-0.606938
-0.613323
-0.619896
-0.62665
-0.633578
-0.640674
-0.647928
-0.655333
-0.66288
-0.67056
-0.678364
-0.678547
-0.678714
-0.678867
-0.679006
-0.679134
-0.679251
-0.679357
-0.679455
-0.679545
-0.679627
-0.679702
-0.679771
-0.679835
-0.679893
-0.67987
-0.679577
-0.679197
-0.678788
-0.678353
-0.677901
-0.677434
-0.676958
-0.676476
-0.675992
-0.675508
-0.674974
-0.673129
-0.670825
-0.668111
-0.665004
-0.661522
-0.657677
-0.653483
-0.65342
-0.653359
-0.653301
-0.653247
-0.653194
-0.653145
-0.653098
-0.653053
-0.65301
-0.652453
-0.650281
-0.647797
-0.647678
-0.647844
-0.648001
-0.648151
-0.648292
-0.648426
-0.648552
-0.648672
-0.648786
-0.648894
-0.648996
-0.649092
-0.649184
-0.649271
-0.649354
-0.649432
-0.649506
-0.649576
-0.649643
-0.649706
-0.649766
-0.649823
-0.649877
-0.649929
-0.649977
-0.650024
-0.650067
-0.650109
-0.650148
-0.64964
-0.647931
-0.646166
-0.64443
-0.642726
-0.641059
-0.639431
-0.637845
-0.636303
-0.634806
-0.633355
-0.631921
-0.6302
-0.628116
-0.625725
-0.623031
-0.620034
-0.616737
-0.613141
-0.609247
-0.605054
-0.600564
-0.595775
-0.590688
-0.585301
-0.579614
-0.573626
-0.567334
-0.560738
-0.553837
-0.546627
-0.539109
-0.53128
-0.523138
-0.514682
-0.505909
-0.496819
-0.48741
-0.47768
-0.467628
-0.457253
-0.446553
-0.435528
-0.424176
-0.412499
-0.400495
-0.388165
-0.375509
-0.362527
-0.34922
-0.335589
-0.321637
-0.307364
-0.292774
-0.280666
-0.268044
-0.258558
-0.265421
-0.271476
-0.276805
-0.281481
-0.285572
-0.289139
-0.292238
-0.294919
-0.297228
-0.299206
-0.300949
-0.302629
-0.303806
-0.304483
-0.304351
-0.304199
-0.30403
-0.303848
-0.303656
-0.303456
-0.30325
-0.303247
-0.303377
-0.303028
-0.301881
-0.300537
-0.300459
-0.300358
-0.300237
-0.300101
-0.299952
-0.299792
-0.299624
-0.299449
-0.299271
-0.298667
-0.296678
-0.294157
-0.291127
-0.287612
-0.283631
-0.279203
-0.274343
-0.269067
-0.263387
-0.257315
-0.250861
-0.244035
-0.236845
-0.229298
-0.221402
-0.213163
-0.204586
-0.195677
-0.186441
-0.176881
-0.167003
-0.156811
-0.146308
-0.135499
-0.124387
-0.112975
-0.101269
-0.089271
-0.076985
-0.064416
-0.051569
-0.038446
-0.025054
-0.011397
0.00252
0.013501
0.011833
0.010234
0.008702
0.007233
0.005827
0.004482
0.003195
0.001965
0.000789
-0.000334
-0.001407
-0.002431
-0.003409
-0.004342
-0.005232
-0.006081
-0.00689
-0.007662
-0.008397
-0.009098
-0.009766
-0.010402
-0.011007
-0.011584
-0.012134
-0.012657
-0.013155
-0.013628
-0.014079
-0.014509
-0.014917
-0.015306
-0.015675
-0.016027
-0.016362
-0.01668
-0.016982
-0.01727
-0.017544
-0.017804
-0.018052
-0.018287
-0.018511
-0.018724
-0.018926
-0.019119
-0.019301
-0.019475
-0.01964
-0.019797
-0.019946
-0.020088
-0.020223
-0.020351
-0.020473
-0.020588
-0.020698
-0.020803
-0.020902
-0.020996
-0.021086
-0.021171
-0.021252
-0.021329
-0.021402
-0.021471
-0.021537
-0.0216
-0.021659
-0.021716
-0.02177
-0.021821
-0.021869
-0.021915
-0.021959
-0.022
-0.02204
-0.022077
-0.022113
-0.022147
-0.022179
-0.022209
-0.022238
-0.021454
-0.019798
-0.017632
-0.015526
-0.013523
-0.011619
-0.00981
-0.00809
-0.006456
-0.004902
-0.003426
-0.002024
-0.000692
0.000574
0.001777
0.00292
0.004005
0.005036
0.006016
0.006946
0.00783
0.00867
0.009467
0.010225
0.010945
0.011628
0.012277
0.012598
0.012387
0.012062
0.01171
0.007049
0.002122
-0.003077
-0.008549
-0.014298
-0.020326
-0.026633
-0.03322
-0.040087
-0.047235
-0.054661
-0.062365
-0.070347
-0.078603
-0.087133
-0.095934
-0.105003
-0.102074
-0.099273
-0.096595
-0.094038
-0.091596
-0.089299
-0.092403
-0.095836
-0.099599
-0.103693
-0.108117
-0.11287
-0.117951
-0.123357
-0.129087
-0.135137
-0.141507
-0.148191
-0.155188
-0.162494
-0.170104
-0.178015
-0.186222
-0.194722
-0.203509
-0.212579
-0.221926
-0.231544
-0.241429
-0.251574
-0.261974
-0.27262
-0.283508
-0.29463
-0.305977
-0.317544
-0.329321
-0.341301
-0.353476
-0.365835
-0.37837
-0.391072
-0.403931
-0.416937
-0.430079
-0.443346
-0.456728
-0.470213
-0.483789
-0.497444
-0.511166
-0.524943
-0.538761
-0.552607
-0.566468
-0.580328
-0.594176
-0.607995
-0.621772
-0.635492
-0.649138
-0.662697
-0.676153
-0.689489
-0.70269
0.715739
0.72862
0.741318
0.753814
0.766093
0.766284
0.766389
0.766417
0.766366
0.766178
0.765731
0.765032
0.764143
0.763096
0.761919
0.760636
0.761664
0.762899
0.764345
0.766
0.767864
0.769935
0.772211
0.774689
0.777364
0.778136
0.777147
0.776026
0.774796
0.773512
0.774767
0.776203
0.777823
0.779629
0.781621
0.783799
0.786161
0.788705
0.791428
0.794326
0.797393
0.800626
0.804017
0.80756
0.811249
0.815075
0.819031
0.823109
0.827299
0.831592
0.835979
0.84045
0.844995
0.849602
0.854262
0.858963
0.863693
0.868442
0.873196
0.877945
0.882676
0.887375
0.892031
0.896631
0.901162
0.90561
0.909962
0.914205
0.918325
0.922308
0.926142
0.929811
0.933302
0.936602
0.939697
0.942572
0.945214
0.947609
0.949743
0.951314
0.952714
0.953962
0.955073
0.956061
0.956938
0.957716
0.958406
0.958075
0.957811
0.957612
0.957475
0.957396
0.957373
0.957398
0.957469
0.957579
0.957722
0.957979
0.959082
0.960066
0.960943
0.961724
0.962418
0.962197
0.961863
0.961581
0.961349
0.961162
0.961018
0.960912
0.96084
0.960796
0.960774
0.960768
0.960771
0.960776
0.960776
0.960763
0.960729
0.960665
0.960562
0.960411
0.960204
0.959929
0.959579
0.959141
0.958608
0.960341
0.961905
0.963317
0.964591
0.96574
0.966777
0.967713
0.968557
0.969318
0.970005
0.969415
0.968819
0.968217
0.967607
0.966988
0.966357
0.966968
0.967873
0.96869
0.969427
0.970093
0.970695
0.971237
0.971728
0.97217
0.97257
0.972931
0.973257
0.973551
0.973816
0.974056
0.974273
0.974468
0.974645
0.974804
0.974948
0.975078
0.975195
0.975301
0.975397
0.975483
0.975561
0.975632
0.975696
0.975753
0.975805
0.975852
0.975894
0.975933
0.975967
0.975999
0.976027
0.976052
0.976075
0.976096
0.976115
0.976132
0.976147
0.976161
0.976174
0.976185
0.976195
0.976205
0.976213
0.976221
0.976227
0.976234
0.976239
0.976244
0.976249
0.976253
0.976257
0.97626
0.976263
0.976266
0.976269
0.976271
0.976273
0.976275
0.976277
0.976278
0.97628
0.976281
0.976282
0.976283
0.976284
0.976285
0.976286
0.976286
0.976287
0.976288
0.976288
0.976289
0.976289
0.976289
0.97629
0.97629
0.97629
0.976291
0.976291
0.976291
0.976291
0.976292
0.976292
0.976292
0.976292
0.976292
0.976292
0.976292
0.976293
0.976293
0.976293
0.976293
0.976293
0.976293
0.976293
0.976293
0.976293
0.976293
0.976293
0.976293
0.976293
0.976293
0.976293
0.976294
0.976293
0.976294
0.976293
0.976294
0.976294
0.976294
0.976293
0.976294
0.976294
0.976294
0.976294
0.976294
0.976294
0.976294
0.976294
0.976294
0.976294
0.976294
0.976294
0.976294
0.976294
0.976294
0.976294
0.976294
0.976294
0.976294
0.976294
0.976294
0.976294
0.976294
0.976294
0.976294
0.976294
0.976294
0.976294
0.976294
0.976294
0.976294
0.976294
0.976294
0.976294
0.976294
0.976294
0.976294
0.976294
0.976294
0.976294
0.976294
0.976294
0.976294
0.976294
0.976294
0.976294
0.976288
0.976272
0.976274
0.976276
0.976278
0.97628
0.976281
0.976283
0.976284
0.976285
0.976286
0.976287
0.97619
0.97599
0.975698
0.975323
0.974871
0.974347
0.973757
0.973991
0.974202
0.974393
0.974566
0.974722
0.974864
0.974992
0.975107
0.975212
0.975307
0.975393
0.975471
0.975541
0.975328
0.97491
0.974416
0.97386
0.973434
0.973687
0.973917
0.974124
0.974312
0.974482
0.974636
0.974775
0.974901
0.975016
0.97512
0.975214
0.975299
0.975376
0.975446
0.97551
0.975567
0.975619
0.975667
0.97571
0.975749
0.975785
0.975817
0.975846
0.975873
0.975897
0.975919
0.975939
0.975958
0.975974
0.97599
0.976004
0.976016
0.976028
0.976038
0.976048
0.976057
0.976065
0.976072
0.976079
0.976085
0.97609
0.976096
0.9761
0.976105
0.976109
0.976112
0.976116
0.976119
0.976122
0.976124
0.976127
0.976129
0.976131
0.976133
0.976135
0.976136
0.976138
0.976139
0.97614
0.976142
0.976143
0.976144
0.976008
0.97576
0.975411
0.974971
0.974446
0.973843
0.973165
0.973406
0.973625
0.973823
0.974003
0.974166
0.974314
0.974449
0.974571
0.974682
0.974783
0.974875
0.974959
0.975035
0.974603
0.974095
0.973515
0.972869
0.972162
0.971395
0.970755
0.971168
0.971543
0.971884
0.972193
0.972474
0.972728
0.97296
0.97317
0.973362
0.973221
0.972623
0.971964
0.971248
0.970477
0.969653
0.970126
0.970555
0.970945
0.971299
0.971621
0.971913
0.972179
0.972421
0.972641
0.972841
0.973023
0.973189
0.973341
0.973478
0.973604
0.973719
0.973823
0.973919
0.974006
0.974086
0.974158
0.974225
0.974286
0.974342
0.974393
0.97444
0.974483
0.974523
0.974368
0.973926
0.973389
0.972764
0.972056
0.971271
0.971548
0.971801
0.972031
0.97224
0.972431
0.972605
0.972764
0.972909
0.973041
0.973162
0.973272
0.973373
0.973465
0.973549
0.97305
0.972462
0.971792
0.971044
0.970224
0.969333
0.968372
0.967342
0.966242
0.965071
0.963826
0.962503
0.962207
0.962995
0.963712
0.964364
0.964959
0.965501
0.965995
0.966446
0.965995
0.965182
0.964306
0.963368
0.962369
0.961309
0.960185
0.958996
0.957739
0.956411
0.955007
0.953523
0.951953
0.950291
0.948533
0.946671
0.944698
0.942608
0.941809
0.941473
0.93976
0.937253
0.9346
0.931791
0.928818
0.925674
0.922348
0.918833
0.915118
0.911196
0.907058
0.902693
0.898094
0.893251
0.888154
0.882796
0.877166
0.871257
0.865059
0.858565
0.851765
0.844651
0.837216
0.829451
0.821349
0.812903
0.804105
0.794949
0.785428
0.775536
0.765267
0.754617
0.743579
0.732149
0.720323
0.708096
0.695467
0.68243
0.668985
0.655129
-0.64086
-0.626178
-0.611082
-0.595573
-0.57965
-0.563315
-0.54657
-0.529418
-0.511861
-0.514944
-0.517818
-0.5205
-0.523003
-0.525341
-0.527525
-0.529566
-0.531476
-0.533262
-0.534935
-0.536501
-0.537969
-0.539345
-0.540636
-0.541847
-0.542984
-0.544052
-0.547859
-0.551762
-0.555778
-0.559923
-0.56421
-0.568648
-0.573247
-0.578013
-0.582951
-0.588065
-0.593357
-0.598827
-0.604477
-0.610305
-0.616309
-0.622487
-0.628835
-0.635348
-0.642022
-0.648851
-0.65583
-0.662951
-0.670208
-0.677592
-0.685096
-0.692711
-0.700427
0.708237
0.716129
0.723382
0.723057
0.72271
0.722346
0.721969
0.721582
0.72119
0.720794
0.720397
0.720002
0.719609
0.719222
0.718839
0.718464
0.718096
0.717737
0.717386
0.717045
0.716714
0.716392
0.716081
0.715779
0.713879
0.711612
0.708994
0.706037
0.702754
0.699153
0.695243
0.693821
0.694104
0.694371
0.694623
0.692634
0.690336
0.687737
0.68484
0.681653
0.678177
-0.674417
-0.670375
-0.666052
-0.661449
-0.656568
-0.651408
-0.64597
-0.640251
-0.634252
-0.62797
-0.621405
-0.614554
-0.607415
-0.60038
-0.59397
-0.588179
-0.582348
-0.576069
-0.569352
-0.562203
-0.554629
-0.546636
-0.538228
-0.529411
-0.520188
-0.510563
-0.500539
-0.490119
-0.479307
-0.468104
-0.456514
-0.444539
-0.432181
-0.419444
-0.40633
-0.392842
-0.378983
-0.364756
-0.350164
-0.335211
-0.319901
-0.304238
-0.288228
-0.271875
-0.253906
-0.234653
-0.215161
-0.195439
-0.175498
-0.174497
-0.174441
-0.17448
-0.174601
-0.174791
-0.175039
-0.175336
-0.175674
-0.176045
-0.176442
-0.17686
-0.177294
-0.180009
-0.183139
-0.186674
-0.190604
-0.194919
-0.199609
-0.204665
-0.210078
-0.210009
-0.209943
-0.20988
-0.209819
-0.209762
-0.209706
-0.209653
-0.209603
-0.209555
-0.209509
-0.206962
-0.204004
-0.200646
-0.196894
-0.192757
-0.188241
-0.183353
-0.178098
-0.17649
-0.174943
-0.173454
-0.172023
-0.170648
-0.169328
-0.168062
-0.166848
-0.165301
-0.163302
-0.160896
-0.158087
-0.154881
-0.151281
-0.147292
-0.142918
-0.142268
-0.141857
-0.141862
-0.141969
-0.14231
-0.142765
-0.143329
-0.14405
-0.145181
-0.146437
-0.147812
-0.149273
-0.150657
-0.151969
-0.153214
-0.154393
-0.155511
-0.156571
-0.157577
-0.15853
-0.159434
-0.160292
-0.161105
-0.161877
-0.162609
-0.163304
-0.163962
-0.164587
-0.165181
-0.165743
-0.166277
-0.166784
-0.167265
-0.167721
-0.168155
-0.168566
-0.168956
-0.169326
-0.169678
-0.170012
-0.170328
-0.170629
-0.170914
-0.171185
-0.171443
-0.171687
-0.171919
-0.172139
-0.172348
-0.172547
-0.172735
-0.172914
-0.173084
-0.173245
-0.173399
-0.173544
-0.173683
-0.173814
-0.173939
-0.174057
-0.174169
-0.174276
-0.174378
-0.174474
-0.174565
-0.174652
-0.174734
-0.174813
-0.174887
-0.174957
-0.175025
-0.175088
-0.175149
-0.175206
-0.175261
-0.175312
-0.175361
-0.175408
-0.175452
-0.175495
-0.175534
-0.175572
-0.175608
-0.178428
-0.181572
-0.185042
-0.188837
-0.192958
-0.197404
-0.202174
-0.207266
-0.212677
-0.218405
-0.224447
-0.230801
-0.237461
-0.244425
-0.251687
-0.259245
-0.267092
-0.275224
-0.283636
-0.292321
-0.301275
-0.310491
-0.319961
-0.318748
-0.317579
-0.316454
-0.317646
-0.319234
-0.321214
-0.323581
-0.32633
-0.329455
-0.33295
-0.336811
-0.341031
-0.345604
-0.350523
-0.355783
-0.361377
-0.365196
-0.363956
-0.362753
-0.361676
-0.362669
-0.364061
-0.365847
-0.368022
-0.370578
-0.373512
-0.376817
-0.380486
-0.384513
-0.388892
-0.393616
-0.398677
-0.404069
-0.409784
-0.415815
-0.422154
-0.428794
-0.435725
-0.442941
-0.450433
-0.458191
-0.466207
-0.465159
-0.464122
-0.4631
-0.462095
-0.461111
-0.460149
-0.459211
-0.458298
-0.457411
-0.45655
-0.455716
-0.456898
-0.458441
-0.46034
-0.462592
-0.465191
-0.468133
-0.471413
-0.475025
-0.478962
-0.48322
-0.48779
-0.492667
-0.497844
-0.503313
-0.509067
-0.515098
-0.514215
-0.513342
-0.512481
-0.511635
-0.510806
-0.509996
-0.509205
-0.51023
-0.511608
-0.513335
-0.515406
-0.517816
-0.520561
-0.523634
-0.527029
-0.53074
-0.534762
-0.539086
-0.543706
-0.548614
-0.553804
-0.559266
-0.559147
-0.558384
-0.557624
-0.556871
-0.556126
-0.555393
-0.554673
-0.55561
-0.556888
-0.558503
-0.560451
-0.562727
-0.565326
-0.568241
-0.571467
-0.574997
-0.578825
-0.582943
-0.587345
-0.592022
-0.596968
-0.602173
-0.60763
-0.61333
-0.619264
-0.625422
-0.631796
-0.638376
-0.645151
-0.652112
-0.659249
-0.658842
-0.6584
-0.657931
-0.65744
-0.656934
-0.656416
-0.657044
-0.657988
-0.659245
-0.660809
-0.662674
-0.664835
-0.667286
-0.67002
-0.67303
-0.676309
-0.679849
-0.683643
-0.687682
-0.691957
-0.696461
-0.701184
-0.706117
0.711251
0.716575
0.72208
0.727755
0.73359
0.739574
0.745696
0.749552
0.749527
0.74944
0.749298
0.749112
0.748888
0.748632
0.748351
0.74805
0.747732
0.747402
0.747063
0.746718
0.74637
0.74602
0.74475
0.742873
0.7406
0.737951
0.734943
0.73159
0.727907
0.727899
0.727891
0.727884
0.727878
0.727871
0.727865
0.727859
0.727854
0.725918
0.723665
0.721105
0.718244
0.715091
0.715529
0.715942
0.71633
0.716696
0.71704
0.717365
0.717671
0.71796
0.718232
0.718489
0.718731
0.71896
0.717027
0.714791
0.712261
0.709442
0.706339
0.70702
0.707658
0.708257
0.70882
0.709349
0.709846
0.708215
0.706068
0.703632
0.700913
0.697914
0.694638
0.691086
0.687261
0.683163
0.678793
0.674151
0.669236
-0.664047
-0.658583
-0.652842
-0.646824
-0.640524
-0.633942
-0.627075
-0.619919
-0.612474
-0.604735
-0.596701
-0.588367
-0.579733
-0.570794
-0.561547
-0.551991
-0.542123
-0.531941
-0.521442
-0.510623
-0.499484
-0.488023
-0.476237
-0.464127
-0.45169
-0.438926
-0.425835
-0.412417
-0.398672
-0.384601
-0.370205
-0.355483
-0.34044
-0.325077
-0.309396
-0.293401
-0.277094
-0.26048
-0.243563
-0.226348
-0.20884
-0.191044
-0.172967
-0.154616
-0.135998
-0.11712
-0.097992
-0.078621
-0.059016
-0.039188
-0.041603
-0.043892
-0.046063
-0.048121
-0.050073
-0.051924
-0.053679
-0.055344
-0.053991
-0.052217
-0.050026
-0.047423
-0.044413
-0.040999
-0.037187
-0.03298
-0.028384
-0.023402
-0.025315
-0.02713
-0.028853
-0.030488
-0.03204
-0.033513
-0.03491
-0.036237
-0.037496
-0.038691
-0.039825
-0.040902
-0.041924
-0.042893
-0.043814
-0.044688
-0.042642
-0.040204
-0.037378
-0.034167
-0.030574
-0.026604
-0.027852
-0.029038
-0.030163
-0.031231
-0.032245
-0.033208
-0.034121
-0.034989
-0.035813
-0.036595
-0.037338
-0.038043
-0.038712
-0.039347
-0.039951
-0.040524
-0.041068
-0.041584
-0.042075
-0.042541
-0.042983
-0.043403
-0.043802
-0.041327
-0.038479
-0.035261
-0.031676
-0.027725
-0.023412
-0.024324
-0.025191
-0.026013
-0.026794
-0.027536
-0.028241
-0.02891
-0.029545
-0.030148
-0.028952
-0.026408
-0.023487
-0.02019
-0.01652
-0.01747
-0.018372
-0.019229
-0.020043
-0.020816
-0.021549
-0.022246
-0.022908
-0.023537
-0.024134
-0.024701
-0.025239
-0.02575
-0.026236
-0.026697
-0.027135
-0.027551
-0.027946
-0.028321
-0.028677
-0.029016
-0.029337
-0.029643
-0.029933
-0.030208
-0.03047
-0.030718
-0.030954
-0.031178
-0.031391
-0.031593
-0.031786
-0.031968
-0.031942
-0.034957
-0.03831
-0.037396
-0.036181
-0.035026
-0.032929
-0.029906
-0.026524
-0.022785
-0.01869
-0.017395
-0.01684
-0.016313
-0.015812
-0.015336
-0.014884
-0.014454
-0.014046
-0.013658
-0.01733
-0.02131
-0.0256
-0.030201
-0.035113
-0.040336
-0.039129
-0.037982
-0.036891
-0.035854
-0.034868
-0.033931
-0.03304
-0.032193
-0.035282
-0.038823
-0.042693
-0.046891
-0.051417
-0.056271
-0.061451
-0.066955
-0.072782
-0.07893
-0.085395
-0.092177
-0.099271
-0.106675
-0.114385
-0.122399
-0.130712
-0.13932
-0.148219
-0.157405
-0.166874
-0.17662
-0.186638
-0.196924
-0.207471
-0.218275
-0.229327
-0.240624
-0.252157
-0.26392
-0.275905
-0.288106
-0.284903
-0.281761
-0.278688
-0.27569
-0.277246
-0.279185
-0.281504
-0.284198
-0.287264
-0.290697
-0.294492
-0.298645
-0.303151
-0.308003
-0.313198
-0.318728
-0.324588
-0.330772
-0.337273
-0.344085
-0.351201
-0.358615
-0.366319
-0.374305
-0.382567
-0.391096
-0.399884
-0.405755
-0.4031
-0.400443
-0.397799
-0.395179
-0.392594
-0.394236
-0.396228
-0.398565
-0.401245
-0.404266
-0.407623
-0.411314
-0.415332
-0.419674
-0.424334
-0.429308
-0.434589
-0.440171
-0.446048
-0.452214
-0.45866
-0.465381
-0.472369
-0.479616
-0.487114
-0.492064
-0.491132
-0.490214
-0.489314
-0.488434
-0.487575
-0.488555
-0.489899
-0.491601
-0.493659
-0.496065
-0.498814
-0.501901
-0.50532
-0.509064
-0.513126
-0.5175
-0.516628
-0.515767
-0.514918
-0.514085
-0.513269
-0.513948
-0.515203
-0.516812
-0.518769
-0.521069
-0.523707
-0.526677
-0.528079
-0.527252
-0.526439
-0.52564
-0.524857
-0.524093
-0.523348
-0.522623
-0.521918
-0.521236
-0.520574
-0.519935
-0.519318
-0.518722
-0.518147
-0.517594
-0.517062
-0.51655
-0.515612
-0.51291
-0.509824
-0.506366
-0.502546
-0.498371
-0.493849
-0.488988
-0.483792
-0.478267
-0.472417
-0.466246
-0.459758
-0.452953
-0.445835
-0.438406
-0.430667
-0.422618
-0.414262
-0.405598
-0.396627
-0.38735
-0.377766
-0.367876
-0.35768
-0.347178
-0.336372
-0.325261
-0.313845
-0.302126
-0.290104
-0.277781
-0.265157
-0.252234
-0.239014
-0.225499
-0.21169
-0.197591
-0.183204
-0.168532
-0.15358
-0.138351
-0.122849
-0.107079
-0.091047
-0.074757
-0.058216
-0.041429
-0.024403
-0.007146
0.010334
0.008182
0.006138
0.004195
0.002349
0.000595
-0.001071
0.000204
0.001905
0.004025
0.006561
0.009507
0.012859
0.016612
0.02076
0.025301
0.030227
0.035535
0.04122
0.047277
0.053701
0.051783
0.049957
0.048218
0.046563
0.044989
0.043491
0.042066
0.040711
0.042219
0.04414
0.046471
0.049205
0.05234
0.05587
0.05979
0.064097
0.068785
0.07385
0.072192
0.070611
0.069106
0.067673
0.066309
0.06501
0.066538
0.068478
0.070824
0.073572
0.076718
0.080258
0.084186
0.086017
0.085396
0.083937
0.082547
0.081223
0.079963
0.078762
0.07762
0.076532
0.075497
0.074512
0.073575
0.075453
0.077725
0.080386
0.083434
0.086864
0.090673
0.094856
0.099411
0.104331
0.109614
0.115254
0.11382
0.112453
0.111149
0.109906
0.108721
0.107592
0.106517
0.105493
0.104517
0.106318
0.108514
0.1111
0.114073
0.11743
0.121166
0.125277
0.123985
0.122753
0.121578
0.120458
0.11939
0.118373
0.117404
0.116481
0.115603
0.114766
0.113969
0.111697
0.108002
0.103969
0.099599
0.094895
0.089859
0.084491
0.078796
0.072774
0.07312
0.073448
0.07376
0.074056
0.074337
0.074604
0.072006
0.069039
0.065705
0.062006
0.057946
0.053527
0.048753
0.043624
0.038146
0.03232
0.026151
0.01964
0.012792
0.005609
-0.001905
-0.009747
-0.017913
-0.026398
-0.0352
-0.044315
-0.053738
-0.063465
-0.073492
-0.083812
-0.082154
-0.080573
-0.079067
-0.074889
-0.070404
-0.065613
-0.060515
-0.055111
-0.0494
-0.043384
-0.037064
-0.030441
-0.023518
-0.016296
-0.008777
-0.000964
0.007143
0.015539
0.024224
0.033193
0.042445
0.051976
0.061783
0.071863
0.082212
0.092826
0.103703
0.11429
0.115295
0.116246
0.117148
0.118002
0.118812
0.119579
0.120307
0.120996
0.12165
0.12227
0.122858
0.123416
0.123944
0.124446
0.124922
0.125373
0.125801
0.126207
0.126593
0.126959
0.127306
0.122877
0.118135
0.11308
0.107713
0.102037
0.096052
0.089762
0.083168
0.076273
0.069078
0.061588
0.053803
0.045726
0.037361
0.028708
0.019772
0.010554
0.001058
-0.008714
-0.01876
-0.029075
-0.039656
-0.050502
-0.061606
-0.072967
-0.08458
-0.096441
-0.108546
-0.120889
-0.133467
-0.146273
-0.159302
-0.172548
-0.186005
-0.199667
-0.213527
-0.227576
-0.24181
-0.256218
-0.270793
-0.285527
-0.300411
-0.315434
-0.330588
-0.345861
-0.361245
-0.376728
-0.392298
-0.407945
-0.423655
-0.439418
-0.455219
-0.471047
-0.486887
-0.502727
-0.518551
-0.534346
-0.540506
-0.54266
-0.540695
-0.538652
-0.536554
-0.534419
-0.532264
-0.530101
-0.527944
-0.525802
-0.523684
-0.521597
-0.519547
-0.51754
-0.515846
-0.516087
-0.516316
-0.516532
-0.516737
-0.516931
-0.519589
-0.522462
-0.525559
-0.528885
-0.532444
-0.534667
-0.538613
-0.542798
-0.54722
-0.551881
-0.556777
-0.561906
-0.567266
-0.572852
-0.578661
-0.584687
-0.590924
-0.597367
-0.604009
-0.604449
-0.604855
-0.60523
-0.605577
-0.605898
-0.606195
-0.606471
-0.606726
-0.606962
-0.607182
-0.607385
-0.607575
-0.607751
-0.607891
-0.607592
-0.606964
-0.606326
-0.605685
-0.605043
-0.604403
-0.603769
-0.603143
-0.602526
-0.601921
-0.601329
-0.600751
-0.600187
-0.599639
-0.599106
-0.598589
-0.59809
-0.597606
-0.597139
-0.596688
-0.596254
-0.595836
-0.595434
-0.595047
-0.594379
-0.593633
-0.59284
-0.590484
-0.58776
-0.584679
-0.58125
-0.577482
-0.573381
-0.568955
-0.564208
-0.564033
-0.563867
-0.563709
-0.563559
-0.563415
-0.563279
-0.563149
-0.563026
-0.562908
-0.562796
-0.56269
-0.562589
-0.562518
-0.56245
-0.562385
-0.562984
-0.563548
-0.564081
-0.564583
-0.565057
-0.567222
-0.5703
-0.573547
-0.576973
-0.580587
-0.584395
-0.588401
-0.592608
-0.59702
-0.601635
-0.606456
-0.61148
-0.616704
-0.622128
-0.627746
-0.633555
-0.639549
-0.645724
-0.652073
-0.65859
-0.665267
-0.672097
-0.679071
-0.686183
-0.693423
-0.70078
0.708247
0.715472
0.723122
0.730851
0.738647
0.738417
0.738153
0.73786
0.737545
0.737213
0.736866
0.73651
0.736147
0.736142
0.736204
0.736183
0.735936
0.735747
0.735554
0.735385
0.735227
0.73508
0.734946
0.734892
0.734608
0.734262
0.733923
0.733592
0.73327
0.732956
0.732652
0.73378
0.735129
0.7367
0.738495
0.74051
0.742746
0.7452
0.747868
0.750746
0.75383
0.757113
0.760591
0.764257
0.768104
0.772125
0.776311
0.780655
0.785149
0.789782
0.794546
0.799432
0.804429
0.809526
0.814714
0.819982
0.822749
0.82374
0.823837
0.823878
0.823871
0.823822
0.823739
0.823626
0.823488
0.823329
0.823153
0.822964
0.822764
0.822556
0.822342
0.822123
0.821902
0.82168
0.821459
0.821238
0.821019
0.820804
0.820592
0.820384
0.820181
0.819982
0.819789
0.819601
0.820561
0.821679
0.822957
0.824399
0.826005
0.827774
0.829706
0.831797
0.834046
0.836448
0.838999
0.841692
0.844523
0.847486
0.850571
0.853773
0.857084
0.860494
0.863996
0.867579
0.871235
0.874953
0.878723
0.882534
0.886376
0.890237
0.894107
0.897972
0.901823
0.905646
0.909429
0.91316
0.916827
0.920415
0.923914
0.927309
0.930587
0.933735
0.93674
0.939589
0.942267
0.944762
0.94613
0.947344
0.94842
0.949371
0.950212
0.950954
0.951607
0.952181
0.952684
0.953124
0.953508
0.953841
0.95413
0.954379
0.954593
0.954775
0.95493
0.95506
0.955169
0.955259
0.955332
0.95539
0.955435
0.955469
0.955492
0.955508
0.955516
0.955517
0.955513
0.955505
0.955492
0.955476
0.955457
0.955436
0.955413
0.955389
0.955363
0.955336
0.955309
0.955282
0.955254
0.955226
0.955199
0.955171
0.955476
0.955777
0.956081
0.956394
0.956722
0.957066
0.95743
0.957813
0.958214
0.958632
0.959064
0.959506
0.959955
0.960406
0.960852
0.961286
0.961704
0.962096
0.962455
0.962774
0.963042
0.963251
0.963392
0.963455
0.963431
0.963308
0.963076
0.962725
0.962245
0.962308
0.96319
0.964479
0.965642
0.966691
0.967637
0.96849
0.969259
0.969953
0.970578
0.971052
0.970466
0.969872
0.970505
0.971076
0.971591
0.972055
0.972473
0.97285
0.97319
0.973496
0.973772
0.974021
0.973503
0.972956
0.972381
0.971782
0.971157
0.970507
0.969831
0.969126
0.968388
0.967616
0.966803
0.965946
0.965039
0.964075
0.963049
0.961953
0.96078
0.959522
0.958172
0.956721
0.955491
0.955176
0.956243
0.957181
0.958121
0.959033
0.960088
0.961047
0.961921
0.962715
0.963439
0.964098
0.964698
0.965245
0.965744
0.9662
0.966615
0.966994
0.96734
0.967657
0.967946
0.968211
0.968453
0.968674
0.968877
0.969063
0.969234
0.969391
0.969535
0.97021
0.970877
0.971416
0.971843
0.972173
0.972417
0.972584
0.972681
0.972714
0.972686
0.972599
0.972455
0.972253
0.972529
0.972775
0.972994
0.97319
0.973365
0.973521
0.973659
0.973299
0.972919
0.972521
0.972109
0.971684
0.971246
0.970794
0.971279
0.971713
0.972103
0.972453
0.972766
0.973047
0.973299
0.973524
0.973725
0.973906
0.974067
0.97421
0.974339
0.974453
0.974453
0.974362
0.97427
0.97418
0.974315
0.974435
0.974543
0.974638
0.974723
0.974799
0.974866
0.974926
0.974979
0.975025
0.974956
0.974785
0.974599
0.974399
0.974501
0.97461
0.974707
0.974793
0.97487
0.974938
0.974999
0.975053
0.975101
0.975143
0.975178
0.974981
0.974706
0.974384
0.97402
0.974196
0.974353
0.974494
0.974621
0.974733
0.974834
0.974924
0.975004
0.975075
0.975139
0.974915
0.974585
0.974213
0.973804
0.973359
0.972883
0.972558
0.972912
0.973231
0.973517
0.973775
0.974006
0.974214
0.974401
0.974568
0.974718
0.974853
0.974974
0.975082
0.97518
0.975267
0.975344
0.975414
0.975476
0.975532
0.975582
0.975626
0.975666
0.975701
0.975733
0.975761
0.975785
0.975808
0.975827
0.975844
0.97586
0.975873
0.975885
0.975896
0.975905
0.975913
0.97592
0.975926
0.975932
0.975936
0.97594
0.975944
0.975947
0.975949
0.975951
0.975953
0.975954
0.975955
0.975956
0.975957
0.975958
0.975958
0.975958
0.975958
0.975959
0.975958
0.975958
0.975958
0.975958
0.975957
0.975957
0.975957
0.975956
0.975956
0.97594
0.975832
0.975638
0.975391
0.975465
0.975531
0.975591
0.975644
0.975691
0.975733
0.975771
0.975805
0.975836
0.975596
0.97529
0.974923
0.974502
0.974032
0.973516
0.973789
0.974036
0.974257
0.974457
0.974637
0.974799
0.974945
0.975076
0.975194
0.975301
0.975396
0.975482
0.97556
0.975629
0.975692
0.975748
0.975798
0.975843
0.975884
0.975921
0.975953
0.975983
0.976009
0.976033
0.976054
0.976073
0.97609
0.976105
0.976119
0.976131
0.976142
0.976151
0.97616
0.976168
0.976175
0.976181
0.976186
0.976191
0.976195
0.976199
0.976202
0.976205
0.976208
0.97621
0.976212
0.976214
0.976216
0.976217
0.976218
0.976219
0.97622
0.976221
0.976221
0.976222
0.976222
0.976152
0.975982
0.975724
0.975387
0.974977
0.975107
0.975224
0.97533
0.975425
0.975511
0.975589
0.975659
0.975721
0.975778
0.975829
0.975875
0.975917
0.975954
0.975987
0.97574
0.975394
0.975039
0.975163
0.975274
0.975375
0.975466
0.975548
0.975621
0.975688
0.975748
0.975802
0.975851
0.975895
0.975934
0.97597
0.976002
0.976031
0.976057
0.976081
0.976102
0.976121
0.976139
0.976154
0.976168
0.976181
0.976192
0.976202
0.976212
0.97622
0.976227
0.976234
0.97624
0.976246
0.97625
0.976255
0.976259
0.976262
0.976266
0.976268
0.976271
0.976273
0.976276
0.976277
0.976279
0.97628
0.976282
0.976283
0.976284
0.976285
0.976286
0.976287
0.976287
0.976288
0.976289
0.976289
0.97629
0.97629
0.97629
0.976291
0.976291
0.976291
0.976291
0.976292
0.976292
0.976292
0.976292
0.976292
0.976292
0.976292
0.976292
0.976293
0.976293
0.976293
0.976293
0.976293
0.976293
0.976293
0.976293
0.976293
0.976293
0.976293
0.976293
0.976293
0.976293
0.976293
0.976293
0.976293
0.976293
0.976293
0.976293
0.976293
0.976293
0.976293
0.976293
0.976293
0.976293
0.976293
0.976293
0.976293
0.976293
0.976293
0.976293
0.976293
0.976293
0.976293
0.976293
0.976293
0.976293
0.976293
0.976293
0.976293
0.976293
0.976293
0.976293
0.976293
0.976293
0.976293
0.976293
0.976293
0.976293
0.976293
0.976293
0.976293
0.976293
0.976293
0.976293
0.976293
0.976293
0.976293
0.976293
0.976293
0.976293
0.976293
0.976293
0.976293
0.976293
0.976293
0.976293
0.976293
0.976293
0.976293
0.976293
0.976293
0.976293
0.976293
0.976293
0.976293
0.976293
0.976293
0.976293
0.976293
0.976293
0.976293
0.976293
0.976293
0.976293
0.976292
0.976219
0.97604
0.975765
0.975404
0.974964
0.97509
0.975204
0.975307
0.9754
0.975484
0.97556
0.975629
0.975691
0.975747
0.975798
0.975844
0.975886
0.975923
0.975957
0.975988
0.976016
0.976041
0.976063
0.976084
0.976102
0.976119
0.976135
0.975976
0.975681
0.975304
0.974851
0.974328
0.973742
0.973093
0.972384
0.971616
0.970829
0.971292
0.971711
0.972091
0.972435
0.972747
0.972184
0.971531
0.970838
0.970106
0.969335
0.968526
0.967677
0.966785
0.965849
0.964863
0.963824
0.962727
0.961566
0.962654
0.963642
0.964538
0.965352
0.966091
0.966763
0.966038
0.965271
0.964464
0.963614
0.962722
0.961784
0.960799
0.959762
0.958671
0.95752
0.956304
0.955018
0.953656
0.952212
0.95068
0.949051
0.947319
0.948949
0.950433
0.951785
0.953017
0.95414
0.955163
0.956046
0.955236
0.95436
0.953419
0.952411
0.951335
0.950188
0.948969
0.947672
0.946296
0.944834
0.943283
0.941636
0.939889
0.938034
0.936067
0.933979
0.931806
0.933651
0.935336
0.936875
0.938283
0.939569
0.938737
0.937812
0.936795
0.935684
0.934479
0.933176
0.931773
0.933361
0.934813
0.936141
0.937357
0.938471
0.939492
0.940427
0.939725
0.938688
0.93755
0.936312
0.934973
0.933531
0.931985
0.930331
0.928566
0.926687
0.92469
0.922568
0.920319
0.917935
0.915412
0.912743
0.909921
0.906941
0.903794
0.905797
0.907634
0.907374
0.906474
0.905439
0.904269
0.902963
0.901519
0.899934
0.898207
0.896333
0.894309
0.892131
0.890287
0.892469
0.894471
0.893715
0.892808
0.891751
0.890543
0.889183
0.887669
0.885998
0.88417
0.882179
0.880024
0.8777
0.875203
0.87253
0.869674
0.870273
0.872568
0.874678
0.876618
0.878403
0.880047
0.879067
0.87792
0.876608
0.875129
0.873484
0.871671
0.869689
0.867534
0.865204
0.862697
0.860008
0.857134
0.85407
0.856281
0.858316
0.860192
0.861921
0.863515
0.864987
0.866346
0.865194
0.863861
0.862348
0.860655
0.858782
0.856728
0.854492
0.852072
0.849465
0.846669
0.844268
0.846205
0.847991
0.84964
0.851163
0.852571
0.851396
0.850028
0.848468
0.846718
0.844777
0.842645
0.840319
0.837799
0.835082
0.833834
0.835713
0.837448
0.839052
0.840535
0.841907
0.843177
0.844354
0.845445
0.846457
0.847396
0.848268
0.849079
0.849833
0.850534
0.851187
0.851795
0.852362
0.852891
0.853385
0.853845
0.854276
0.854679
0.855055
0.855408
0.855738
0.854259
0.852554
0.850628
0.848486
0.846133
0.843571
0.84438
0.845133
0.845833
0.846486
0.847094
0.845624
0.843938
0.84204
0.839933
0.837619
0.835099
0.832456
0.833604
0.834668
0.835657
0.836575
0.837429
0.838223
0.838963
0.837499
0.835818
0.833925
0.831821
0.829508
0.826986
0.824257
0.821319
0.818172
0.818261
0.819627
0.820894
0.822069
0.823161
0.824175
0.825117
0.825994
0.82681
0.82757
0.826154
0.824442
0.822511
0.820361
0.817995
0.815415
0.812619
0.809608
0.810969
0.812233
0.813406
0.814496
0.81308
0.811441
0.809579
0.807496
0.805194
0.802673
0.799932
0.79697
0.793787
0.79548
0.797048
0.798504
0.799171
0.797776
0.79615
0.794295
0.792213
0.789904
0.787367
0.784603
0.781609
0.778384
0.774928
0.771236
0.767307
0.763138
0.758725
0.754066
0.749156
0.743993
0.738571
0.732886
0.726935
0.720713
0.714215
0.707438
0.700376
0.693026
0.685382
0.67744
0.669197
0.660647
0.651787
-0.642612
-0.633118
-0.623303
-0.613161
-0.60269
-0.591888
-0.58075
-0.569274
-0.557457
-0.545299
-0.532796
-0.519949
-0.506754
-0.493213
-0.479323
-0.465085
-0.4505
-0.435569
-0.420292
-0.404671
-0.388709
-0.372408
-0.35577
-0.3388
-0.321502
-0.30388
-0.285939
-0.267684
-0.249122
-0.23026
-0.211104
-0.191662
-0.171943
-0.151954
-0.131706
-0.111208
-0.090471
-0.069505
-0.048323
-0.026935
-0.005356
0.016404
0.038329
0.060405
0.058152
0.056006
0.053961
0.052014
0.05016
0.048395
0.046715
0.045117
0.043596
0.042149
0.040773
0.039464
0.038218
0.037035
0.035909
0.034838
0.033821
0.032853
0.031933
0.031059
0.030228
0.029438
0.028687
0.027974
0.027295
0.026651
0.026039
0.025457
0.024903
0.024378
0.023878
0.023403
0.022953
0.022524
0.022117
0.02173
0.021363
0.021014
0.020682
0.020367
0.020067
0.019782
0.019512
0.019255
0.019011
0.01878
0.018559
0.01835
0.018151
0.017962
0.017783
0.016549
0.01532
0.013938
0.01252
0.010684
0.00861
0.006661
0.006893
0.007113
0.007322
0.007521
0.00771
0.007889
0.008059
0.008221
0.008375
0.008521
0.00866
0.008792
0.006077
0.003004
-0.000427
-0.004214
-0.008354
-0.007723
-0.007124
-0.006555
-0.006014
-0.0055
-0.005011
-0.004548
-0.004107
-0.003688
-0.00329
-0.002912
-0.002553
-0.002212
-0.001888
-0.00158
-0.001288
-0.00101
-0.000746
-0.000495
-0.000257
-0.000031
0.000185
0.000389
0.000583
0.000767
0.000943
0.001109
0.001267
0.001418
0.00156
0.001696
0.001825
0.001947
0.002063
0.002174
0.002278
0.002378
0.002473
0.002563
0.002649
0.00273
0.002807
0.002881
0.00295
0.003017
0.00308
0.00314
0.003196
0.00325
0.003301
0.00335
0.003396
0.00344
0.003482
0.003522
0.00356
0.003596
0.00363
0.003663
0.003694
0.003723
0.003751
0.003777
0.003802
0.003826
0.003849
0.00387
0.003891
0.00391
0.003929
0.003947
0.003963
0.003979
0.003994
0.004009
0.004023
0.004036
0.004048
0.00406
0.004071
0.004082
0.004092
0.004101
0.00411
0.004119
0.004127
0.004135
0.004142
0.00415
0.004157
0.004163
0.004169
0.004175
0.00418
0.004186
0.004068
0.003933
0.003754
0.003585
0.00345
0.003322
0.0032
0.003085
0.002975
0.002871
0.002772
0.002678
0.002588
0.002503
0.002422
0.002346
0.002273
0.002251
0.002353
0.00245
0.002542
0.00263
0.002713
0.002792
0.002867
0.002938
0.003006
0.003071
0.003132
0.00319
0.003245
0.003297
0.003347
0.003395
0.00344
0.003482
0.003523
0.003562
0.003599
0.003634
0.003667
0.003698
0.003728
0.003756
0.003783
0.003809
0.003834
0.003857
0.003879
0.0039
0.003919
0.003938
0.003957
0.003973
0.00399
0.004005
0.00402
0.004034
0.004047
0.00406
0.004072
0.004083
0.004094
0.004105
0.004115
0.004124
0.004133
0.004141
0.004149
0.004157
0.004164
0.004171
0.004178
0.004184
0.00419
0.004195
0.004201
0.004206
0.004211
0.004215
0.00422
0.004224
0.004228
0.004232
0.004236
0.004239
0.004243
0.004246
0.004249
0.004252
0.001416
-0.001772
-0.005312
-0.009202
-0.01344
-0.018025
-0.022954
-0.028225
-0.033835
-0.039781
-0.046061
-0.052671
-0.059608
-0.057497
-0.055366
-0.052901
-0.049946
-0.046961
-0.044362
-0.047157
-0.050312
-0.053828
-0.057701
-0.06193
-0.066511
-0.071442
-0.076719
-0.082341
-0.088302
-0.0946
-0.101232
-0.108192
-0.115478
-0.123085
-0.131009
-0.139245
-0.147788
-0.156634
-0.165777
-0.175213
-0.184936
-0.194939
-0.205217
-0.215764
-0.226574
-0.237639
-0.248952
-0.260507
-0.272296
-0.284311
-0.296545
-0.308987
-0.321631
-0.334466
-0.347483
-0.360674
-0.374027
-0.387533
-0.40118
-0.414959
-0.428857
-0.442864
-0.456966
-0.471154
-0.485412
-0.499729
-0.514091
-0.528485
-0.542898
-0.557315
-0.571722
-0.586103
-0.600446
-0.614733
-0.62895
-0.643081
-0.657111
-0.671023
-0.684802
-0.69843
0.711891
0.725169
0.738246
0.751106
0.763731
0.776105
0.776376
0.776552
0.776647
0.776671
0.776634
0.776545
0.776412
0.776243
0.776042
0.775815
0.775568
0.775304
0.775028
0.774696
0.774015
0.772494
0.770564
0.768247
0.765561
0.762525
0.759596
0.755943
0.751975
0.750424
0.748875
0.747337
0.745815
0.744314
0.74284
0.74127
0.739354
0.737167
0.734714
0.731997
0.729019
0.72578
0.722283
0.718526
0.714511
0.710236
0.70794
0.708062
0.708872
0.710282
0.711597
0.712824
0.71397
0.715039
0.716039
0.716974
0.717849
0.718667
0.719434
0.720152
0.720825
0.721457
0.72205
0.722606
0.723129
0.72362
0.724081
0.724515
0.724923
0.725308
0.72567
0.72601
0.726332
0.726634
0.72692
0.727189
0.727443
0.727682
0.727909
0.728122
0.728324
0.728515
0.728695
0.728865
0.729026
0.729178
0.729322
0.729458
0.729587
0.729709
0.729825
0.729934
0.730038
0.730136
0.730229
0.730317
0.7304
0.729969
0.728808
0.726599
0.724089
0.721285
0.718194
0.714821
0.711169
0.707243
0.703044
0.698573
0.693833
0.688824
0.683545
0.677995
0.672175
0.666082
-0.659715
-0.653072
-0.646149
-0.638946
-0.63146
-0.623687
-0.615624
-0.60727
-0.598621
-0.589673
-0.581039
-0.583225
-0.585264
-0.587167
-0.588945
-0.590607
-0.592162
-0.593616
-0.594976
-0.596251
-0.597445
-0.598565
-0.599615
-0.6006
-0.601525
-0.602394
-0.60321
-0.603977
-0.604698
-0.605377
-0.606016
-0.606617
-0.607183
-0.607716
-0.608219
-0.608693
-0.60914
-0.609562
-0.60996
-0.610335
-0.61069
-0.611024
-0.611341
-0.61164
-0.611922
-0.612189
-0.612442
-0.612681
-0.612907
-0.61312
-0.613323
-0.613514
-0.613695
-0.613867
-0.61403
-0.614183
-0.614329
-0.614467
-0.614598
-0.614722
-0.614839
-0.614951
-0.615056
-0.615156
-0.615251
-0.615341
-0.615426
-0.615507
-0.615584
-0.615656
-0.615726
-0.615791
-0.615853
-0.615912
-0.615968
-0.616021
-0.616071
-0.616119
-0.616164
-0.616207
-0.616248
-0.616287
-0.616323
-0.616358
-0.616391
-0.616423
-0.616453
-0.616481
-0.616508
-0.616533
-0.616557
-0.61658
-0.616602
-0.616623
-0.616642
-0.616661
-0.616678
-0.616695
-0.616711
-0.616726
-0.616741
-0.616754
-0.616767
-0.618951
-0.621336
-0.623929
-0.626736
-0.62976
-0.633002
-0.636465
-0.640148
-0.644049
-0.648169
-0.652502
-0.657047
-0.656552
-0.656067
-0.655592
-0.655129
-0.654677
-0.654239
-0.653813
-0.653401
-0.653002
-0.654283
-0.655827
-0.657632
-0.6597
-0.662028
-0.664613
-0.667453
-0.670544
-0.67388
-0.677458
-0.681272
-0.685315
-0.689581
-0.694064
-0.698755
-0.703648
0.708733
0.714004
0.71945
0.725062
0.730832
0.73675
0.742804
0.748985
0.755284
0.761687
0.768184
0.774765
0.781416
0.786923
0.790649
0.790719
0.790726
0.79068
0.790588
0.790457
0.790293
0.790102
0.789889
0.789657
0.789411
0.789154
0.788889
0.788618
0.788343
0.788067
0.787633
0.787124
0.78648
0.78578
0.78505
0.783708
0.78178
0.779521
0.776944
0.774061
0.770883
0.767417
0.763671
0.760567
0.76098
0.761368
0.761734
0.762077
0.762401
0.762705
0.762992
0.761191
0.759109
0.756753
0.754128
0.751238
0.748087
0.744678
0.741013
0.737093
0.738076
0.739019
0.739878
0.740774
0.741611
0.742395
0.743128
0.743815
0.742076
0.740065
0.737785
0.73524
0.732433
0.729366
0.72604
0.722455
0.718612
0.714511
0.710151
0.705529
0.707176
0.708709
0.710137
0.711469
0.712711
0.713871
0.714954
0.715966
0.714484
0.712555
0.710351
0.707874
0.705126
0.702108
0.698821
0.695266
0.691443
0.68735
0.682987
0.678353
0.673446
0.668265
0.662807
0.657071
-0.651053
-0.64475
-0.638162
-0.631283
-0.624112
-0.616646
-0.608987
-0.601491
-0.594761
-0.596102
-0.59842
-0.60058
-0.602595
-0.604475
-0.60623
-0.60787
-0.609403
-0.610836
-0.612178
-0.613433
-0.614609
-0.615711
-0.616744
-0.617713
-0.618622
