0.0
0.0
0.0
0.0
0.0
0.0
0.0
0.0
0.0
0.0
0.0
0.0
0.0
-0.007713
-0.01504
-0.021999
-0.028608
-0.034884
-0.040844
-0.046503
-0.051876
-0.056978
-0.061822
-0.066422
-0.070788
-0.074934
-0.0712
-0.067651
-0.064278
-0.068753
-0.073002
-0.077036
-0.080866
-0.084502
-0.087954
-0.091231
-0.094343
-0.097298
-0.100103
-0.102766
-0.105295
-0.107696
-0.109976
-0.112141
-0.114197
-0.116149
-0.118002
-0.119762
-0.121434
-0.123021
-0.124528
-0.125959
-0.127318
-0.128609
-0.129835
-0.130999
-0.132105
-0.133155
-0.134152
-0.135099
-0.135998
-0.136853
-0.137664
-0.138435
-0.139167
-0.139862
-0.140522
-0.14115
-0.141745
-0.142311
-0.142849
-0.143359
-0.143844
-0.144305
-0.144743
-0.145158
-0.145553
-0.145928
-0.146284
-0.146622
-0.146944
-0.147249
-0.147539
-0.147815
-0.148076
-0.148325
-0.148561
-0.148785
-0.148998
-0.149201
-0.149393
-0.149576
-0.149749
-0.149914
-0.150071
-0.15022
-0.150361
-0.150495
-0.150623
-0.150744
-0.150859
-0.150968
-0.151072
-0.151171
-0.151264
-0.151353
-0.151438
-0.151518
-0.151595
-0.151667
-0.151736
-0.151801
-0.151864
-0.151923
-0.151979
-0.152032
-0.152083
-0.152131
-0.152176
-0.15222
-0.152261
-0.1523
-0.152337
-0.152373
-0.152406
-0.152438
-0.152469
-0.152497
-0.152525
-0.152551
-0.152575
-0.152599
-0.152621
-0.152642
-0.152662
-0.152682
-0.1527
-0.152717
-0.152733
-0.152749
-0.152764
-0.152778
-0.145172
-0.13784
-0.130756
-0.123898
-0.117245
-0.110777
-0.104477
-0.106815
-0.109035
-0.111144
-0.113146
-0.115047
-0.116852
-0.118566
-0.120194
-0.12174
-0.123208
-0.124602
-0.125926
-0.127183
-0.128377
-0.129511
-0.130589
-0.131611
-0.132583
-0.133506
-0.134382
-0.135215
-0.136005
-0.136756
-0.137469
-0.138146
-0.13879
-0.139401
-0.139982
-0.140533
-0.141056
-0.141554
-0.142026
-0.142475
-0.142901
-0.143307
-0.143691
-0.144057
-0.144404
-0.144733
-0.145047
-0.145344
-0.145627
-0.145895
-0.14615
-0.146392
-0.146623
-0.146841
-0.147049
-0.147246
-0.147434
-0.147611
-0.14778
-0.147941
-0.148094
-0.148239
-0.148376
-0.148507
-0.148631
-0.148749
-0.148862
-0.156667
-0.16413
-0.17126
-0.178069
-0.184567
-0.190764
-0.19667
-0.202295
-0.207648
-0.212737
-0.217572
-0.222161
-0.226512
-0.230631
-0.234526
-0.238203
-0.241669
-0.24493
-0.24799
-0.250855
-0.25353
-0.256019
-0.251708
-0.247599
-0.243685
-0.239957
-0.236407
-0.233026
-0.235387
-0.238597
-0.241656
-0.244567
-0.247334
-0.24996
-0.252447
-0.254798
-0.257016
-0.259103
-0.261063
-0.262897
-0.264607
-0.266195
-0.267663
-0.269012
-0.270243
-0.271358
-0.272357
-0.273241
-0.274012
-0.274668
-0.275211
-0.27564
-0.275957
-0.276159
-0.276248
-0.276222
-0.276082
-0.275826
-0.275454
-0.274966
-0.274359
-0.273634
-0.272789
-0.271823
-0.270735
-0.269524
-0.268189
-0.266728
-0.26514
-0.263425
-0.261095
-0.258564
-0.256136
-0.253809
-0.251579
-0.249444
-0.247401
-0.245446
-0.246482
-0.247424
-0.248271
-0.24902
-0.249673
-0.250227
-0.250683
-0.251038
-0.251294
-0.251449
-0.251503
-0.251455
-0.251305
-0.251052
-0.250696
-0.250237
-0.249673
-0.249005
-0.248231
-0.247352
-0.246365
-0.244837
-0.243364
-0.241946
-0.240582
-0.239272
-0.238014
-0.236806
-0.237494
-0.238094
-0.238603
-0.23902
-0.239343
-0.239571
-0.239701
-0.239733
-0.239665
-0.239497
-0.239227
-0.238855
-0.23838
-0.2378
-0.237116
-0.236327
-0.235409
-0.234507
-0.233633
-0.232789
-0.231974
-0.231188
-0.23043
-0.229701
-0.229
-0.228326
-0.22893
-0.229451
-0.229884
-0.230226
-0.230474
-0.230625
-0.230678
-0.23063
-0.23048
-0.230226
-0.229866
-0.229253
-0.228657
-0.22808
-0.227521
-0.22698
-0.226458
-0.225954
-0.225469
-0.225002
-0.224552
-0.22412
-0.223706
-0.223307
-0.222925
-0.222559
-0.222208
-0.221872
-0.22155
-0.221243
-0.220948
-0.220667
-0.221476
-0.222201
-0.222838
-0.22338
-0.223824
-0.223434
-0.22306
-0.2227
-0.222355
-0.222024
-0.221707
-0.221403
-0.221112
-0.220833
-0.220567
-0.220312
-0.220069
-0.219836
-0.219614
-0.219402
-0.219199
-0.219006
-0.218822
-0.218646
-0.218478
-0.218318
-0.218165
-0.21802
-0.217881
-0.217749
-0.217623
-0.217504
-0.21739
-0.217556
-0.21852
-0.219397
-0.22018
-0.220864
-0.221444
-0.221162
-0.220893
-0.220635
-0.220387
-0.220151
-0.219925
-0.219708
-0.219502
-0.219304
-0.219115
-0.218935
-0.218763
-0.218599
-0.218443
-0.218293
-0.218151
-0.218015
-0.217885
-0.217762
-0.217645
-0.217533
-0.217426
-0.217324
-0.217227
-0.217135
-0.217388
-0.21829
-0.219107
-0.219831
-0.220457
-0.220981
-0.221397
-0.221702
-0.221844
-0.221576
-0.221317
-0.221067
-0.220828
-0.220597
-0.220375
-0.220162
-0.219957
-0.219761
-0.219573
-0.219393
-0.219221
-0.219056
-0.218898
-0.218747
-0.218603
-0.218465
-0.218333
-0.218208
-0.218088
-0.217973
-0.217864
-0.217759
-0.21766
-0.217565
-0.217474
-0.217388
-0.217306
-0.217228
-0.217153
-0.217082
-0.217014
-0.21695
-0.216888
-0.21683
-0.215906
-0.214977
-0.214032
-0.213059
-0.212049
-0.210991
-0.209879
-0.208705
-0.207463
-0.207879
-0.208271
-0.208642
-0.208992
-0.209323
-0.209636
-0.209931
-0.210211
-0.209214
-0.208204
-0.207168
-0.206097
-0.204985
-0.203822
-0.202781
-0.203437
-0.204056
-0.20464
-0.20519
-0.20571
-0.206201
-0.206665
-0.207103
-0.207517
-0.207908
-0.208277
-0.208627
-0.208958
-0.20927
-0.209566
-0.209846
-0.210111
-0.210362
-0.210599
-0.210824
-0.211037
-0.211238
-0.21143
-0.211611
-0.211782
-0.211945
-0.212099
-0.212245
-0.212383
-0.212514
-0.212639
-0.212757
-0.212869
-0.212975
-0.213075
-0.213171
-0.213261
-0.213347
-0.213429
-0.213506
-0.213579
-0.213649
-0.213715
-0.213778
-0.213837
-0.213894
-0.213947
-0.213999
-0.214047
-0.214093
-0.214136
-0.214177
-0.214217
-0.214254
-0.214289
-0.214323
-0.214355
-0.214385
-0.214414
-0.214441
-0.214467
-0.214492
-0.214515
-0.214537
-0.214558
-0.214578
-0.214598
-0.214616
-0.214633
-0.214649
-0.214664
-0.214679
-0.214693
-0.214706
-0.214719
-0.214731
-0.214742
-0.214753
-0.214763
-0.214773
-0.214782
-0.214791
-0.214799
-0.214807
-0.214815
-0.214822
-0.214828
-0.214835
-0.214841
-0.214847
-0.216092
-0.217245
-0.218297
-0.219243
-0.220077
-0.220796
-0.221395
-0.221871
-0.222221
-0.222444
-0.222536
-0.222497
-0.222325
-0.222019
-0.221579
-0.221003
-0.220292
-0.219444
-0.21846
-0.21734
-0.216083
-0.21469
-0.213161
-0.211496
-0.209695
-0.207759
-0.205688
-0.203482
-0.201141
-0.198667
-0.196059
-0.193318
-0.194558
-0.195722
-0.196815
-0.197842
-0.198807
-0.199714
-0.200568
-0.201371
-0.202127
-0.202839
-0.203509
-0.204141
-0.204737
-0.205298
-0.205827
-0.206327
-0.206798
-0.207243
-0.207663
-0.209385
-0.211
-0.2125
-0.213877
-0.215128
-0.216245
-0.217226
-0.218066
-0.218763
-0.219314
-0.219718
-0.219972
-0.219789
-0.219612
-0.219443
-0.21928
-0.219124
-0.218974
-0.21883
-0.218693
-0.218561
-0.218435
-0.218314
-0.218199
-0.218089
-0.217983
-0.217883
-0.218466
-0.218979
-0.219412
-0.21976
-0.220018
-0.22018
-0.220241
-0.220199
-0.220049
-0.220213
-0.220068
-0.219924
-0.219782
-0.219643
-0.219507
-0.219374
-0.219244
-0.219118
-0.218995
-0.218875
-0.21876
-0.218648
-0.21854
-0.218436
-0.218707
-0.218941
-0.219104
-0.21919
-0.219193
-0.219109
-0.219013
-0.218917
-0.218822
-0.218728
-0.218635
-0.218544
-0.218701
-0.218864
-0.219009
-0.219138
-0.219251
-0.219352
-0.21939
-0.219362
-0.219261
-0.219084
-0.218825
-0.218792
-0.218751
-0.218704
-0.218652
-0.218595
-0.218536
-0.218475
-0.218411
-0.218346
-0.218281
-0.218215
-0.21815
-0.218085
-0.21802
-0.217956
-0.217894
-0.217833
-0.21776
-0.217458
-0.217131
-0.216766
-0.216354
-0.215884
-0.215348
-0.214738
-0.214048
-0.213271
-0.213424
-0.213568
-0.213705
-0.213833
-0.213954
-0.214069
-0.214177
-0.214278
-0.214375
-0.214466
-0.214552
-0.214633
-0.21471
-0.214783
-0.214851
-0.214917
-0.214978
-0.215036
-0.215092
-0.215144
-0.215193
-0.21524
-0.215284
-0.215326
-0.215366
-0.215404
-0.21544
-0.215474
-0.215506
-0.215536
-0.215565
-0.215592
-0.215618
-0.215643
-0.215666
-0.215688
-0.215709
-0.215729
-0.215748
-0.215766
-0.215783
-0.215168
-0.214532
-0.213865
-0.213157
-0.212399
-0.211583
-0.210701
-0.209749
-0.208719
-0.207923
-0.208353
-0.208758
-0.209139
-0.209499
-0.209837
-0.210156
-0.210456
-0.21074
-0.211007
-0.21126
-0.211021
-0.210222
-0.209394
-0.20853
-0.207619
-0.206655
-0.205632
-0.204543
-0.203383
-0.204042
-0.204663
-0.205248
-0.205798
-0.206317
-0.206806
-0.207267
-0.207702
-0.208112
-0.208499
-0.208865
-0.20921
-0.209058
-0.208128
-0.207174
-0.206186
-0.205157
-0.204078
-0.202944
-0.201747
-0.200482
-0.199145
-0.197731
-0.196236
-0.194656
-0.192988
-0.191229
-0.189376
-0.187428
-0.188836
-0.190164
-0.191417
-0.1926
-0.193716
-0.194769
-0.195764
-0.196704
-0.197591
-0.19843
-0.199223
-0.199973
-0.200682
-0.201352
-0.201986
-0.202586
-0.203154
-0.203691
-0.2042
-0.204681
-0.205137
-0.205569
-0.205978
-0.206365
-0.206732
-0.20708
-0.20741
-0.207722
-0.208018
-0.208299
-0.208565
-0.208817
-0.209056
-0.209283
-0.209498
-0.209702
-0.209896
-0.21008
-0.210254
-0.210419
-0.210576
-0.210725
-0.210866
-0.211
-0.211127
-0.211248
-0.211362
-0.211471
-0.211574
-0.211672
-0.211765
-0.211853
-0.211937
-0.212017
-0.212092
-0.212164
-0.212232
-0.212297
-0.212358
-0.212416
-0.212471
-0.212524
-0.212574
-0.212621
-0.212666
-0.212709
-0.21275
-0.212788
-0.21458
-0.216257
-0.217813
-0.219245
-0.220547
-0.221716
-0.22275
-0.223646
-0.223195
-0.222763
-0.22235
-0.221956
-0.22158
-0.221221
-0.222068
-0.223074
-0.223983
-0.224789
-0.22549
-0.226081
-0.22656
-0.226924
-0.227171
-0.227298
-0.227305
-0.22719
-0.226952
-0.22659
-0.226124
-0.225672
-0.225234
-0.224811
-0.224401
-0.224006
-0.223625
-0.223257
-0.222904
-0.223393
-0.223806
-0.224137
-0.224381
-0.224534
-0.224594
-0.224556
-0.224418
-0.224178
-0.223833
-0.223382
-0.222823
-0.222154
-0.221374
-0.221235
-0.221091
-0.220944
-0.220794
-0.220643
-0.220491
-0.22034
-0.220441
-0.220473
-0.220431
-0.220311
-0.220109
-0.219822
-0.219445
-0.218976
-0.218413
-0.217754
-0.216996
-0.21709
-0.217166
-0.217228
-0.217277
-0.217315
-0.217343
-0.217362
-0.217374
-0.217379
-0.217333
-0.217223
-0.217046
-0.216796
-0.21647
-0.216062
-0.215569
-0.215703
-0.215822
-0.215927
-0.216019
-0.216101
-0.216172
-0.216234
-0.216289
-0.216336
-0.216377
-0.216413
-0.216443
-0.216469
-0.216491
-0.21651
-0.216547
-0.216603
-0.216617
-0.216582
-0.216576
-0.21657
-0.216563
-0.216558
-0.216552
-0.216546
-0.216541
-0.216536
-0.216531
-0.216526
-0.216521
-0.216517
-0.216513
-0.216509
-0.216505
-0.216501
-0.216497
-0.216494
-0.216491
-0.216488
-0.216485
-0.216482
-0.216479
-0.216476
-0.216474
-0.216471
-0.216469
-0.216467
-0.216465
-0.216463
-0.216461
-0.216459
-0.216457
-0.216456
-0.216454
-0.216453
-0.216451
-0.21645
-0.216449
-0.216447
-0.216446
-0.216445
-0.216444
-0.216443
-0.216442
-0.216441
-0.216345
-0.216182
-0.215972
-0.215708
-0.21538
-0.215442
-0.2155
-0.215554
-0.215604
-0.215651
-0.215695
-0.215736
-0.215775
-0.215811
-0.215845
-0.215877
-0.215922
-0.216188
-0.216402
-0.216555
-0.216636
-0.216627
-0.216619
-0.216611
-0.216603
-0.216595
-0.216588
-0.216581
-0.216574
-0.216567
-0.21656
-0.216554
-0.216548
-0.216542
-0.216537
-0.216532
-0.216526
-0.216521
-0.216517
-0.216512
-0.216508
-0.216504
-0.2165
-0.216496
-0.216492
-0.216489
-0.216486
-0.216483
-0.216479
-0.216477
-0.216474
-0.216471
-0.216469
-0.216466
-0.216464
-0.216481
-0.216584
-0.216637
-0.21663
-0.216555
-0.216406
-0.216422
-0.216436
-0.216448
-0.216458
-0.216466
-0.216473
-0.216479
-0.216484
-0.216488
-0.21644
-0.216344
-0.216192
-0.215975
-0.215688
-0.215323
-0.214876
-0.214341
-0.213714
-0.212992
-0.213221
-0.213433
-0.213629
-0.213811
-0.213979
-0.214135
-0.214442
-0.214884
-0.215309
-0.21501
-0.214669
-0.214277
-0.213827
-0.21331
-0.212722
-0.212056
-0.211309
-0.212234
-0.213062
-0.213804
-0.214467
-0.215059
-0.214613
-0.214135
-0.213616
-0.213046
-0.212419
-0.211726
-0.210963
-0.210123
-0.209201
-0.208193
-0.207094
-0.205902
-0.204614
-0.203225
-0.201735
-0.20014
-0.198439
-0.196629
-0.194711
-0.192682
-0.190541
-0.188287
-0.185919
-0.183437
-0.180841
-0.178129
-0.175301
-0.172357
-0.169297
-0.16612
-0.162828
-0.159419
-0.155894
-0.152254
-0.148499
-0.144628
-0.140644
-0.136546
-0.132334
-0.128011
-0.123577
-0.119032
-0.114378
-0.109617
-0.104748
-0.099775
-0.094698
-0.089519
-0.08424
-0.078863
-0.073389
-0.067821
-0.079698
-0.090947
-0.101601
-0.111687
-0.121235
-0.130272
-0.138825
-0.14692
-0.15458
-0.149877
-0.145305
-0.140849
-0.13649
-0.132216
-0.128011
-0.123865
-0.119764
-0.115698
-0.111657
-0.107633
-0.103617
-0.099601
-0.095579
-0.091543
-0.087489
-0.083412
-0.079305
-0.075166
-0.07099
-0.066774
-0.062514
-0.058209
-0.053855
-0.049451
-0.044995
-0.040485
-0.035921
-0.031301
-0.026625
-0.021893
-0.017103
-0.012257
-0.007355
-0.002396
0.002618
0.007687
0.012809
0.017983
0.023208
0.028483
0.033804
0.039172
0.044583
0.050035
0.055526
0.061053
0.066614
0.048622
0.031509
0.015241
-0.000219
-0.014907
-0.028856
-0.042098
-0.03592
-0.029928
-0.024106
-0.018436
-0.012905
-0.007498
-0.002203
0.002993
0.0081
0.013129
0.018089
0.022988
0.027835
0.032637
0.0374
0.04213
0.046834
0.051515
0.056179
0.060828
0.065467
0.070099
0.074726
0.079351
0.083975
0.0886
0.093227
0.097857
0.102491
0.107128
0.111769
0.116413
0.121061
0.125711
0.130361
0.135012
0.139662
0.144308
0.14895
0.153584
0.158209
0.162822
0.167422
0.156125
0.146898
0.138225
0.129975
0.124755
0.127786
0.130784
0.133753
0.136701
0.139631
0.142548
0.145456
0.14836
0.151262
0.154165
0.152679
0.155748
0.158817
0.161886
0.164958
0.168034
0.171115
0.174203
0.177296
0.180398
0.183505
0.18662
0.18974
0.192866
0.195996
0.19913
0.202266
0.205402
0.208536
0.211668
0.214794
0.217913
0.221021
0.224117
0.227198
0.222389
0.212925
0.203914
0.195337
0.187174
0.179406
0.172015
0.164985
0.158298
0.151937
0.145889
0.140138
0.134669
0.12947
0.124527
0.119828
0.115362
0.109805
0.101448
0.089029
0.075329
0.062186
0.049567
0.037445
0.025791
0.014579
0.003784
-0.006618
-0.01665
-0.024477
-0.022089
-0.01982
-0.017664
-0.015616
-0.013671
-0.011822
-0.010066
-0.008398
-0.010234
-0.019289
-0.028004
-0.0364
-0.044497
-0.052315
-0.059871
-0.067182
-0.074264
-0.081132
-0.087799
-0.094279
-0.100583
-0.106724
-0.11271
-0.118551
-0.124257
-0.129835
-0.135293
-0.140637
-0.145874
-0.151009
-0.156048
-0.160994
-0.165852
-0.170625
-0.175317
-0.171937
-0.163996
-0.156442
-0.149256
-0.142422
-0.133495
-0.116757
-0.100716
-0.085337
-0.070589
-0.05644
-0.04286
-0.02982
-0.017291
-0.005246
0.006339
0.01749
0.02823
0.03858
0.036543
0.034607
0.032768
0.031021
0.029361
0.027784
0.026285
0.024862
0.02351
0.022225
0.031311
0.04049
0.04932
0.057822
0.066015
0.073216
0.069558
0.06608
0.062777
0.059637
0.056654
0.05382
0.051127
0.048569
0.046138
0.048487
0.051048
0.053375
0.055585
0.057685
0.059785
0.061674
0.063575
0.065274
0.066665
0.067763
0.068806
0.069796
0.070738
0.077928
0.084864
0.091561
0.098036
0.104303
0.110376
0.116266
0.121986
0.120502
0.119093
0.113345
0.10788
0.102686
0.097748
0.093055
0.088595
0.084356
0.080327
0.076499
0.072861
0.069403
0.066118
0.062997
0.06003
0.057212
0.054534
0.05199
0.049572
0.047275
0.045093
0.04302
0.04105
0.039178
0.0374
0.035711
0.034106
0.032581
0.031132
0.029756
0.028448
0.027206
0.026026
0.024905
0.023782
0.022639
0.021547
0.020503
0.019359
0.01826
0.017205
0.016194
0.015227
0.014302
0.013419
0.012576
0.011772
0.011184
0.010625
0.010094
0.009715
0.009407
0.009114
0.008836
0.008571
0.00832
0.008081
0.007854
0.007638
0.007434
0.007239
0.00688
0.006539
0.006215
0.005906
0.005613
0.005156
0.004721
0.004306
0.003911
0.003535
0.003177
0.002837
0.002514
0.002206
0.001914
0.001636
0.001373
0.001122
0.000884
0.000658
0.000443
0.000239
0.000045
-0.000139
-0.000131
-0.000124
0.000064
0.000243
0.000413
0.000574
0.000727
0.000872
0.00101
0.00114
0.001264
0.001382
0.002409
0.010545
0.021136
0.031232
0.040867
0.049388
0.057539
0.065458
0.071541
0.077495
0.083582
0.08967
0.095538
0.101088
0.106694
0.112118
0.117374
0.122344
0.1273
0.132119
0.13681
0.141381
0.145838
0.15019
0.154442
0.1586
0.162669
0.166654
0.170559
0.174386
0.178008
0.173539
0.166802
0.160397
0.15431
0.148525
0.143026
0.137801
0.132836
0.128118
0.123635
0.119376
0.115329
0.111483
0.10783
0.10436
0.101062
0.09793
0.094954
0.092127
0.089442
0.08689
0.084467
0.082164
0.079977
0.0779
0.075926
0.074051
0.07227
0.070578
0.06897
0.067443
0.065993
0.064615
0.063306
0.062063
0.060882
0.05976
0.058694
0.057682
0.056719
0.055806
0.054938
0.054113
0.05159
0.040448
0.029858
0.019635
0.009205
-0.00128
-0.011266
-0.020813
-0.029964
-0.038375
-0.045072
-0.051427
-0.057458
-0.063181
-0.068611
-0.073765
-0.078656
-0.083298
-0.087703
-0.091883
-0.095851
-0.099616
-0.103191
-0.106583
-0.109803
-0.112859
-0.109655
-0.103231
-0.096152
-0.089424
-0.083031
-0.076956
-0.064797
-0.048961
-0.0338
-0.019284
-0.005382
0.007933
0.020692
0.03292
0.044645
0.05589
0.055747
0.055137
0.054558
0.055314
0.061085
0.07081
0.080141
0.0891
0.097705
0.105976
0.102958
0.10009
0.097364
0.094775
0.092314
0.089976
0.087754
0.085644
0.083638
0.081733
0.079923
0.078203
0.076569
0.075016
0.073541
0.07214
0.070809
0.069544
0.068342
0.0672
0.066116
0.075372
0.084468
0.093204
0.101597
0.109666
0.117429
0.113949
0.110641
0.107498
0.104511
0.101673
0.098975
0.096412
0.094733
0.102833
0.110619
0.118108
0.125314
0.132255
0.138943
0.145392
0.151615
0.157624
0.16343
0.169044
0.174474
0.179731
0.184823
0.189757
0.19454
0.19918
0.203682
0.208051
0.212293
0.216413
0.220413
0.224298
0.228071
0.231734
0.235291
0.238742
0.24209
0.245335
0.248479
0.251523
0.254467
0.257311
0.260055
0.262698
0.265241
0.267682
0.27002
0.272254
0.274384
0.276406
0.27832
0.280125
0.281817
0.283396
0.284858
0.286203
0.287427
0.288528
0.289503
0.290352
0.29107
0.291655
-0.292105
-0.292418
-0.29259
-0.286978
-0.28095
-0.275197
-0.26971
-0.264476
-0.259486
-0.25473
-0.250197
-0.245879
-0.241766
-0.237848
-0.234118
-0.230567
-0.227186
-0.223968
-0.220906
-0.217992
-0.215219
-0.212581
-0.210072
-0.207685
-0.205414
-0.203255
-0.20077
-0.192774
-0.191233
-0.189768
-0.188376
-0.187052
-0.185794
-0.184598
-0.183461
-0.18238
-0.181353
-0.180377
-0.179449
-0.178568
-0.17773
-0.176933
-0.176177
-0.175458
-0.174774
-0.174125
-0.173508
-0.172922
-0.172365
-0.171835
-0.171332
-0.170854
-0.1704
-0.169968
-0.169558
-0.169169
-0.168798
-0.168447
-0.168113
-0.167795
-0.167493
-0.167207
-0.166935
-0.166676
-0.16643
-0.166196
-0.165974
-0.165763
-0.165563
-0.165373
-0.159703
-0.152578
-0.145697
-0.139036
-0.132574
-0.126293
-0.128007
-0.129636
-0.131182
-0.13265
-0.134044
-0.135368
-0.136625
-0.137819
-0.138952
-0.140029
-0.141051
-0.142022
-0.142945
-0.136537
-0.130341
-0.124337
-0.118504
-0.112825
-0.107282
-0.109883
-0.112352
-0.114697
-0.116923
-0.119036
-0.121043
-0.122949
-0.117349
-0.111917
-0.106635
-0.101484
-0.096451
-0.091519
-0.086675
-0.081906
-0.077202
-0.072552
-0.067944
-0.0723
-0.076436
-0.080362
-0.084089
-0.087628
-0.090988
-0.094178
-0.097207
-0.092397
-0.087709
-0.083127
-0.078638
-0.074228
0.069886
0.074065
0.078032
0.081799
0.085376
0.088771
0.091995
0.095056
0.097962
0.100722
0.103342
0.105829
0.108191
0.110434
0.112564
0.114586
0.116506
0.118329
0.120061
0.121705
0.123266
0.124749
0.126157
0.127494
0.128764
0.12997
0.131115
0.132203
0.133236
0.134217
0.135149
0.136034
0.136875
0.137673
0.138431
0.139151
0.139835
0.140485
0.141102
0.141688
0.142245
0.142774
0.143276
0.143753
0.144207
0.144637
0.145046
0.145434
0.145803
0.146154
0.146487
0.146803
0.147103
0.147389
0.14766
0.147917
0.148162
0.148394
0.148615
0.148825
0.149024
0.149213
0.149393
0.149563
0.149726
0.14988
0.150026
0.150165
0.150297
0.150422
0.150542
0.150655
0.150762
0.150865
0.150962
0.151054
0.151142
0.151225
0.151304
0.151379
0.15145
0.151518
0.151582
0.151644
0.151702
0.151757
0.151809
0.151859
0.151906
0.151951
0.151994
0.152035
0.152073
0.15211
0.152145
0.152178
0.152209
0.152239
0.152267
0.152294
0.15232
0.154711
0.162237
-0.169429
-0.1763
-0.182858
-0.189114
-0.187371
-0.185713
-0.184138
-0.18264
-0.181216
-0.179863
-0.178577
-0.177355
-0.176193
-0.175089
-0.174039
-0.173042
-0.172094
-0.171193
-0.170337
-0.175218
-0.181687
-0.187868
-0.193771
-0.199403
-0.204773
-0.20233
-0.200006
-0.197796
-0.195695
-0.193697
-0.191797
-0.189991
-0.195636
-0.201033
-0.206188
-0.21111
-0.215806
-0.220281
-0.224543
-0.228598
-0.232451
-0.23611
-0.23958
-0.242865
-0.24597
-0.248901
-0.251661
-0.254255
-0.256687
-0.258959
-0.261075
-0.263038
-0.26485
-0.266514
-0.268032
-0.269406
-0.270637
-0.271727
-0.272678
-0.273489
-0.274162
-0.274697
-0.275096
-0.275357
-0.275482
-0.275471
-0.275323
-0.275037
-0.274615
-0.270725
-0.267007
-0.263453
-0.260059
-0.256818
-0.253724
-0.250772
-0.247956
-0.24527
-0.242709
-0.240268
-0.237941
-0.235724
-0.233612
-0.2316
-0.229684
-0.227471
-0.224872
-0.223279
-0.221762
-0.220319
-0.218945
-0.217639
-0.216395
-0.215213
-0.214088
-0.213018
-0.212
-0.211032
-0.205277
-0.199725
-0.194353
-0.189139
-0.184066
-0.179114
-0.174267
-0.169511
-0.164829
-0.16021
-0.155642
-0.151113
-0.146612
-0.142132
-0.137662
-0.133195
-0.128725
-0.124243
-0.119746
-0.115226
-0.110679
-0.106101
-0.101487
-0.096835
-0.092141
-0.087402
-0.082617
-0.077782
-0.072896
-0.067957
-0.062965
-0.057918
-0.052817
-0.047659
-0.042446
-0.037177
-0.031852
-0.026472
0.021038
0.024133
0.030489
0.036524
0.042256
0.047698
0.052866
0.057773
0.062432
0.066856
0.071056
0.075044
0.075324
0.074069
0.072828
0.074553
0.078355
0.081964
0.085391
0.088645
0.091734
0.094667
0.097452
0.100097
0.094732
0.089519
0.084439
0.079478
0.074621
0.069855
0.065166
0.060543
0.055976
0.051455
0.046971
0.042515
0.038079
0.033658
0.029244
0.024832
0.020417
0.015993
0.011557
0.007104
0.002632
-0.001863
-0.006382
-0.01093
-0.015506
-0.020113
-0.024752
-0.029425
-0.03413
-0.03887
-0.043645
-0.048453
-0.053295
-0.05817
-0.063078
-0.068017
-0.072987
-0.077985
-0.08301
-0.08806
-0.093134
-0.09823
-0.103344
-0.108474
-0.113619
-0.118775
-0.123938
-0.129107
-0.134277
-0.139446
-0.144609
-0.149764
-0.154906
-0.160032
-0.165137
-0.170217
-0.175269
-0.180287
-0.185268
-0.190206
-0.195098
-0.199938
-0.204723
-0.209446
-0.214103
-0.218689
-0.223199
-0.227628
-0.231971
-0.236223
-0.240378
-0.244431
-0.248378
-0.252213
-0.25593
-0.246274
-0.236942
-0.228054
-0.219591
-0.211533
-0.203864
-0.196564
-0.189619
-0.183011
-0.176724
-0.170744
-0.165057
-0.159649
-0.154506
-0.149615
-0.144966
-0.140545
-0.136343
-0.132348
-0.12855
-0.124941
-0.12151
-0.118249
-0.11515
-0.112205
-0.109406
-0.106746
-0.104219
-0.101816
-0.100703
-0.108824
-0.116627
-0.124129
-0.131344
-0.138289
-0.144977
-0.151421
-0.157634
-0.163628
-0.169413
-0.175001
-0.1804
-0.18562
-0.190668
-0.195554
-0.200283
-0.204863
-0.2093
-0.213598
-0.217763
-0.2218
-0.225712
-0.229503
-0.233176
-0.236734
-0.229302
-0.222227
-0.215491
-0.209081
-0.20298
-0.197176
-0.191654
-0.186401
-0.181404
-0.176652
-0.172133
-0.167836
-0.163749
-0.159864
-0.156171
-0.152659
-0.149321
-0.146147
-0.143131
-0.143398
-0.150326
-0.156981
-0.163376
-0.169524
-0.175437
-0.181124
-0.186597
-0.191866
-0.196939
-0.201826
-0.206535
-0.211072
-0.215446
-0.209466
-0.203774
-0.19836
-0.193208
-0.188308
-0.183647
-0.179214
-0.174999
-0.17099
-0.176712
-0.182215
-0.187509
-0.192603
-0.197507
-0.20223
-0.206779
-0.211162
-0.215387
-0.21946
-0.213531
-0.20789
-0.202521
-0.197414
-0.192555
-0.187934
-0.183538
-0.179358
-0.175383
-0.171603
-0.168009
-0.164592
-0.161343
-0.158255
-0.155319
-0.152528
-0.149875
-0.147354
-0.144957
-0.14268
-0.140515
-0.138457
-0.136502
-0.134644
-0.132878
-0.1312
-0.121682
-0.110949
-0.100627
-0.090691
-0.081111
-0.071865
-0.062927
-0.054277
-0.045893
-0.037755
-0.029846
-0.022148
-0.014646
-0.007325
-0.00017
0.00683
0.013687
0.020413
0.027017
0.033509
0.039896
0.046188
0.05239
0.05851
0.064553
0.070524
0.076428
0.082269
0.088051
0.093777
0.09945
0.105071
0.110644
0.116169
0.121648
0.127081
0.132469
0.137813
0.143111
0.148365
0.153572
0.158732
0.163844
0.168907
0.173919
0.178878
0.183782
0.188628
0.193416
0.19814
0.188651
0.17962
0.171025
0.162847
0.155067
0.147667
0.140629
0.143128
0.147039
0.150862
0.154604
0.158272
0.161872
0.165411
0.168894
0.172326
0.175712
0.179055
0.18236
0.185629
0.188866
0.192072
0.195251
0.198404
0.201531
0.204636
0.207717
0.210776
0.213813
0.216828
0.21982
0.22279
0.213613
0.204877
0.196561
0.188646
0.181115
0.17395
0.167134
0.160651
0.154485
0.148622
0.143046
0.137744
0.122194
0.107287
0.092991
0.079271
0.066099
0.053443
0.041276
0.029569
0.018297
0.007436
0.016306
0.026049
0.035347
0.044213
0.051184
0.057846
0.064201
0.070254
0.076014
0.081487
0.086683
0.091613
0.096287
0.100715
0.106435
0.101135
0.096432
0.093149
0.090024
0.087051
0.084223
0.081533
0.078977
0.076548
0.08496
0.092933
0.100491
0.107596
0.114063
0.119404
0.124182
0.128721
0.133031
0.137125
0.141013
0.144705
0.147153
0.149873
0.153114
0.155536
0.14929
0.143348
0.137697
0.132324
0.127218
0.122365
0.117754
0.113374
0.109213
0.105261
0.090789
0.076971
0.063766
0.051136
0.039045
0.027457
0.016341
0.005666
-0.004596
-0.014473
-0.023989
-0.033168
-0.042032
-0.050602
-0.058895
-0.054976
-0.051254
-0.047721
-0.044365
-0.041178
-0.038153
-0.035279
-0.032551
-0.033072
-0.041241
-0.049098
-0.056663
-0.063957
-0.070999
-0.077807
-0.084398
-0.090786
-0.096987
-0.103012
-0.108876
-0.114587
-0.120158
-0.125598
-0.130916
-0.136118
-0.141214
-0.146209
-0.15111
-0.155921
-0.160648
-0.165294
-0.169865
-0.172386
-0.164577
-0.156902
-0.149603
-0.142662
-0.136062
-0.129787
-0.123821
-0.118151
-0.11276
-0.107637
-0.102767
-0.098139
-0.093741
-0.089562
-0.08559
-0.081815
-0.078229
-0.074821
-0.071583
-0.06739
-0.056596
-0.044348
-0.031697
-0.019559
-0.009072
-0.009051
-0.009031
-0.009012
-0.008994
-0.008976
-0.00896
-0.008945
-0.00893
-0.008916
-0.008903
-0.00889
0.001871
0.012204
0.022133
0.031682
0.040872
0.049725
0.058261
0.066499
0.074457
0.070538
0.066813
0.063274
0.059912
0.056717
0.05368
0.050796
0.048055
0.045451
0.042977
0.040626
0.038393
0.036271
0.034255
0.03234
0.03052
0.028792
0.027149
0.022491
0.011411
-0.000011
-0.010862
-0.021136
-0.030896
-0.040175
-0.048996
-0.057381
-0.065349
-0.072922
-0.080119
-0.086958
-0.093457
-0.09963
-0.105494
-0.111063
-0.116352
-0.121365
-0.126122
-0.130635
-0.133254
-0.126803
-0.120672
-0.114845
-0.109308
-0.104047
-0.099047
-0.08356
-0.06873
-0.054523
-0.040909
-0.027854
-0.01533
-0.003307
0.008242
0.019342
0.030019
0.040296
0.050195
0.059736
0.06894
0.077824
0.086406
0.094701
0.102726
0.110492
0.118015
0.125305
0.132374
0.139233
0.14589
0.152355
0.158635
0.164738
0.170671
0.176439
0.182048
0.187503
0.192808
0.197967
0.202984
0.207862
0.212602
0.217208
0.22168
0.22602
0.23023
0.23431
0.23826
0.242081
0.245773
0.249334
0.252765
0.256065
0.259232
0.262267
0.265166
0.267929
0.270554
0.27304
0.275384
0.277585
0.27964
0.281547
0.283304
0.284909
0.286359
0.287652
0.288786
0.289758
0.290566
0.291207
-0.29168
-0.29198
-0.292107
-0.292059
-0.291831
-0.291424
-0.290834
-0.29006
-0.289099
-0.283931
-0.278993
-0.274276
-0.269771
-0.265472
-0.261369
-0.257456
-0.253723
-0.250165
-0.247416
-0.242232
-0.235403
-0.227279
-0.219269
-0.211613
-0.204297
-0.197297
-0.190548
-0.184036
-0.177737
-0.171629
-0.165693
-0.15991
-0.154261
-0.148731
-0.143304
-0.137967
-0.132706
-0.127511
-0.122369
-0.11727
-0.112206
-0.107168
-0.102148
-0.097139
-0.092135
-0.087129
-0.082116
-0.077091
-0.072051
-0.066991
-0.061908
-0.056798
-0.054566
-0.052445
-0.05043
-0.048515
-0.046695
-0.044966
-0.043324
-0.041763
-0.04028
-0.038871
-0.037533
-0.036261
-0.035053
-0.033904
-0.034364
-0.039738
-0.045768
-0.051492
-0.056927
-0.062087
-0.066986
-0.071636
-0.076051
-0.080242
-0.084221
-0.088388
-0.099263
-0.10981
-0.119885
-0.129501
-0.138672
-0.147411
-0.155732
-0.155999
-0.156252
-0.156493
-0.156721
-0.156938
-0.157145
-0.15734
-0.157526
-0.157703
-0.159885
-0.166913
-0.173626
-0.173768
-0.173147
-0.172557
-0.171996
-0.171463
-0.170957
-0.170476
-0.170019
-0.169584
-0.169172
-0.168779
-0.168407
-0.168053
-0.167716
-0.167397
-0.167093
-0.166805
-0.16653
-0.16627
-0.166023
-0.165788
-0.165564
-0.165352
-0.16515
-0.164959
-0.164777
-0.164604
-0.16444
-0.164284
-0.166283
-0.172823
-0.179308
-0.185452
-0.191273
-0.196789
-0.202016
-0.206968
-0.211662
-0.21611
-0.220326
-0.224326
-0.228147
-0.231802
-0.235291
-0.238616
-0.241783
-0.244794
-0.247655
-0.250369
-0.252939
-0.255368
-0.257659
-0.259816
-0.26184
-0.263734
-0.265501
-0.267142
-0.268659
-0.270054
-0.271328
-0.272481
-0.273516
-0.274432
-0.27523
-0.275911
-0.276475
-0.276921
-0.277251
-0.277463
-0.277558
-0.277535
-0.277393
-0.277132
-0.276751
-0.276248
-0.275624
-0.274877
-0.274006
-0.27301
-0.271888
-0.270639
-0.269261
-0.267753
-0.256432
-0.245316
-0.224488
-0.203837
-0.184039
-0.165082
-0.146949
-0.129621
-0.113077
-0.097291
-0.082239
-0.067895
-0.054233
-0.040782
-0.025299
-0.010373
0.003179
0.006344
0.009348
0.012199
0.014904
0.017473
0.01991
0.022224
0.018032
0.010049
-0.004174
-0.017687
-0.02972
-0.038632
-0.047095
-0.055131
-0.062762
-0.070008
-0.076888
-0.08342
-0.089622
-0.09551
-0.102191
-0.110708
-0.118774
-0.126404
-0.133607
-0.140395
-0.146782
-0.152779
-0.158399
-0.163651
-0.168549
-0.173103
-0.177324
-0.181223
-0.184808
-0.18809
-0.191077
-0.193779
-0.196204
-0.198359
-0.200251
-0.201888
-0.203277
-0.204423
-0.205333
-0.206012
-0.206465
-0.206697
-0.206713
-0.206518
-0.206114
-0.205507
-0.2047
-0.203696
-0.202499
-0.201112
-0.200067
-0.201028
-0.201928
-0.202771
-0.203561
-0.204301
-0.204996
-0.205647
-0.206258
-0.206832
-0.207371
-0.207877
-0.208353
-0.2088
-0.209221
-0.209616
-0.209988
-0.210339
-0.210669
-0.21098
-0.211272
-0.211549
-0.211809
-0.212054
-0.212286
-0.212504
-0.212711
-0.212906
-0.213089
-0.213263
-0.213427
-0.213583
-0.213729
-0.213868
-0.213999
-0.214123
-0.21424
-0.214351
-0.214457
-0.214556
-0.21465
-0.214739
-0.214824
-0.214904
-0.214979
-0.215051
-0.215119
-0.215184
-0.215245
-0.215303
-0.215357
-0.21541
-0.215459
-0.215506
-0.21555
-0.215592
-0.215632
-0.21567
-0.215706
-0.21574
-0.215772
-0.215803
-0.215832
-0.21586
-0.215886
-0.215911
-0.215934
-0.215957
-0.215978
-0.215998
-0.216017
-0.216035
-0.216052
-0.216069
-0.216085
-0.216099
-0.216113
-0.216127
-0.216139
-0.216151
-0.216163
-0.216173
-0.216184
-0.216193
-0.216285
-0.216454
-0.216652
-0.216824
-0.216968
-0.217087
-0.217185
-0.217265
-0.217327
-0.217376
-0.217411
-0.217435
-0.21745
-0.217457
-0.217456
-0.217449
-0.217437
-0.217421
-0.217401
-0.217378
-0.217352
-0.217324
-0.217295
-0.217264
-0.217232
-0.2172
-0.217168
-0.217152
-0.217167
-0.217188
-0.217212
-0.217473
-0.217688
-0.217844
-0.21793
-0.217936
-0.217854
-0.217676
-0.217395
-0.217005
-0.216501
-0.215879
-0.215134
-0.214265
-0.213267
-0.212139
-0.210878
-0.209484
-0.210927
-0.212261
-0.213494
-0.214633
-0.215688
-0.216663
-0.215604
-0.214543
-0.213468
-0.212368
-0.211232
-0.210052
-0.208819
-0.207526
-0.206167
-0.204736
-0.203227
-0.201636
-0.199958
-0.19819
-0.196328
-0.19437
-0.192313
-0.190155
-0.187893
-0.185526
-0.183052
-0.180471
-0.17778
-0.17498
-0.172069
-0.169046
-0.165912
-0.162665
-0.159306
-0.155835
-0.152252
-0.148557
-0.144749
-0.140831
-0.136801
-0.13266
-0.12841
-0.124052
-0.119585
-0.115011
-0.110331
-0.105546
-0.100658
-0.095669
-0.090578
-0.085389
-0.080103
-0.074721
-0.069247
-0.063681
-0.058027
-0.052286
-0.046462
-0.040556
-0.034572
-0.028512
-0.02238
-0.016178
-0.00991
0.003579
-0.002811
-0.009257
-0.015754
-0.022298
-0.014273
-0.006648
0.000597
0.008875
0.019179
0.03244
0.046072
0.059008
0.071283
0.082926
0.09397
0.087754
0.081731
0.075883
0.070192
0.064642
0.059217
0.053904
0.04869
0.043562
0.055943
0.068319
0.08006
0.091198
0.10175
0.094768
0.088016
0.081474
0.075122
0.068943
0.06292
0.057037
0.051279
0.045633
0.040088
0.03463
0.02925
0.023938
0.018685
0.013482
0.008322
0.003199
-0.001895
-0.006965
-0.012016
-0.017052
-0.022078
-0.027098
-0.032114
-0.03713
-0.042148
-0.047169
-0.052196
-0.05723
-0.062272
-0.067323
-0.072382
-0.077451
-0.082528
-0.087615
-0.092709
-0.09781
-0.102917
-0.108029
-0.113143
-0.118259
-0.123374
-0.128487
-0.133594
-0.138694
-0.143783
-0.148859
-0.153919
-0.15896
-0.149273
-0.140056
-0.131287
-0.122947
-0.115015
-0.107473
-0.100301
-0.093483
-0.097572
-0.101574
-0.105498
-0.109353
-0.113147
-0.116887
-0.120579
-0.12423
-0.127845
-0.13143
-0.133885
-0.125739
-0.117992
-0.110626
-0.103622
-0.096963
-0.099564
-0.103813
-0.107969
-0.112041
-0.116037
-0.119966
-0.123834
-0.127649
-0.131415
-0.13514
-0.138826
-0.14248
-0.146105
-0.149705
-0.153283
-0.156842
-0.160383
-0.16391
-0.167423
-0.170925
-0.174415
-0.177896
-0.181366
-0.184828
-0.1756
-0.166819
-0.158465
-0.150517
-0.142957
-0.135767
-0.128929
-0.122427
-0.116246
-0.110369
-0.115469
-0.12042
-0.125234
-0.12992
-0.134489
-0.138949
-0.134622
-0.127955
-0.121617
-0.11559
-0.109861
-0.104414
-0.099237
-0.094316
-0.089638
-0.085193
-0.080968
-0.076953
-0.073138
-0.069512
-0.066067
-0.062793
-0.059683
-0.056727
-0.053918
-0.05125
-0.048715
-0.046306
-0.044017
-0.041842
-0.039776
-0.037813
-0.035949
-0.034177
-0.032494
-0.030894
-0.029375
-0.027932
-0.026561
-0.025258
-0.02402
-0.022844
-0.021727
-0.020666
-0.019658
-0.0187
-0.01779
-0.016926
-0.016105
-0.015324
-0.014583
-0.013879
-0.01321
-0.012575
-0.011971
-0.011397
-0.010853
-0.010335
-0.009843
-0.009376
-0.008932
-0.008511
-0.00811
-0.00773
-0.007368
-0.007025
-0.006699
-0.006389
-0.006094
-0.005815
-0.005549
-0.005296
-0.005057
-0.004829
-0.004612
-0.004407
-0.004212
-0.004026
-0.00385
-0.003682
-0.003523
-0.003372
-0.003229
-0.003092
-0.002963
-0.00284
-0.002723
-0.002612
-0.002506
-0.002406
-0.002311
-0.002221
-0.002135
-0.002053
-0.001975
-0.001902
-0.001832
-0.001765
-0.001702
-0.001642
-0.001585
-0.001531
-0.00148
-0.001431
-0.001384
-0.00134
-0.001298
-0.001259
-0.001221
-0.001185
-0.001151
-0.001118
-0.001088
-0.001058
-0.001031
-0.001004
-0.000979
-0.000955
-0.000933
-0.000911
-0.000891
-0.000872
-0.000853
-0.000836
-0.000819
-0.000803
-0.000788
-0.000774
-0.000761
-0.000748
-0.000736
-0.000724
-0.000713
-0.000702
-0.000693
-0.000683
-0.000674
-0.000666
-0.000658
-0.00065
-0.000643
-0.000636
-0.000629
-0.000623
-0.000617
-0.000611
-0.000606
-0.000601
-0.000596
-0.000592
-0.000587
-0.000583
-0.000579
-0.000576
-0.000572
-0.000569
-0.000566
-0.000563
-0.00056
-0.000557
-0.000554
-0.000552
-0.00055
-0.000547
-0.000545
-0.000543
-0.000541
0.000132
0.003338
0.00661
0.006256
0.00592
0.0056
0.005297
0.005008
0.004734
0.004474
0.004227
0.003992
0.003769
0.014312
0.024436
0.034164
0.043521
0.052526
0.0612
0.069563
0.066211
0.063026
0.059999
0.057123
0.05439
0.051794
0.049327
0.046983
0.044756
0.04264
0.04063
0.03872
0.036905
0.042099
0.05071
0.059214
0.067403
0.072972
0.069511
0.066222
0.063097
0.060128
0.057307
0.054626
0.052079
0.049659
0.047359
0.045174
0.043099
0.041127
0.039253
0.037473
0.035782
0.034175
0.032649
0.031198
0.02982
0.028512
0.027268
0.026087
0.024964
0.023898
0.022885
0.021922
0.021008
0.02014
0.019314
0.01853
0.017786
0.017078
0.016406
0.015768
0.015161
0.014584
0.014037
0.013517
0.013023
0.012553
0.012107
0.011683
0.011281
0.010899
0.010535
0.01019
0.009862
0.009551
0.009255
0.008974
0.008707
0.008453
0.008212
0.007983
0.007766
0.007559
0.007363
0.007176
0.006999
0.006831
0.006671
0.006519
0.017128
0.027314
0.0371
0.04651
0.055564
0.064284
0.072688
0.069385
0.066246
0.063264
0.06043
0.057737
0.055179
0.052748
0.050438
0.048244
0.046159
0.044178
0.042296
0.040508
0.049548
0.058241
0.066606
0.074664
0.082432
0.089927
0.095517
0.091218
0.087131
0.083248
0.079557
0.07605
0.072718
0.069551
0.066542
0.063683
0.065743
0.073689
0.081342
0.08872
0.095839
0.102715
0.098148
0.093808
0.089683
0.085763
0.082037
0.078497
0.075133
0.071935
0.068898
0.066011
0.063268
0.060662
0.058186
0.055833
0.053598
0.051474
0.049456
0.047539
0.045717
0.043986
0.042342
0.04078
0.039296
0.037886
0.036546
0.035274
0.034065
0.032916
0.037058
0.046544
0.05566
0.064428
0.072869
0.081
0.077602
0.074374
0.071306
0.06839
0.06562
0.062988
0.060487
0.058111
0.055853
0.053708
0.05167
0.049734
0.047894
0.046146
0.055208
0.063918
0.0723
0.08037
0.088147
0.095648
0.102889
0.109886
0.116652
0.123201
0.129546
0.135697
0.135933
0.130236
0.124821
0.119672
0.114778
0.110126
0.105704
0.101501
0.10547
0.111992
0.118289
0.124374
0.13026
0.13596
0.141484
0.146844
0.15205
0.157111
0.162035
0.16683
0.171505
0.176065
0.180516
0.184865
0.189117
0.193275
0.193049
0.191297
0.193631
0.197913
0.202097
0.206186
0.210184
0.214092
0.217914
0.221651
0.225305
0.228876
0.232365
0.235774
0.239102
0.242349
0.245515
0.248599
0.251601
0.25452
0.257354
0.260103
0.262763
0.265335
0.267816
0.270203
0.272496
0.27469
0.276785
0.278778
0.280665
0.282445
0.284114
0.28567
0.287109
0.28843
0.289628
0.290702
0.291647
0.292461
0.293141
0.293684
-0.294086
-0.294346
-0.294459
-0.294423
-0.294235
-0.293893
-0.293393
-0.292733
-0.291911
-0.286436
-0.281206
-0.27621
-0.271441
-0.266889
-0.262545
-0.258403
-0.254453
-0.250687
-0.247098
-0.243678
-0.24042
-0.237317
-0.234361
-0.231547
-0.228868
-0.226317
-0.217899
-0.209803
-0.202003
-0.194472
-0.187188
-0.180126
-0.173266
-0.166587
-0.160072
-0.153704
-0.147465
-0.141342
-0.13532
-0.129387
-0.12353
-0.11774
-0.112006
-0.106319
-0.10067
-0.095052
-0.089457
-0.08388
-0.078313
-0.072753
-0.067194
-0.061632
-0.056063
0.050484
0.044892
0.040219
0.04569
0.050884
0.055817
0.0605
0.064947
0.069169
0.073178
0.076985
0.080599
0.084031
0.087289
0.090383
0.09332
0.096109
0.098758
0.101272
0.10366
0.105927
0.10808
0.110125
0.112066
0.121797
0.1311
0.13999
0.148479
0.156581
0.164309
0.171675
0.173822
0.172688
0.171611
0.170588
0.177248
0.183616
0.189702
0.195515
0.201063
0.206354
-0.211398
-0.216201
-0.220772
-0.225118
-0.229247
-0.233163
-0.236875
-0.240388
-0.243706
-0.246837
-0.249784
-0.252552
-0.255145
-0.256436
-0.254894
-0.250416
-0.244814
-0.23929
-0.233833
-0.228435
-0.223089
-0.217787
-0.212522
-0.207289
-0.202081
-0.196895
-0.191724
-0.186564
-0.181412
-0.176264
-0.171116
-0.165965
-0.160808
-0.155644
-0.150469
-0.145282
-0.14008
-0.134863
-0.129628
-0.124375
-0.119102
-0.113808
-0.108494
-0.103159
-0.103568
-0.108217
-0.112429
-0.116215
-0.119586
-0.125384
-0.129748
-0.133901
-0.137852
-0.141608
-0.145179
-0.148574
-0.151798
-0.154861
-0.15777
-0.160532
-0.163155
-0.163728
-0.164253
-0.164713
-0.165092
-0.165377
-0.165558
-0.165625
-0.16557
-0.167873
-0.170061
-0.172138
-0.17411
-0.175983
-0.177763
-0.179452
-0.181056
-0.18258
-0.184027
-0.187689
-0.191146
-0.194397
-0.197441
-0.20028
-0.202913
-0.205342
-0.207568
-0.209761
-0.211832
-0.213789
-0.215639
-0.217387
-0.219039
-0.220601
-0.222079
-0.223443
-0.224683
-0.2258
-0.226795
-0.227667
-0.228415
-0.229039
-0.229539
-0.230294
-0.230881
-0.231195
-0.231429
-0.231507
-0.231499
-0.231409
-0.231208
-0.230735
-0.230164
-0.229498
-0.228754
-0.22804
-0.227353
-0.226693
-0.226061
-0.225454
-0.224872
-0.224315
-0.223781
-0.223271
-0.222782
-0.222315
-0.221869
-0.221442
-0.221035
-0.220645
-0.220274
-0.219919
-0.219581
-0.219258
-0.21895
-0.218657
-0.218377
-0.21811
-0.217856
-0.217614
-0.217383
-0.217163
-0.216954
-0.216754
-0.216565
-0.216384
-0.216212
-0.216048
-0.215892
-0.215744
-0.215603
-0.215468
-0.215341
-0.215219
-0.215104
-0.214994
-0.214889
-0.214789
-0.214695
-0.214605
-0.21452
-0.214438
-0.214361
-0.214287
-0.214218
-0.214151
-0.214088
-0.214028
-0.213971
-0.213916
-0.213865
-0.213816
-0.213769
-0.213725
-0.213683
-0.213643
-0.213605
-0.213568
-0.213534
-0.213501
-0.21347
-0.213441
-0.213413
-0.213387
-0.213361
-0.213337
-0.211363
-0.209425
-0.207509
-0.205602
-0.203693
-0.201771
-0.199826
-0.197848
-0.195832
-0.193769
-0.191652
-0.189476
-0.187235
-0.184925
-0.182541
-0.180079
-0.177536
-0.174909
-0.172195
-0.169392
-0.166497
-0.163508
-0.160424
-0.162823
-0.165093
-0.167242
-0.165735
-0.164198
-0.162626
-0.161012
-0.159349
-0.157633
-0.155859
-0.154022
-0.152118
-0.150143
-0.148094
-0.145969
-0.143763
-0.143034
-0.146161
-0.149121
-0.151718
-0.150332
-0.148902
-0.147422
-0.145887
-0.144291
-0.142632
-0.140905
-0.139106
-0.137232
-0.135281
-0.133249
-0.131134
-0.128935
-0.126649
-0.124274
-0.121809
-0.119253
-0.116603
-0.11386
-0.111023
-0.108089
-0.10506
-0.109608
-0.113919
-0.118006
-0.121879
-0.125552
-0.129033
-0.132333
-0.135462
-0.138428
-0.141241
-0.143908
-0.14137
-0.138849
-0.136334
-0.133816
-0.131287
-0.12874
-0.126167
-0.123561
-0.120918
-0.118231
-0.115495
-0.112706
-0.109861
-0.106955
-0.103985
-0.100948
-0.105349
-0.109524
-0.113483
-0.117238
-0.120799
-0.124176
-0.12738
-0.124761
-0.122157
-0.119558
-0.116955
-0.11434
-0.111707
-0.109047
-0.106355
-0.103626
-0.100853
-0.098033
-0.09516
-0.092232
-0.089245
-0.086195
-0.090207
-0.094815
-0.099187
-0.103334
-0.107269
-0.111002
-0.114544
-0.111747
-0.10897
-0.106204
-0.103439
-0.100668
-0.097882
-0.095076
-0.092241
-0.089374
-0.086468
-0.08352
-0.080523
-0.077475
-0.074372
-0.071211
-0.067988
-0.064702
-0.06135
-0.05793
-0.054441
-0.05088
-0.047247
-0.043541
-0.039761
-0.046018
-0.051958
-0.057597
-0.06295
-0.068031
-0.072855
-0.070155
-0.06746
-0.064763
-0.062055
-0.059331
-0.056583
-0.053806
-0.050994
-0.048144
-0.04525
-0.042309
-0.039317
-0.03627
-0.033167
-0.030004
-0.02678
-0.023492
0.020139
0.016719
0.013232
0.009676
0.00605
0.002355
-0.00141
-0.001029
0.006177
0.013022
0.019523
0.025699
0.031564
0.037133
0.042423
0.047446
0.052215
0.056745
0.061046
0.06513
0.069008
0.072691
0.082949
0.094227
0.105008
0.115309
0.125144
0.134531
0.143485
0.143524
0.143562
0.143597
0.143631
0.143664
0.143694
0.143723
0.143751
0.151784
0.159466
0.16681
0.173827
0.180528
0.178783
0.177124
0.175547
0.174048
0.172624
0.17127
0.169983
0.16876
0.167598
0.166493
0.165443
0.164446
0.1714
0.178051
0.184411
0.190488
0.196293
0.193828
0.191485
0.189256
0.187137
0.185123
0.183208
0.188455
0.194205
0.199704
0.20496
0.209981
0.214775
0.219349
0.223711
0.227866
0.231822
0.235585
0.23916
-0.242553
-0.24577
-0.248814
-0.251691
-0.254404
-0.256957
-0.259354
-0.261598
-0.263692
-0.265639
-0.26744
-0.269098
-0.270614
-0.27199
-0.273228
-0.274329
-0.275293
-0.276121
-0.276813
-0.277371
-0.277793
-0.278081
-0.278234
-0.278252
-0.278134
-0.27788
-0.27749
-0.276962
-0.276296
-0.275491
-0.274547
-0.273463
-0.272236
-0.270868
-0.269356
-0.2677
-0.265898
-0.263951
-0.261856
-0.259613
-0.257222
-0.25468
-0.251989
-0.249146
-0.246151
-0.243005
-0.239705
-0.236253
-0.232648
-0.228889
-0.228463
-0.228034
-0.227605
-0.227179
-0.226756
-0.22634
-0.22593
-0.225528
-0.225683
-0.225761
-0.225758
-0.225672
-0.2255
-0.225239
-0.224889
-0.224446
-0.223909
-0.223277
-0.223068
-0.222854
-0.222638
-0.22242
-0.222202
-0.221984
-0.221769
-0.221556
-0.221346
-0.22114
-0.220939
-0.220742
-0.22055
-0.220364
-0.220183
-0.220007
-0.220287
-0.2205
-0.220638
-0.220697
-0.220671
-0.220557
-0.220403
-0.22025
-0.220098
-0.219949
-0.219803
-0.21966
-0.219519
-0.219383
-0.21925
-0.219121
-0.218995
-0.218874
-0.218756
-0.218643
-0.218533
-0.218428
-0.218326
-0.218228
-0.218134
-0.218044
-0.217957
-0.217874
-0.217794
-0.218171
-0.218483
-0.218724
-0.218886
-0.218964
-0.218951
-0.218852
-0.218754
-0.218657
-0.218563
-0.218471
-0.218381
-0.218293
-0.218208
-0.218126
-0.21825
-0.218433
-0.218548
-0.218591
-0.218555
-0.218481
-0.218407
-0.218334
-0.21826
-0.218188
-0.218117
-0.218047
-0.217978
-0.217911
-0.217846
-0.217782
-0.21772
-0.217661
-0.217602
-0.217546
-0.217492
-0.21744
-0.217389
-0.217341
-0.217294
-0.217249
-0.217206
-0.217164
-0.217125
-0.217087
-0.21705
-0.217015
-0.216981
-0.216949
-0.216918
-0.216889
-0.216861
-0.216834
-0.216838
-0.216447
-0.21603
-0.21625
-0.216456
-0.216646
-0.216925
-0.217226
-0.21746
-0.217621
-0.2177
-0.217713
-0.217757
-0.217797
-0.217834
-0.217868
-0.217899
-0.217928
-0.217955
-0.217979
-0.217781
-0.217556
-0.217291
-0.216977
-0.216602
-0.216159
-0.21638
-0.216584
-0.216773
-0.216947
-0.217107
-0.217256
-0.217393
-0.21752
-0.217117
-0.216678
-0.216205
-0.215688
-0.215118
-0.214486
-0.213784
-0.213007
-0.212146
-0.211198
-0.210158
-0.209021
-0.207784
-0.206443
-0.204996
-0.203439
-0.201772
-0.199992
-0.198098
-0.196087
-0.19396
-0.191715
-0.189351
-0.186868
-0.184265
-0.181542
-0.178699
-0.175736
-0.172652
-0.169448
-0.166124
-0.162681
-0.168227
-0.173438
-0.178334
-0.182935
-0.181189
-0.179438
-0.177674
-0.175887
-0.174069
-0.172214
-0.170315
-0.168367
-0.166363
-0.164299
-0.162171
-0.159974
-0.157705
-0.15536
-0.152937
-0.150433
-0.147845
-0.145172
-0.14241
-0.139559
-0.136618
-0.133583
-0.130455
-0.1362
-0.143868
-0.151105
-0.157934
-0.16438
-0.170463
-0.167576
-0.164736
-0.161932
-0.159151
-0.156382
-0.153616
-0.150843
-0.148056
-0.145247
-0.142409
-0.139536
-0.136621
-0.133661
-0.130649
-0.127582
-0.124457
-0.121268
-0.118014
-0.114691
-0.111297
-0.110232
-0.114314
-0.118185
-0.121855
-0.125336
-0.128637
-0.126344
-0.124049
-0.121742
-0.119417
-0.117066
-0.114683
-0.112262
-0.109796
-0.107283
-0.104716
-0.102092
-0.106414
-0.110513
-0.1144
-0.118087
-0.121584
-0.119922
-0.117515
-0.115101
-0.112673
-0.110224
-0.107747
-0.105236
-0.105629
-0.109679
-0.113521
-0.117165
-0.120622
-0.123901
-0.127011
-0.129962
-0.132761
-0.135417
-0.137937
-0.140328
-0.142597
-0.14475
-0.146793
-0.148731
-0.150571
-0.152317
-0.155385
-0.162587
-0.169458
-0.176003
-0.182229
-0.188142
-0.193749
-0.199058
-0.204074
-0.208806
-0.21326
-0.217442
-0.221361
-0.225021
-0.228431
-0.231594
-0.234519
-0.23721
-0.239672
-0.241912
-0.243933
-0.245741
-0.24734
-0.248733
-0.249926
-0.250921
-0.251722
-0.252333
-0.252755
-0.252993
-0.253048
-0.252924
-0.252621
-0.252143
-0.25149
-0.250666
-0.249671
-0.248507
-0.247175
-0.245677
-0.244014
-0.242187
-0.240196
-0.238044
-0.235731
-0.233257
-0.230624
-0.227833
-0.224884
-0.221779
-0.218517
-0.218608
-0.218675
-0.218721
-0.218749
-0.21876
-0.218759
-0.218694
-0.218555
-0.218339
-0.218043
-0.217663
-0.217198
-0.216644
-0.216001
-0.215266
-0.214438
-0.213514
-0.212494
-0.211376
-0.210159
-0.21064
-0.211081
-0.211484
-0.211855
-0.212195
-0.212507
-0.212794
-0.213057
-0.212795
-0.212471
-0.212081
-0.211618
-0.21108
-0.210463
-0.209763
-0.208977
-0.208103
-0.207137
-0.207722
-0.208264
-0.208768
-0.209237
-0.209674
-0.21008
-0.209688
-0.209239
-0.208727
-0.208147
-0.207495
-0.206768
-0.20596
-0.205713
-0.206111
-0.206709
-0.207268
-0.207791
-0.208279
-0.208736
-0.209164
-0.209564
-0.209939
-0.210291
-0.210621
-0.210076
-0.209488
-0.208852
-0.20816
-0.207405
-0.206583
-0.205688
-0.204716
-0.203663
-0.202526
-0.201301
-0.202115
-0.202879
-0.203597
-0.204271
-0.204904
-0.205499
-0.206058
-0.206585
-0.20708
-0.206349
-0.205581
-0.204769
-0.203905
-0.202983
-0.201998
-0.200945
-0.201745
-0.202497
-0.203205
-0.203871
-0.204498
-0.205089
-0.205645
-0.206169
-0.206664
-0.20713
-0.207569
-0.208726
-0.210329
-0.211822
-0.213199
-0.214452
-0.215576
-0.216566
-0.217419
-0.218131
-0.218016
-0.217905
-0.2178
-0.2177
-0.217604
-0.217513
-0.218222
-0.218856
-0.219408
-0.219871
-0.220239
-0.220507
-0.220672
-0.22073
-0.220676
-0.220509
-0.220226
-0.219825
-0.219305
-0.218663
-0.217898
-0.217009
-0.215996
-0.214857
-0.213592
-0.212201
-0.210683
-0.209037
-0.207264
-0.205363
-0.206032
-0.206656
-0.207237
-0.208675
-0.210022
-0.211265
-0.212397
-0.21341
-0.214297
-0.215052
-0.215671
-0.216149
-0.216483
-0.216671
-0.216709
-0.216597
-0.216333
-0.215916
-0.215344
-0.214619
-0.21374
-0.212707
-0.211519
-0.210179
-0.208686
-0.207041
-0.205244
-0.203374
-0.202807
-0.202263
-0.201742
-0.201244
-0.200767
-0.200311
-0.199875
-0.199458
-0.19906
-0.19868
-0.198318
-0.197971
-0.197641
-0.197326
-0.197025
-0.196738
-0.196465
-0.196204
-0.195956
-0.195719
-0.195494
-0.198105
-0.200574
-0.202893
-0.205055
-0.207053
-0.208883
-0.210539
-0.21202
-0.213322
-0.214443
-0.215382
-0.216139
-0.216712
-0.217102
-0.21731
-0.217336
-0.217181
-0.216845
-0.216331
-0.21564
-0.214774
-0.213733
-0.212519
-0.211136
-0.209583
-0.207863
-0.205978
-0.20393
-0.20172
-0.19935
-0.196823
-0.19414
-0.191303
-0.188313
-0.185174
-0.181886
-0.178451
-0.174872
-0.171149
-0.167286
-0.163284
-0.159145
-0.154871
-0.150463
-0.145925
-0.141258
-0.136463
-0.131545
-0.126503
-0.121342
-0.116064
-0.11067
-0.105163
-0.099547
-0.093823
-0.087995
-0.082065
-0.090557
-0.099961
-0.110098
-0.119692
-0.128772
-0.137363
-0.145493
-0.153184
-0.160461
-0.167347
-0.173861
-0.180025
-0.185858
-0.191378
-0.195898
-0.195261
-0.194656
-0.194081
-0.193534
-0.193015
-0.186815
-0.180833
-0.175044
-0.169427
-0.163964
-0.160942
-0.155678
-0.150523
-0.145463
-0.140483
-0.135571
-0.130715
-0.125904
-0.121129
-0.11638
-0.111649
-0.106928
-0.102211
-0.09749
-0.094724
-0.092093
-0.089593
-0.087217
-0.084958
-0.082811
-0.08077
-0.07883
-0.076987
-0.075235
-0.07357
-0.071988
-0.070485
-0.069269
-0.071839
-0.076968
-0.081836
-0.086456
-0.09084
-0.095
-0.098948
-0.102695
-0.106251
-0.109625
-0.112828
-0.115868
-0.118753
-0.121491
-0.124089
-0.126556
-0.128898
-0.13112
-0.13323
-0.135233
-0.137134
-0.138939
-0.140652
-0.142279
-0.145043
-0.148067
-0.151208
-0.158828
-0.166105
-0.173047
-0.179662
-0.185958
-0.191944
-0.197628
-0.203018
-0.203501
-0.203961
-0.204397
-0.204811
-0.205205
-0.205579
-0.205934
-0.206271
-0.206591
-0.206895
-0.207184
-0.207458
-0.207652
-0.207835
-0.208009
-0.206383
-0.204836
-0.203365
-0.201966
-0.200636
-0.194974
-0.187694
-0.180672
-0.173885
-0.16731
-0.160925
-0.154712
-0.148652
-0.142728
-0.136924
-0.131226
-0.125619
-0.120093
-0.114634
-0.109233
-0.103879
-0.098564
-0.09328
-0.088018
-0.082772
-0.077536
-0.072305
-0.067072
-0.061833
-0.056584
-0.051322
0.046043
0.0412
0.035873
0.030521
0.025144
0.031181
0.036914
0.042358
0.047528
0.052438
0.057099
0.061526
0.065729
0.066361
0.066851
0.068239
0.071251
0.073774
0.07625
0.078516
0.080666
0.082705
0.084638
0.086125
0.088738
0.091556
0.094232
0.096773
0.099186
0.101477
0.103653
0.097625
0.091783
0.086107
0.080581
0.075188
0.069913
0.064742
0.059662
0.054662
0.049729
0.044855
0.040029
0.035243
0.03049
0.025761
0.021051
0.016352
0.011661
0.006972
0.00228
-0.002418
-0.007126
-0.011847
-0.016583
-0.021338
-0.020244
-0.015195
-0.008461
-0.002062
0.004016
0.00979
0.015275
0.020485
0.025434
0.030135
0.0346
0.03884
0.042868
0.046693
0.050326
0.053777
0.057054
0.060166
0.063122
0.065929
0.068596
0.071128
0.073533
0.075818
0.077987
0.080048
0.082005
0.083864
0.076584
0.069551
0.062743
0.056141
0.049727
0.043483
0.037393
0.031443
0.025619
0.019908
0.014298
0.008779
0.00334
-0.002028
-0.007333
-0.012584
-0.017787
-0.022948
-0.028075
-0.033171
-0.038243
-0.043293
-0.048326
-0.053345
-0.058354
-0.063354
-0.068348
-0.073337
-0.078324
-0.083308
-0.088291
-0.093272
-0.098254
-0.103234
-0.108213
-0.11319
-0.118165
-0.123135
-0.128101
-0.133059
-0.138009
-0.142948
-0.133595
-0.124697
-0.116234
-0.108186
-0.100532
-0.093256
-0.086338
-0.079762
-0.073511
-0.06757
-0.061924
-0.056557
-0.051458
-0.046612
-0.042007
-0.037632
-0.033474
-0.029524
-0.025771
-0.022205
-0.018817
-0.015599
-0.012541
-0.009636
-0.006876
-0.004254
-0.001763
0.000604
0.002852
0.004987
0.007016
0.008944
0.010775
0.012514
0.014166
0.015736
0.017227
0.018644
0.01999
0.021268
0.022482
0.023636
0.024732
0.025773
0.016235
0.00706
-0.001777
-0.010297
-0.018521
-0.02647
-0.034161
-0.041613
-0.048841
-0.05586
-0.062685
-0.06933
-0.075805
-0.082123
-0.088295
-0.094329
-0.100236
-0.106022
-0.111697
-0.117266
-0.122736
-0.128113
-0.133401
-0.138606
-0.14373
-0.148779
-0.153755
-0.15866
-0.163498
-0.164011
-0.158988
-0.150971
-0.143344
-0.13609
-0.129192
-0.122633
-0.116397
-0.110468
-0.104831
-0.100353
-0.105924
-0.111322
-0.10566
-0.100278
-0.095162
-0.090299
-0.085677
-0.081285
-0.077111
-0.073144
-0.069374
-0.065792
-0.073117
-0.080182
-0.087004
-0.093597
-0.099977
-0.106158
-0.112152
-0.117972
-0.123629
-0.129133
-0.134495
-0.139723
-0.144826
-0.149811
-0.154686
-0.159456
-0.164128
-0.168707
-0.173198
-0.177606
-0.180643
-0.179813
-0.173477
-0.167583
-0.16161
-0.155682
-0.149037
-0.142717
-0.136707
-0.130994
-0.125561
-0.120396
-0.115487
-0.11082
-0.106384
-0.102167
-0.09816
-0.094352
-0.090732
-0.087293
-0.084024
-0.080918
-0.077966
-0.075162
-0.072497
-0.069964
-0.067558
-0.065272
-0.0631
-0.052258
-0.039955
-0.028148
-0.016808
-0.00591
0.004574
0.014666
0.024389
0.033765
0.042815
0.051556
0.060009
0.068188
0.064139
0.060292
0.056636
0.053162
0.049861
0.046725
0.043745
0.051641
0.05925
0.066592
0.073683
0.08054
0.087178
0.093611
0.088444
0.083533
0.078866
0.07443
0.070215
0.066209
0.062402
0.058785
0.055347
0.052082
0.048978
0.04603
0.043229
0.040567
0.040595
0.04286
0.045153
0.047355
0.044496
0.04178
0.039199
0.036747
0.034417
0.032203
0.0301
0.028102
0.026204
0.024401
0.027141
0.033252
0.039009
0.04454
0.042301
0.039717
0.037262
0.03493
0.032714
0.030608
0.028608
0.026708
0.024902
0.023187
0.021674
0.029737
0.038621
0.047172
0.055411
0.052223
0.049194
0.046316
0.043581
0.040983
0.038514
0.036169
0.033941
0.031824
0.029813
0.036727
0.045301
0.053557
0.061515
0.069193
0.076609
0.081409
0.077056
0.07292
0.068989
0.065254
0.061704
0.058332
0.055127
0.052082
0.049188
0.04644
0.043828
0.041346
0.038988
0.036748
0.034619
0.032597
0.030676
0.028851
0.027117
0.02547
0.023905
0.022418
0.021005
0.019663
0.018388
0.017177
0.016026
0.014933
0.013895
0.012908
0.01197
0.01108
0.010234
0.009431
0.008667
0.007942
0.007253
0.006598
0.005976
0.005385
0.004824
0.004291
0.003784
0.003303
0.002846
0.002412
0.001999
0.001607
0.001235
0.000881
0.000545
0.000226
-0.000078
-0.000366
-0.00064
-0.0009
-0.001147
-0.001381
-0.001604
-0.001816
-0.002017
-0.002208
0.007461
0.017648
0.027437
0.036161
0.034111
0.032162
0.030311
0.028553
0.026882
0.025295
0.023787
0.022354
0.020993
0.03045
0.039541
0.048288
0.056713
0.064834
0.07267
0.068908
0.065334
0.061937
0.058709
0.055642
0.052728
0.049959
0.047328
0.044829
0.042454
0.040198
0.038054
0.036017
0.034082
0.032244
0.030497
0.028838
0.027261
0.025763
0.02434
0.022989
0.021704
0.020484
0.019325
0.018224
0.017178
0.016184
0.01524
0.014343
0.013491
0.012681
0.011912
0.011181
0.010487
0.009828
0.009201
0.008606
0.008041
0.007504
0.006994
0.006509
0.006048
0.005611
0.005195
0.0048
0.004425
0.004069
0.00373
0.003409
0.003103
0.002813
0.002537
0.002275
0.002026
0.00179
0.01232
0.022431
0.032149
0.041496
0.050492
0.047913
0.045462
0.043133
0.04092
0.038819
0.036821
0.034924
0.033121
0.031408
0.029781
0.028236
0.026767
0.025372
0.024046
0.032637
0.041797
0.049461
0.04696
0.044584
0.042327
0.040182
0.038145
0.036209
0.03437
0.032622
0.030962
0.029385
0.027886
0.026463
0.02511
0.023825
0.022605
0.021445
0.020343
0.019297
0.018302
0.017358
0.01646
0.015608
0.014798
0.014028
0.013297
0.012603
0.011943
0.011316
0.010721
0.010155
0.009618
0.009107
0.008622
0.008162
0.007724
0.007308
0.006913
0.006537
0.006181
0.005842
0.00552
0.005215
0.004924
0.004648
0.004386
0.004137
0.003901
0.003676
0.003462
0.00326
0.003067
0.002884
0.00271
0.002545
0.002388
0.002239
0.002097
0.001963
0.001835
0.001713
0.001598
0.001488
0.001384
0.001285
0.001191
0.001102
0.001017
0.000936
0.00086
0.000787
0.000718
0.000652
0.00059
0.000531
0.000474
0.000421
0.00037
0.000322
0.000276
0.000232
0.000191
0.000151
0.000114
0.000079
0.000045
0.000013
-0.000018
-0.000047
-0.000074
-0.0001
-0.000125
-0.000148
-0.000171
-0.000192
-0.000213
-0.000232
-0.00025
-0.000267
-0.000284
-0.000299
-0.000314
-0.000328
-0.000342
-0.000354
-0.000367
-0.000378
-0.000389
-0.0004
-0.000409
-0.000419
-0.000428
-0.000436
-0.000444
-0.000452
-0.000459
-0.000466
-0.000473
-0.000479
-0.000485
-0.00049
-0.000496
-0.000501
-0.000506
-0.00051
-0.000515
-0.000519
-0.000523
-0.000527
-0.00053
-0.000533
-0.000537
-0.00054
-0.000543
-0.000546
-0.000548
-0.000551
-0.000553
-0.000555
-0.000557
-0.000559
-0.000561
-0.000563
-0.000565
-0.000567
-0.000568
-0.00057
-0.000571
-0.000573
-0.000574
-0.000575
-0.000576
-0.000577
-0.000579
-0.00058
0.001425
0.012099
0.022348
0.032197
0.041668
0.050782
0.048298
0.045938
0.043695
0.041565
0.039541
0.037618
0.035791
0.034055
0.032405
0.030839
0.02935
0.027936
0.026592
0.025316
0.024103
0.022951
0.021857
0.020817
0.019829
0.018891
0.017999
0.017152
0.024511
0.034172
0.043458
0.052392
0.060995
0.069285
0.077282
0.085002
0.092462
0.099316
0.094683
0.090279
0.086093
0.082116
0.078336
0.084896
0.091787
0.098441
0.104871
0.111093
0.117119
0.122962
0.128633
0.134144
0.139504
0.144723
0.14981
0.154772
0.147856
0.141278
0.135024
0.129076
0.123422
0.118046
0.123582
0.128942
0.134138
0.139179
0.144077
0.148842
0.153482
0.158005
0.16242
0.166734
0.170953
0.175083
0.17913
0.183098
0.186993
0.190818
0.194576
0.186463
0.178743
0.171398
0.16441
0.157764
0.151444
0.145767
0.150563
0.155214
0.159729
0.164118
0.168388
0.172548
0.176606
0.180567
0.184438
0.188225
0.191932
0.195565
0.199129
0.202625
0.206059
0.209433
0.212635
0.204382
0.196527
0.189052
0.18194
0.175174
0.179077
0.182873
0.186568
0.19017
0.193684
0.197117
0.200473
0.192946
0.185783
0.178969
0.172486
0.16632
0.160456
0.154879
0.158622
0.163556
0.168333
0.172961
0.17745
0.181807
0.18604
0.190156
0.194163
0.198065
0.20187
0.205581
0.209204
0.212742
0.2162
0.219581
0.222888
0.226124
0.22929
0.221244
0.213585
0.2143
0.217018
0.219676
0.22228
0.224832
0.227336
0.229796
0.232214
0.234592
0.236934
0.23924
0.240418
0.232188
0.224351
0.226726
0.229052
0.231335
0.233576
0.235779
0.237947
0.240081
0.242184
0.244257
0.246303
0.248321
0.250314
0.252281
0.254223
0.249365
0.241211
0.233445
0.226051
0.219011
0.21231
0.215606
0.218805
0.221911
0.22493
0.227866
0.230724
0.233508
0.23622
0.238866
0.241446
0.243964
0.246423
0.248823
0.241105
0.233754
0.226755
0.220093
0.213751
0.207715
0.201972
0.206029
0.209947
0.213733
0.217395
0.220937
0.224365
0.227685
0.230901
0.234018
0.23704
0.238848
0.231894
0.225274
0.218972
0.212974
0.207266
0.211203
0.215003
0.218674
0.222221
0.22565
0.228967
0.232176
0.235282
0.23829
0.237989
0.231305
0.224942
0.218884
0.213119
0.207633
0.202414
0.197447
0.192723
0.18823
0.183956
0.179891
0.176026
0.172351
0.168857
0.165534
0.162376
0.159373
0.156518
0.153805
0.151226
0.148774
0.146444
0.14423
0.142125
0.140125
0.147635
0.154837
0.161745
0.168373
0.174731
0.180831
0.177015
0.173385
0.169934
0.166654
0.163534
0.169881
0.175974
0.181824
0.187443
0.192839
0.198024
0.202813
0.198045
0.19351
0.189196
0.185093
0.181191
0.177481
0.173952
0.179818
0.185452
0.190863
0.196062
0.201057
0.205858
0.210473
0.214909
0.219172
0.216567
0.211339
0.206364
0.201631
0.197128
0.192845
0.188772
0.184897
0.181213
0.17771
0.183189
0.188735
0.19406
0.199175
0.204087
0.208806
0.213338
0.217693
0.212565
0.207685
0.203042
0.198625
0.20337
0.207932
0.212318
0.216535
0.220591
0.224491
0.228243
0.231852
0.235323
0.229536
0.224027
0.218784
0.216258
0.220181
0.223956
0.227589
0.231087
0.234454
0.237695
0.240816
0.24382
0.246711
0.249494
0.252172
0.254746
0.257222
0.2596
0.261883
0.264072
0.266171
0.268178
0.270097
0.271928
0.27367
0.275325
0.276893
0.278374
0.279766
0.281071
0.282287
0.283414
0.28445
0.285394
-0.286246
-0.287003
-0.287665
-0.288229
-0.288694
-0.289058
-0.28932
-0.289477
-0.289527
-0.289469
-0.289299
-0.289017
-0.288619
-0.288103
-0.287468
-0.286711
-0.28583
-0.284822
-0.283685
-0.282418
-0.281018
-0.279482
-0.27781
-0.275998
-0.274045
-0.27195
-0.269709
-0.267323
-0.264788
-0.262104
-0.25927
-0.256283
-0.253143
-0.249849
-0.2464
-0.242795
-0.239033
-0.235115
-0.23104
-0.226807
-0.222417
-0.217871
-0.213168
-0.208308
-0.208949
-0.209534
-0.21007
-0.210561
-0.21101
-0.211422
-0.211799
-0.212146
-0.212463
-0.212755
-0.213023
-0.21327
-0.213496
-0.213705
-0.213897
-0.214074
-0.214237
-0.214387
-0.214526
-0.214655
-0.214773
-0.214883
-0.214985
-0.215079
-0.215166
-0.215247
-0.215322
-0.215391
-0.215456
-0.215516
-0.215572
-0.215624
-0.215672
-0.215718
-0.21576
-0.215799
-0.215836
-0.21587
-0.215902
-0.215932
-0.21596
-0.215986
-0.216011
-0.216034
-0.216056
-0.216076
-0.216095
-0.216113
-0.21613
-0.216145
-0.21616
-0.216253
-0.216334
-0.216411
-0.216476
-0.21654
-0.21659
-0.216615
-0.216608
-0.216601
-0.216594
-0.216587
-0.21658
-0.216574
-0.216567
-0.216561
-0.216555
-0.21655
-0.216544
-0.216539
-0.216609
-0.21663
-0.216594
-0.216492
-0.216316
-0.21634
-0.21636
-0.216378
-0.216394
-0.216408
-0.216419
-0.21643
-0.216439
-0.216446
-0.216452
-0.216458
-0.216462
-0.216466
-0.216469
-0.216472
-0.216474
-0.216475
-0.216476
-0.216477
-0.216477
-0.216478
-0.216477
-0.216477
-0.216477
-0.216476
-0.216475
-0.216475
-0.216474
-0.216473
-0.216472
-0.216471
-0.21647
-0.216469
-0.216468
-0.216467
-0.216466
-0.216464
-0.216463
-0.216462
-0.216461
-0.21646
-0.216459
-0.216458
-0.216457
-0.216457
-0.216456
-0.216455
-0.216454
-0.216453
-0.216452
-0.216452
-0.216451
-0.21645
-0.21645
-0.216449
-0.216448
-0.216448
-0.216447
-0.216447
-0.216446
-0.216446
-0.216445
-0.216445
-0.216444
-0.216444
-0.216443
-0.216443
-0.216443
-0.216442
-0.216442
-0.216442
-0.216441
-0.216441
-0.216441
-0.216441
-0.21644
-0.21644
-0.21644
-0.21644
-0.216439
-0.216439
-0.216439
-0.216439
-0.216439
-0.216439
-0.216438
-0.216438
-0.216438
-0.216438
-0.216438
-0.216438
-0.216438
-0.216438
-0.216437
-0.216437
-0.21644
-0.216442
-0.216445
-0.216448
-0.21645
-0.216452
-0.216454
-0.216456
-0.216457
-0.216459
-0.21646
-0.216461
-0.216462
-0.216463
-0.216464
-0.216465
-0.216466
-0.216466
-0.216465
-0.216464
-0.216463
-0.216462
-0.216461
-0.21646
-0.216459
-0.216458
-0.216457
-0.216456
-0.216455
-0.216454
-0.216454
-0.216453
-0.216452
-0.216451
-0.216451
-0.21645
-0.216449
-0.216449
-0.216448
-0.216447
-0.216447
-0.216446
-0.216446
-0.216445
-0.216445
-0.216444
-0.216444
-0.216444
-0.216443
-0.216443
-0.216443
-0.216442
-0.216442
-0.216442
-0.216441
-0.216441
-0.216441
-0.21644
-0.21644
-0.21644
-0.21644
-0.21644
-0.216439
-0.216439
-0.216439
-0.216439
-0.216439
-0.216438
-0.216438
-0.216438
-0.216438
-0.216438
-0.216438
-0.216438
-0.216438
-0.216437
-0.216437
-0.216437
-0.216437
-0.216437
-0.216437
-0.216437
-0.216437
-0.216437
-0.216437
-0.216437
-0.216437
-0.216437
-0.216436
-0.216436
-0.216465
-0.216448
-0.216377
-0.216242
-0.216036
-0.215752
-0.215384
-0.214927
-0.214375
-0.213725
-0.212973
-0.212116
-0.211151
-0.211735
-0.212303
-0.21293
-0.213643
-0.214318
-0.214912
-0.214451
-0.213952
-0.213406
-0.212804
-0.212139
-0.211404
-0.210594
-0.209704
-0.208729
-0.207664
-0.206506
-0.205252
-0.203899
-0.202444
-0.200885
-0.19922
-0.197447
-0.195565
-0.193572
-0.191468
-0.18925
-0.186919
-0.184473
-0.181912
-0.179235
-0.176443
-0.173534
-0.170509
-0.167368
-0.164109
-0.160735
-0.157244
-0.153638
-0.149915
-0.146078
-0.142126
-0.13806
-0.13388
-0.129589
-0.125185
-0.120671
-0.116047
-0.111315
-0.106476
-0.101531
-0.096482
-0.09133
-0.086078
-0.080726
-0.075278
-0.069734
-0.064098
-0.058372
-0.052558
-0.046658
-0.040676
-0.034615
-0.028476
-0.022264
-0.015982
-0.009634
0.003222
-0.003249
-0.009776
-0.016355
-0.022981
-0.02965
-0.021413
-0.013586
-0.006148
0.000918
0.00763
0.014006
0.020063
0.025816
0.031279
0.036468
0.041396
0.046076
0.050521
0.055359
0.063326
0.0755
0.087143
0.098272
0.108904
0.119058
0.127638
0.136935
0.145802
0.153589
0.16097
0.167968
0.174603
0.180893
0.186857
0.192535
0.197988
0.20321
0.208208
0.212992
0.217567
0.221942
0.226123
0.230116
0.233929
0.237566
0.238155
0.235434
0.231837
0.227478
0.22333
0.219383
0.215626
0.212052
0.208651
0.205416
0.202339
0.199412
0.196629
0.193982
0.191465
0.189072
0.186796
0.184632
0.182575
0.18062
0.178761
0.176994
0.175314
0.173718
0.1722
0.170758
0.169387
0.168084
0.166846
0.165669
0.16455
0.163487
0.162478
0.161518
0.160606
0.159739
0.158916
0.158133
0.15739
0.156683
0.156012
0.155374
0.154767
0.154191
0.153644
0.153124
0.15263
0.152161
0.151715
0.151291
0.150889
0.152838
0.157463
0.164832
0.171877
0.178609
0.18504
0.19118
0.197039
0.202626
0.207952
0.213025
0.217853
0.222445
0.226809
0.230952
0.23488
0.2386
-0.242119
-0.245442
-0.248573
-0.251519
-0.254283
-0.25687
-0.259284
-0.261527
-0.263604
-0.265516
-0.266932
-0.262123
-0.257537
-0.253167
-0.249001
-0.245033
-0.241253
-0.237652
-0.234224
-0.230959
-0.227852
-0.224894
-0.222079
-0.2194
-0.216851
-0.214426
-0.212119
-0.209924
-0.207837
-0.205851
-0.203963
-0.202167
-0.20046
-0.198836
-0.197293
-0.195825
-0.194429
-0.193103
-0.191842
-0.190643
-0.189504
-0.18842
-0.187391
-0.186412
-0.185482
-0.184598
-0.183758
-0.18296
-0.182201
-0.18148
-0.180794
-0.180143
-0.179524
-0.178936
-0.178377
-0.177846
-0.177342
-0.176862
-0.176407
-0.175974
-0.175563
-0.175172
-0.1748
-0.174447
-0.174112
-0.173793
-0.173491
-0.173203
-0.17293
-0.172671
-0.172424
-0.17219
-0.171967
-0.171755
-0.171554
-0.171363
-0.171182
-0.17101
-0.170846
-0.17069
-0.170543
-0.170402
-0.170269
-0.170142
-0.170022
-0.169907
-0.169799
-0.169695
-0.169597
-0.169504
-0.169415
-0.169332
-0.169252
-0.169176
-0.169104
-0.169035
-0.16897
-0.168908
-0.16885
-0.168794
-0.168741
-0.16869
-0.168643
-0.161789
-0.155175
-0.148779
-0.142577
-0.136552
-0.130683
-0.124955
-0.119349
-0.113853
-0.108452
-0.103133
-0.097884
-0.101151
-0.104252
-0.107196
-0.109991
-0.112645
-0.115163
-0.117555
-0.119825
-0.121981
-0.116806
-0.111778
-0.106878
-0.102091
-0.097402
-0.092797
-0.088264
-0.083791
-0.079367
-0.074983
-0.070628
-0.066296
-0.061977
-0.057665
-0.053355
-0.049038
0.044712
0.04037
0.036008
0.031623
0.027211
0.022769
0.018295
0.013785
0.009239
0.004654
0.000029
-0.004637
-0.009345
-0.011946
-0.011338
-0.004233
0.002518
0.008931
0.015023
0.020809
0.026305
0.031525
0.036482
0.041191
0.045663
0.049909
0.053942
0.057773
0.06141
0.064864
0.06994
0.075717
0.082124
0.088557
0.09476
0.103653
0.113703
0.123315
0.132503
0.141283
0.14967
0.157681
0.165328
0.170867
0.169014
0.167253
0.165579
0.163988
0.162477
0.16104
0.159674
0.166763
0.173549
0.180044
0.186258
0.192201
0.197883
0.203314
0.208503
0.213458
0.210031
0.20669
0.203593
0.200308
0.197184
0.194213
0.191387
0.1887
0.194313
0.19969
0.204838
0.209765
0.21448
0.218989
0.223301
0.227421
0.231356
0.235112
0.238695
0.24211
0.237258
0.232638
0.22824
0.224054
0.22007
0.216279
0.212671
0.209239
0.213342
0.217762
0.221995
0.226045
0.229919
0.233623
0.237161
0.24054
0.243763
0.246836
0.249763
0.252547
0.255192
0.257702
0.26008
0.262328
-0.264449
-0.266446
-0.268319
-0.270071
-0.271705
-0.273219
-0.274549
-0.27549
-0.275736
-0.271053
-0.265897
-0.260982
-0.256295
-0.251829
-0.247573
-0.243518
-0.239657
-0.235979
-0.232477
-0.229144
-0.22597
-0.22295
-0.220076
-0.217341
-0.214739
