0.0
0.012855
0.024635
0.035427
0.045313
0.054367
0.062659
0.070252
0.077206
0.083573
0.089404
0.094743
0.099632
0.10411
0.108211
0.111967
0.115407
0.118558
0.121445
0.124089
0.12651
0.128729
0.130762
0.132624
0.134331
0.135894
0.137327
0.138639
0.139842
0.140945
0.141955
0.14288
0.143729
0.144506
0.145218
0.145871
0.14647
0.147018
0.147521
0.147982
0.148404
0.148791
0.149146
0.149471
0.149769
0.150042
0.150292
0.150522
0.150732
0.150925
0.151102
0.151264
0.151412
0.151548
0.151673
0.151787
0.151892
0.151988
0.152076
0.152157
0.152231
0.152299
0.152361
0.152418
0.15247
0.152518
0.152562
0.152602
0.152639
0.152673
0.152704
0.152733
0.152759
0.152782
0.152804
0.152824
0.152843
0.15286
0.152875
0.152889
0.152902
0.152914
0.152925
0.152935
0.152944
0.152953
0.15296
0.15286
0.152654
0.152343
0.151928
0.151408
0.150785
0.150059
0.14923
0.148297
0.148222
0.148225
0.148228
0.14823
0.148232
0.148234
0.148236
0.148238
0.14824
0.148241
0.148242
0.148243
0.148245
0.148246
0.148246
0.148247
0.150549
0.154672
0.160058
0.166364
0.172447
0.178179
0.183478
0.188913
0.194476
0.199765
0.204662
0.209074
0.213039
0.217704
0.222233
0.226375
0.230037
0.23366
0.236833
0.239738
0.242397
0.244832
0.247202
0.249373
0.25136
0.253181
0.254848
0.256643
0.258147
0.259753
0.260916
0.261939
0.262833
0.263606
0.264135
0.264696
0.265153
0.265509
0.265769
0.2658
0.265881
0.265868
0.265626
0.265436
0.265151
0.264769
0.264288
0.263707
0.263145
0.263424
0.26368
0.263915
0.26413
0.264327
0.264508
0.264532
0.264554
0.264574
0.264592
0.264609
0.264625
0.264601
0.264512
0.264367
0.264165
0.263905
0.263587
0.26321
0.262771
0.26227
0.261703
0.26107
0.260366
0.25959
0.259327
0.259332
0.259336
0.259339
0.25949
0.259481
0.259473
0.259465
0.259458
0.259451
0.259445
0.25944
0.259435
0.25943
0.259426
0.259422
0.259419
0.259416
0.259413
0.25941
0.259407
0.259405
0.259403
0.259401
0.259399
0.259331
0.259195
0.258994
0.258725
0.25839
0.257986
0.257514
0.256971
0.256355
0.255665
0.254898
0.254053
0.253126
0.252114
0.25117
0.249968
0.248673
0.247282
0.24662
0.24661
0.246601
0.246593
0.246586
0.246579
0.246573
0.246567
0.246559
0.246451
0.246257
0.245977
0.245611
0.245159
0.24462
0.243993
0.243277
0.242471
0.241733
0.240889
0.239938
0.238879
0.23771
0.236429
0.234871
0.23321
0.231441
0.229563
0.227571
0.225462
0.223233
0.220879
0.220845
0.220813
0.220784
0.220757
0.220901
0.220864
0.22083
0.2208
0.220768
0.220605
0.220329
0.219941
0.21944
0.218828
0.218104
0.217267
0.216317
0.215252
0.214073
0.212778
0.211365
0.209832
0.208179
0.206403
0.204503
0.202475
0.200319
0.200314
0.200309
0.200304
0.2003
0.200296
0.200293
0.200289
0.200153
0.199885
0.199487
0.199133
0.198462
0.197664
0.196738
0.195859
0.194664
0.193341
0.191891
0.190311
0.188601
0.186934
0.18512
0.182984
0.182945
0.18291
0.182878
0.182848
0.182821
0.182796
0.182773
0.182746
0.182551
0.18239
0.1819
0.181271
0.180679
0.179935
0.179042
0.177999
0.176808
0.175469
0.173983
0.174063
0.174138
0.174206
0.174094
0.174165
0.174231
0.174291
0.17253
0.166178
0.152134
0.139231
0.127381
0.116502
0.106517
0.097354
0.088947
0.081234
0.07416
0.067672
0.061722
0.056266
0.051262
0.046675
0.042469
0.038613
0.035077
0.031836
0.028865
0.026141
0.023643
0.021354
0.019255
0.017332
0.015568
0.013951
0.01247
0.011111
0.009866
0.008724
0.007678
0.006719
0.00584
0.005034
0.004295
0.003618
0.002997
0.002428
0.001906
0.001428
0.00099
0.000588
0.00022
-0.000118
-0.000427
-0.000711
-0.000971
-0.001209
-0.001428
-0.001628
-0.001812
-0.002707
-0.00502
-0.009357
-0.016829
-0.027562
-0.038888
-0.049442
-0.059112
-0.067971
-0.076264
-0.083684
-0.090482
-0.096709
-0.102413
-0.10764
-0.112428
-0.116814
-0.120833
-0.124515
-0.128065
-0.131142
-0.134136
-0.13688
-0.139219
-0.141538
-0.143663
-0.14561
-0.147394
-0.149029
-0.150528
-0.151901
-0.153159
-0.154313
-0.15537
-0.156339
-0.157227
-0.158041
-0.158786
-0.15947
-0.160097
-0.159761
-0.157632
-0.154593
-0.152157
-0.149923
-0.147874
-0.146189
-0.14445
-0.142856
-0.141219
-0.139718
-0.138517
-0.137417
-0.136232
-0.135321
-0.134135
-0.133047
-0.130055
-0.127522
-0.124114
-0.120439
-0.109913
-0.10005
-0.090787
-0.082065
-0.073831
-0.066034
-0.060193
-0.054836
-0.049925
-0.045421
-0.041292
-0.037507
-0.034036
-0.030854
-0.027937
-0.025263
-0.022812
-0.020565
-0.018505
-0.016616
-0.014885
-0.013298
-0.011843
-0.010358
-0.008835
-0.007267
-0.005647
-0.003969
-0.002229
-0.000421
0.001459
0.003413
0.005446
0.00756
0.009756
0.010224
0.010654
0.011047
0.011408
0.011739
0.012042
0.01232
0.012575
0.012808
0.013022
0.013218
0.013398
0.013563
0.013715
0.013853
0.01398
0.014111
0.014415
0.014832
0.015415
0.016134
0.016988
0.017976
0.019095
0.020345
0.021724
0.02323
0.024861
0.026617
0.028494
0.030491
0.032605
0.032635
0.032663
0.032689
0.032712
0.032733
0.032753
0.032771
0.032787
0.032802
0.032816
0.032829
0.03284
0.032851
0.032861
0.03287
0.032878
0.032886
0.032893
0.032899
0.032905
0.03291
0.032915
0.032919
0.032924
0.032927
0.032931
0.032934
0.032937
0.03294
0.032942
0.032945
0.032947
0.032949
0.03295
0.032952
0.032954
0.032955
0.032956
0.032957
0.032958
0.032958
0.032958
0.032958
0.032958
0.032958
0.032958
0.032958
0.032958
0.032958
0.032958
0.032958
0.032958
0.032958
0.032958
0.032958
0.032958
0.032958
0.032958
0.032958
0.032958
0.032958
0.032958
0.032958
0.034433
0.037433
0.040359
0.043215
0.045658
0.048265
0.05083
0.053181
0.055529
0.057856
0.059988
0.061435
0.062795
0.063876
0.064498
0.064708
0.064705
0.064496
0.06409
0.063491
0.062707
0.061743
0.06078
0.060179
0.060837
0.067962
0.077419
0.089393
0.100902
0.111616
0.121425
0.130406
0.138628
0.146156
0.153049
0.159361
0.165141
0.170434
0.175281
0.17972
0.183786
0.18751
0.190922
0.194046
0.196909
0.199531
0.201934
0.204135
0.206152
0.208
0.209693
0.211245
0.212667
0.213969
0.215164
0.216258
0.21726
0.218179
0.219022
0.219793
0.220501
0.221149
0.221743
0.222149
0.222375
0.222427
0.22231
0.222027
0.221581
0.220975
0.220212
0.219292
0.218217
0.216989
0.215608
0.214073
0.212386
0.210545
0.20855
0.206401
0.204096
0.201635
0.199017
0.196239
0.193302
0.192686
0.19276
0.192828
0.19289
0.192947
0.193
0.193048
0.193092
0.193132
0.193169
0.193203
0.193097
0.192821
0.192387
0.191796
0.19105
0.190149
0.189095
0.187887
0.186526
0.185013
0.183346
0.181525
0.179551
0.177422
0.175138
0.172698
0.172631
0.172638
0.172644
0.17265
0.172656
0.17249
0.172156
0.171655
0.170989
0.170159
0.169166
0.16801
0.166693
0.165215
0.163576
0.161777
0.161779
0.161781
0.161783
0.161784
0.161785
0.161787
0.161739
0.161472
0.161034
0.160424
0.159646
0.158699
0.157586
0.156307
0.154862
0.154862
0.154862
0.154862
0.154862
0.154862
0.152393
0.135724
0.120217
0.105975
0.092898
0.080895
0.069881
0.059776
0.050507
0.042007
0.034212
0.027064
0.020511
0.014503
0.008995
0.003946
-0.000682
-0.004925
-0.008815
-0.01238
-0.015647
-0.018642
-0.021388
-0.023904
-0.026211
-0.028325
-0.030263
-0.03204
-0.033668
-0.03516
-0.036528
-0.037782
-0.038931
-0.039985
-0.040951
-0.041836
-0.042647
-0.043391
-0.044073
-0.044698
-0.04527
-0.045795
-0.046277
-0.046718
-0.047122
-0.047493
-0.047833
-0.048144
-0.048429
-0.048691
-0.048931
-0.049151
-0.049352
-0.049537
-0.049706
-0.049861
-0.050004
-0.050134
-0.050254
-0.050363
-0.050464
-0.050556
-0.05064
-0.050718
-0.050789
-0.050853
-0.050913
-0.050968
-0.051018
-0.051064
-0.051106
-0.051144
-0.051179
-0.051212
-0.051186
-0.050977
-0.050622
-0.050123
-0.049482
-0.0487
-0.047779
-0.046721
-0.045527
-0.044198
-0.042737
-0.042748
-0.042759
-0.042768
-0.042777
-0.042785
-0.042792
-0.042799
-0.042805
-0.042811
-0.042816
-0.042821
-0.042825
-0.042681
-0.04239
-0.041955
-0.041377
-0.040657
-0.039798
-0.038801
-0.037668
-0.036399
-0.0362
-0.036202
-0.036921
-0.037772
-0.039463
-0.041187
-0.04296
-0.044585
-0.04625
-0.04795
-0.049701
-0.051114
-0.052409
-0.053788
-0.055052
-0.056211
-0.057171
-0.057685
-0.057992
-0.058098
-0.058011
-0.057928
-0.057648
-0.057177
-0.05652
-0.055684
-0.054673
-0.05389
-0.054298
-0.054671
-0.055013
-0.055503
-0.055776
-0.056026
-0.056256
-0.056642
-0.05682
-0.056983
-0.057133
-0.05727
-0.057395
-0.057511
-0.057616
-0.057713
-0.057802
-0.057883
-0.057958
-0.058026
-0.058089
-0.058322
-0.05836
-0.058395
-0.058427
-0.058456
-0.058483
-0.058508
-0.058706
-0.058712
-0.058717
-0.058723
-0.058727
-0.058731
-0.058735
-0.058915
-0.058903
-0.059069
-0.059221
-0.059184
-0.05915
-0.059295
-0.059428
-0.059374
-0.0595
-0.059616
-0.059722
-0.059819
-0.059732
-0.059829
-0.059917
-0.059822
-0.059911
-0.059993
-0.060067
-0.060136
-0.060199
-0.06008
-0.060148
-0.060034
-0.059929
-0.059833
-0.059745
-0.059664
-0.059766
-0.05986
-0.05977
-0.059588
-0.059421
-0.058927
-0.058297
-0.057533
-0.056812
-0.055769
-0.054771
-0.053453
-0.052185
-0.051976
-0.051903
-0.052013
-0.052114
-0.052206
-0.052114
-0.052206
-0.05229
-0.052191
-0.051952
-0.05175
-0.051396
-0.050714
-0.050077
-0.049115
-0.048023
-0.046978
-0.04579
-0.044283
-0.042651
-0.042553
-0.042655
-0.042563
-0.042301
-0.041898
-0.041532
-0.040835
-0.04018
-0.039375
-0.038422
-0.037324
-0.036083
-0.034523
-0.033016
-0.03309
-0.032979
-0.033056
-0.033126
-0.03319
-0.033071
-0.032962
-0.03304
-0.032934
-0.032837
-0.032747
-0.032666
-0.032768
-0.032862
-0.032948
-0.033027
-0.032922
-0.032825
-0.032737
-0.032656
-0.032759
-0.032676
-0.032778
-0.032871
-0.032779
-0.032872
-0.032957
-0.033035
-0.032929
-0.033009
-0.033083
-0.033151
-0.033212
-0.033269
-0.033472
-0.03382
-0.034311
-0.034943
-0.03498
-0.034836
-0.034882
-0.034924
-0.034962
-0.034997
-0.03503
-0.035059
-0.035086
-0.035111
-0.034956
-0.034814
-0.034862
-0.034905
-0.034945
-0.034982
-0.034838
-0.034883
-0.034925
-0.034786
-0.034835
-0.034881
-0.034923
-0.034961
-0.034996
-0.035029
-0.035058
-0.034163
-0.03132
-0.028713
-0.026324
-0.024133
-0.022125
-0.020285
-0.018597
-0.01705
-0.015632
-0.014332
-0.013141
-0.012048
-0.011047
-0.010129
-0.009288
-0.008517
-0.00781
-0.007161
-0.006567
-0.006023
-0.005524
-0.005066
-0.004646
-0.004262
-0.003909
-0.003586
-0.00329
-0.003019
-0.00277
-0.002541
-0.002332
-0.002141
-0.001965
-0.001804
-0.001656
-0.001521
-0.001397
-0.001283
-0.001178
-0.001083
-0.000995
-0.000915
-0.000841
-0.000774
-0.000712
-0.000655
-0.000603
-0.000555
-0.000512
-0.000472
-0.000435
-0.000401
-0.00037
-0.000342
-0.000316
-0.000292
-0.00027
-0.00025
-0.000232
-0.000215
-0.0002
-0.000186
-0.000173
-0.000161
-0.00015
-0.00014
-0.000131
-0.000122
-0.000115
-0.000107
-0.000101
-0.000095
-0.00009
-0.000085
-0.00008
-0.000076
-0.000072
-0.000068
-0.000065
-0.000062
-0.000059
-0.000057
-0.000054
-0.000052
-0.00005
-0.000049
-0.000047
-0.000045
-0.000044
-0.000043
-0.000041
-0.00004
-0.000039
-0.000039
-0.000039
-0.000039
-0.000039
-0.000039
-0.000039
-0.000039
-0.000039
-0.000039
-0.000039
-0.000039
-0.000039
-0.000039
-0.000039
-0.000039
-0.000039
-0.000039
-0.000039
-0.000039
-0.000039
-0.000039
-0.000039
-0.000039
-0.000039
-0.000039
-0.000039
-0.000039
-0.000039
-0.000039
-0.000039
-0.000039
-0.000039
0.000047
0.00031
0.000722
0.001278
0.001979
0.002821
0.003803
0.004923
0.006179
0.007568
0.007568
0.007568
0.007568
0.007568
0.004624
-0.002137
-0.016281
-0.031655
-0.045961
-0.058903
-0.070582
-0.081092
-0.09052
-0.098946
-0.106441
-0.113073
-0.118903
-0.123985
-0.12837
-0.132105
-0.135231
-0.137786
-0.139805
-0.14132
-0.142358
-0.142947
-0.145906
-0.148617
-0.151102
-0.153378
-0.155464
-0.157375
-0.159127
-0.160732
-0.162203
-0.1635
-0.164478
-0.165189
-0.165643
-0.165849
-0.165815
-0.165549
-0.165057
-0.164346
-0.16342
-0.162285
-0.160944
-0.159401
-0.15766
-0.155724
-0.153595
-0.151275
-0.148767
-0.146072
-0.143191
-0.140127
-0.136879
-0.133451
-0.129842
-0.126053
-0.122087
-0.117943
-0.113623
-0.109128
-0.104459
-0.099618
-0.094606
-0.092213
-0.092282
-0.092346
-0.092405
-0.092459
-0.092508
-0.092553
-0.092594
-0.092632
-0.092667
-0.092699
-0.09253
-0.092163
-0.0916
-0.090844
-0.089897
-0.088761
-0.087439
-0.08593
-0.084239
-0.082365
-0.080311
-0.078078
-0.075668
-0.073082
-0.07032
-0.067386
-0.06428
-0.061003
-0.057557
-0.053943
-0.050164
-0.04622
-0.042114
-0.037848
-0.033423
-0.028842
-0.024107
-0.01922
-0.014186
-0.009005
-0.003683
0.001779
0.007376
0.013105
0.01896
0.024939
0.031035
0.037245
0.043562
0.049982
0.056497
0.063103
0.069792
0.076557
0.083392
0.083392
0.083392
0.083392
0.083392
0.083392
0.083392
0.083392
0.083392
0.083392
0.083392
0.083392
0.083392
0.083392
0.083392
0.083392
0.083392
0.083392
0.083392
0.083392
0.083392
0.083392
0.083392
0.083392
0.083448
0.083754
0.084255
0.084949
0.085834
0.086905
0.08816
0.089596
0.09121
0.092997
0.094955
0.097079
0.099366
0.101813
0.104415
0.107169
0.110069
0.113113
0.116294
0.119759
0.123691
0.127678
0.131653
0.135692
0.139791
0.14437
0.150419
0.159045
0.167046
0.174248
0.180717
0.18651
0.191683
0.196284
0.197853
0.199277
0.20057
0.201744
0.202811
0.203781
0.204665
0.205469
0.206201
0.206869
0.207478
0.208033
0.20854
0.209002
0.209425
0.20981
0.210204
0.210601
0.211001
0.211401
0.2118
0.212197
0.212589
0.212975
0.213353
0.213721
0.214078
0.21442
0.214745
0.215052
0.215337
0.215597
0.215632
0.215665
0.215695
0.215722
0.215747
0.21577
0.215791
0.21581
0.215828
0.215844
0.215858
0.215872
0.215884
0.215895
0.215906
0.215915
0.215924
0.215932
0.215939
0.215946
0.215952
0.215958
0.215963
0.215968
0.215972
0.215976
0.215979
0.216315
0.216999
0.217887
0.21869
0.219379
0.219973
0.220485
0.220926
0.221308
0.221638
0.221925
0.222173
0.22239
0.222579
0.222744
0.222888
0.223014
0.223125
0.223223
0.223309
0.223385
0.223452
0.223512
0.223565
0.223612
0.223654
0.223691
0.223724
0.223754
0.223781
0.223805
0.223827
0.223847
0.223864
0.22388
0.223857
0.223743
0.223554
0.223259
0.22291
0.22255
0.222185
0.221822
0.221464
0.221117
0.220781
0.220459
0.220151
0.21986
0.219584
0.219324
0.21908
0.218851
0.218637
0.218437
0.218251
0.218078
0.217917
0.217768
0.21763
0.217503
0.217384
0.217275
0.217174
0.217081
0.216996
0.216916
0.216844
0.216777
0.216715
0.216658
0.216606
0.216558
0.216513
0.216473
0.21667
0.21731
0.218195
0.218955
0.219608
0.22017
0.220655
0.221074
0.221436
0.22175
0.222022
0.222259
0.222465
0.222645
0.222705
0.222471
0.222106
0.221743
0.221388
0.221042
0.220709
0.22039
0.220086
0.219798
0.219526
0.219269
0.219028
0.218803
0.218592
0.218395
0.218212
0.218042
0.217884
0.217737
0.217601
0.217476
0.21736
0.217252
0.217153
0.217062
0.216978
0.2169
0.216828
0.216762
0.216702
0.216646
0.216595
0.216547
0.216504
0.216464
0.216428
0.216394
0.216363
0.216335
0.216309
0.216285
0.216263
0.216242
0.216224
0.216207
0.216191
0.216177
0.216164
0.216152
0.216141
0.216131
0.216121
0.216113
0.216105
0.21627
0.217302
0.218188
0.218949
0.219604
0.220167
0.220653
0.221072
0.221435
0.221749
0.222022
0.222259
0.222466
0.222646
0.222803
0.222941
0.223062
0.223168
0.223261
0.223344
0.223417
0.223481
0.223539
0.223589
0.223567
0.2234
0.223058
0.222701
0.222337
0.221972
0.221611
0.221259
0.220918
0.220589
0.220276
0.219978
0.219695
0.20802
0.190971
0.175276
0.16084
0.147567
0.135371
0.124167
0.11388
0.104436
0.095769
0.087815
0.080518
0.073825
0.067685
0.062054
0.056891
0.052155
0.047814
0.043832
0.045856
0.060158
0.073257
0.085254
0.09624
0.1063
0.115513
0.123949
0.131674
0.138749
0.145227
0.151161
0.156595
0.161572
0.166131
0.170306
0.174131
0.177635
0.180847
0.183797
0.186508
0.188999
0.19129
0.193396
0.1955
0.197604
0.199648
0.201564
0.203315
0.204895
0.206335
0.207636
0.208817
0.209885
0.210847
0.21172
0.212511
0.213156
0.213653
0.21385
0.213896
0.213888
0.213841
0.213766
0.213673
0.213567
0.213455
0.213337
0.213216
0.213091
0.21296
0.212823
0.212676
0.212515
0.212337
0.212649
0.212933
0.213192
0.213429
0.213646
0.213844
0.214024
0.214189
0.21434
0.214479
0.214605
0.21472
0.214826
0.214923
0.215012
0.215093
0.215167
0.215234
0.215296
0.215353
0.215405
0.215452
0.215495
0.215535
0.215571
0.215604
0.215635
0.215663
0.215689
0.215713
0.215735
0.215755
0.215773
0.215787
0.215786
0.215772
0.215747
0.215707
0.215654
0.215585
0.215499
0.215395
0.21527
0.215122
0.214949
0.214747
0.214515
0.214249
0.213946
0.213602
0.213215
0.21278
0.212295
0.211754
0.211155
0.210493
0.209765
0.20977
0.209775
0.209779
0.209784
0.209787
0.209791
0.209794
0.209797
0.209799
0.209802
0.209804
0.209806
0.209808
0.209809
0.209811
0.209812
0.209814
0.209815
0.209816
0.209817
0.209818
0.209819
0.20982
0.209821
0.209821
0.209822
0.209823
0.209823
0.209824
0.209824
0.209824
0.209825
0.209825
0.209826
0.209826
0.209826
0.209826
0.209789
0.209715
0.209604
0.209456
0.20927
0.209044
0.208779
0.208472
0.208122
0.207726
0.207284
0.206793
0.20625
0.205653
0.205
0.204287
0.203511
0.20267
0.201761
0.20078
0.199724
0.19859
0.197373
0.197373
0.197373
0.197373
0.197373
0.197373
0.197373
0.197373
0.197373
0.197373
0.197373
0.197336
0.197226
0.197054
0.196822
0.196528
0.196172
0.195753
0.195271
0.194724
0.194112
0.193432
0.192682
0.191862
0.190969
0.19
0.188955
0.18783
0.186623
0.185331
0.183952
0.182484
0.180923
0.179267
0.177513
0.175659
0.173702
0.171639
0.169467
0.167283
0.167283
0.167283
0.167283
0.167283
0.167283
0.167283
0.167283
0.167283
0.167283
0.167283
0.167283
0.167283
0.167283
0.167283
0.167283
0.167283
0.167283
0.167283
0.167283
0.167283
0.167283
0.167283
0.167283
0.167283
0.167283
0.167283
0.167283
0.167283
0.167283
0.167283
0.167283
0.167283
0.167283
0.167283
0.167283
0.167283
0.167283
0.167283
0.167283
0.167283
0.167283
0.167283
0.167283
0.167283
0.167283
0.167283
0.167283
0.167283
0.167283
0.167283
0.167283
0.167283
0.167283
0.167283
0.167283
0.167283
0.167283
0.167283
0.16724
0.167081
0.166828
0.166481
0.16604
0.165507
0.16488
0.16416
0.163346
0.162438
0.161436
0.160337
0.159141
0.157848
0.156455
0.154963
0.153368
0.153368
0.153368
0.153368
0.153368
0.153368
0.153368
0.153368
0.153368
0.153368
0.153368
0.153262
0.15305
-0.152733
-0.152313
-0.151789
-0.151163
-0.150434
-0.149602
-0.148667
-0.148599
-0.148599
-0.148599
-0.148599
-0.148599
-0.148599
-0.148599
-0.148599
-0.148599
-0.148599
-0.148599
-0.148599
-0.148599
-0.148599
-0.148599
-0.148599
-0.148599
-0.148599
-0.148599
-0.148599
-0.148599
-0.148599
-0.148599
-0.148599
-0.148599
-0.148599
-0.148599
-0.148599
-0.148599
-0.148599
-0.148599
-0.148599
-0.148599
-0.148599
-0.148599
-0.148599
-0.148599
-0.148599
-0.148599
-0.148599
-0.148599
-0.148599
-0.148599
-0.148599
-0.148599
-0.148599
-0.148599
-0.148599
-0.148599
-0.148599
-0.148599
-0.148599
-0.148599
-0.148599
-0.148599
-0.148599
-0.148599
-0.148599
-0.148599
-0.148599
-0.148599
-0.148599
-0.148599
-0.148599
-0.148599
-0.148599
-0.148599
-0.148599
-0.148599
-0.148599
-0.148599
-0.148599
-0.148599
-0.148599
-0.148599
-0.148599
-0.148599
-0.148599
-0.148599
-0.148599
-0.148599
-0.148599
-0.148599
-0.148599
-0.148599
-0.148599
-0.148599
-0.148599
-0.148599
-0.148599
-0.148599
-0.148599
-0.148599
-0.148599
-0.148599
-0.148599
-0.148599
-0.148599
-0.148599
-0.148599
-0.148599
-0.148599
-0.148599
-0.148599
-0.148599
-0.148599
-0.148599
-0.148599
-0.148599
-0.148599
-0.148599
-0.148599
-0.148599
-0.148599
-0.148599
-0.148599
-0.148599
-0.148599
-0.148599
-0.148599
-0.148599
-0.148599
-0.148599
-0.148635
-0.148913
-0.150889
-0.153206
-0.155818
-0.157976
-0.159953
-0.161623
-0.163294
-0.164825
-0.166355
-0.167757
-0.168914
-0.169974
-0.170946
-0.171836
-0.174101
-0.184021
-0.188037
-0.188943
-0.189399
-0.189697
-0.18997
-0.190222
-0.190452
-0.190663
-0.190977
-0.191144
-0.191419
-0.19242
-0.19787
-0.206117
-0.214021
-0.221241
-0.227836
-0.233861
-0.239368
-0.244402
-0.249003
-0.25321
-0.257058
-0.259294
-0.255995
-0.24976
-0.242485
-0.234901
-0.227923
-0.221507
-0.215608
-0.210188
-0.205208
-0.200633
-0.196433
-0.192576
-0.189036
-0.185786
-0.182804
-0.180068
-0.177557
-0.175253
-0.17314
-0.171201
-0.169423
-0.167793
-0.166297
-0.164925
-0.163667
-0.159322
-0.150789
-0.140547
-0.130061
-0.120003
-0.110751
-0.102238
-0.094
-0.086418
-0.079438
-0.073015
-0.067064
-0.061437
-0.056271
-0.051795
-0.047691
-0.043928
-0.052774
-0.060876
-0.068296
-0.075091
-0.081314
-0.087013
-0.092232
-0.097012
-0.10139
-0.1054
-0.109073
-0.112437
-0.11605
-0.119762
-0.123303
-0.126948
-0.130829
-0.134653
-0.138414
-0.142
-0.145682
-0.149324
-0.152531
-0.155467
-0.158157
-0.160748
-0.16325
-0.165413
-0.167395
-0.169211
-0.170874
-0.172525
-0.174038
-0.175424
-0.176694
-0.177858
-0.178924
-0.179901
-0.180796
-0.181617
-0.182369
-0.183057
-0.183689
-0.184268
-0.184798
-0.185284
-0.18573
-0.186138
-0.183083
-0.18028
-0.177707
-0.175348
-0.173182
-0.171196
-0.169374
-0.167704
-0.166171
-0.164765
-0.163476
-0.162294
-0.16121
-0.160216
-0.159305
-0.158469
-0.157703
-0.157
-0.156356
-0.155766
-0.155224
-0.154728
-0.154273
-0.153855
-0.153473
-0.153122
-0.152801
-0.152506
-0.152236
-0.151988
-0.151761
-0.151553
-0.151362
-0.151187
-0.151027
-0.15088
-0.150745
-0.150621
-0.150508
-0.150404
-0.150309
-0.148744
-0.143023
-0.13266
-0.121375
-0.110744
-0.100977
-0.092008
-0.083773
-0.076215
-0.069279
-0.062915
-0.057078
-0.051723
-0.046812
-0.042309
-0.038179
-0.034393
-0.030921
-0.027738
-0.02482
-0.022144
-0.019692
-0.017443
-0.015382
-0.013492
-0.01176
-0.010172
-0.008716
-0.007382
-0.006159
-0.005038
-0.00401
-0.003068
-0.002204
-0.001412
-0.000687
-0.000021
0.000588
0.001147
0.00166
0.00213
0.00256
0.002955
0.003316
0.003648
0.003952
0.004231
0.004486
0.00472
0.004935
0.005132
0.005312
0.005478
0.005629
0.005768
0.005895
0.006012
0.006119
0.006217
0.006307
0.006389
0.006465
0.006534
0.006598
0.006656
0.006709
0.006758
0.006803
0.006844
0.006882
0.006916
0.006948
0.006977
0.007004
0.007028
0.00705
0.007071
0.007089
0.007107
0.007123
0.007137
0.00715
0.007162
0.007174
0.007184
0.007193
0.007202
0.00721
0.007217
0.007223
0.007229
0.007235
0.00724
0.007245
0.007249
0.007253
0.007257
0.00726
0.007263
0.007266
0.007268
0.007271
0.007273
0.007275
0.007276
0.007278
0.007279
0.007281
0.007282
0.007283
0.007284
0.007285
0.007078
0.006664
0.006047
0.00523
0.004215
0.003005
0.001603
0.00001
0.00177
0.003735
0.005882
0.008209
0.010713
0.013391
0.016241
0.019259
0.022444
0.025791
0.029298
0.032962
0.036779
0.040746
0.044859
0.049115
0.053509
0.058038
0.062696
0.06748
0.072386
0.072386
0.072386
0.072386
0.072386
0.072386
0.072386
0.072386
0.072386
0.072588
0.07299
0.073589
0.074381
0.075364
0.076535
0.077891
0.079428
0.081143
0.083033
0.085094
0.087323
0.089716
0.09227
0.094979
0.100615
0.109283
0.119517
0.128925
0.137572
0.145518
0.152819
0.159526
0.165685
0.171339
0.176526
0.181281
0.185635
0.189618
0.193255
0.196569
0.19958
0.202306
0.204763
0.206966
0.208927
0.210657
0.212165
0.213459
0.214545
0.21543
0.215509
0.21558
0.215645
0.215704
0.215757
0.215806
0.21585
0.21589
0.215926
0.21596
0.21599
0.216018
0.216043
0.216066
0.216087
0.216107
0.216124
0.21614
0.216155
0.216168
0.21618
0.216192
0.216202
0.216211
0.21622
0.216228
0.216235
0.216242
0.216248
0.216253
0.216258
0.216263
0.216267
0.216271
0.216275
0.216278
0.216281
0.216284
0.216286
0.216288
0.216291
0.216292
0.216294
0.216296
0.216297
0.216304
0.216316
0.216331
0.21635
0.21637
0.216391
0.21641
0.216426
0.216436
0.216438
0.216429
0.216406
0.216367
0.216308
0.216226
0.216117
0.215978
0.215806
0.215595
0.215343
0.215044
0.214696
0.214293
0.213832
0.213307
0.212715
0.212051
0.211311
0.210489
0.209582
0.209533
0.209532
0.209532
0.209531
0.20953
0.20953
0.20953
0.209529
0.209529
0.209528
0.209528
0.209528
0.209527
0.209527
0.209527
0.209527
0.209527
0.209527
0.209527
0.209527
0.209527
0.209527
0.209527
0.209527
0.209527
0.209527
0.209523
0.209473
0.209386
0.20926
0.209097
0.208894
0.208651
0.208367
0.20804
0.207668
0.207251
0.206785
0.206268
0.205699
0.205074
0.204391
0.203647
0.202839
0.201965
0.20102
0.200002
0.198907
0.197732
0.196475
0.196475
0.196475
0.196475
0.196475
0.196475
0.196475
0.196475
0.196475
0.196475
0.196475
0.196475
0.196475
0.196475
0.196475
0.196475
0.196475
0.196475
0.196475
0.196475
0.196475
0.196475
0.196475
0.196475
0.196475
0.196475
0.195938
0.194357
0.190952
0.18421
0.176827
0.170019
0.16224
0.154564
0.146337
0.138258
0.130839
0.124368
0.11877
0.113471
0.108771
0.104297
0.100015
0.096088
0.092666
0.090696
0.08923
0.088566
0.0893
0.09015
0.09125
0.092256
0.093177
0.094019
0.094789
0.095495
0.09614
0.096731
0.097271
0.097766
0.09822
0.098635
0.099015
0.099363
0.099682
0.099975
0.100242
0.100489
0.100924
0.101529
0.102304
0.103248
0.104361
0.105641
0.107086
0.108694
0.110463
0.11239
0.114473
0.116708
0.119093
0.121623
0.124295
0.127106
0.127177
0.127241
0.127301
0.127355
0.127405
0.12745
0.127492
0.127996
0.133449
0.140074
0.146248
0.151999
0.157355
0.16234
0.166981
0.1713
0.17532
0.179061
0.182544
0.185784
0.188799
0.191603
0.194211
0.196635
0.198886
0.200973
0.202906
0.204693
0.20634
0.207853
0.209238
0.210498
0.211636
0.211905
0.21215
0.212375
0.21258
0.212768
0.212939
0.213096
0.21324
0.213371
0.213497
0.213643
0.213802
0.213972
0.214151
0.214338
0.21453
0.214727
0.214926
0.215123
0.215317
0.215506
0.215686
0.215855
0.216009
0.216145
0.216259
0.216266
0.216273
0.216279
0.216284
0.216289
0.216294
0.216298
0.216302
0.216306
0.216309
0.216317
0.216329
0.216345
0.216363
0.216383
0.216401
0.216418
0.216431
0.216437
0.216434
0.216419
0.216391
0.216345
0.216331
0.21633
0.21633
0.216329
0.216329
0.216328
0.216328
0.216327
0.216327
0.216326
0.216326
0.216325
0.216325
0.216325
0.216325
0.216324
0.216324
0.216324
0.216324
0.216324
0.216324
0.216323
0.216323
0.216323
0.216323
0.216323
0.216323
0.216323
0.216323
0.216323
0.216323
0.216323
0.216323
0.216323
0.216323
0.216323
0.216323
0.216322
0.216322
0.216322
0.216322
0.216322
0.216322
0.216322
0.216322
0.216322
0.216322
0.216322
0.216322
0.216322
0.216322
0.216322
0.216322
0.216322
0.216322
0.216322
0.216322
0.216322
0.216322
0.216322
0.216322
0.216322
0.216322
0.216322
0.216322
0.216322
0.216322
0.216322
0.216322
0.216322
0.216322
0.216322
0.216322
0.216322
0.216322
0.216322
0.216322
0.216322
0.216322
0.216322
0.216322
0.216322
0.216322
0.216322
0.216322
0.216322
0.216322
0.216322
0.216322
0.216322
0.216322
0.216322
0.216322
0.216322
0.216322
0.216322
0.216322
0.216322
0.216322
0.216322
0.216322
0.216322
0.216322
0.216322
0.216322
0.216322
0.216322
0.216322
0.216322
0.216322
0.216322
0.216322
0.216322
0.216322
0.216322
0.216322
0.216322
0.216322
0.216322
0.216322
0.216322
0.216322
0.216322
0.216322
0.216322
0.216322
0.216322
0.216322
0.216322
0.216322
0.216322
0.216322
0.216322
0.216322
0.216322
0.216322
0.216322
0.216322
0.216322
0.216322
0.216322
0.216322
0.216322
0.216322
0.216322
0.216322
0.216322
0.216322
0.216322
0.216322
0.216322
0.216322
0.216322
0.216322
0.216322
0.216322
0.216322
0.216322
0.216322
0.216322
0.216322
0.216322
0.216322
0.216322
0.216322
0.216322
0.216322
0.216409
0.216695
0.217235
0.217774
0.218336
0.21895
0.219637
0.220415
0.221295
0.222287
0.223396
0.224625
0.225973
0.227441
0.229025
0.230721
0.232524
0.234428
0.236426
0.238511
0.240675
0.242911
0.245209
0.24756
0.249957
0.25239
0.254849
0.257325
0.259809
0.262291
0.262682
0.263039
0.263366
0.263666
0.26394
0.264192
0.264421
0.264632
0.264842
0.265146
0.265523
0.265974
0.266497
0.267092
0.267757
0.268491
0.269289
0.270151
0.271071
0.272047
0.273075
0.274149
0.275266
0.27642
0.277606
0.278818
0.280052
0.2813
0.282557
0.283815
0.28507
0.286313
0.286352
0.286388
0.28642
0.28645
0.286477
0.286502
0.286525
0.286546
0.286566
0.286583
0.2866
0.286614
0.286628
0.286641
0.286652
0.286662
0.28673
0.286855
0.287035
0.287267
0.287551
0.287883
0.28826
0.288679
0.289137
0.28963
0.290154
0.290704
0.291276
0.291864
0.292464
0.293071
0.293679
0.294281
0.294873
0.295448
0.296
0.296522
0.297009
0.297452
0.297845
0.298182
0.298455
0.298657
0.298781
-0.298819
-0.298765
-0.298611
-0.298349
-0.297973
-0.297474
-0.296845
-0.29608
-0.296081
-0.296081
-0.296081
-0.296081
-0.296081
-0.296081
-0.296081
-0.296081
-0.296081
-0.296081
-0.296081
-0.296078
-0.296041
-0.295975
-0.29588
-0.295755
-0.295598
-0.295409
-0.295184
-0.294922
-0.294619
-0.294273
-0.293881
-0.293439
-0.292943
-0.29239
-0.291775
-0.291093
-0.290342
-0.289515
-0.288608
-0.287616
-0.286533
-0.285356
-0.284078
-0.283777
-0.283777
-0.283777
-0.283777
-0.283777
-0.283777
-0.283777
-0.283777
-0.283777
-0.283712
-0.283581
-0.283386
-0.283125
-0.282799
-0.282405
-0.281943
-0.281411
-0.280807
-0.280129
-0.279374
-0.278539
-0.277622
-0.276619
-0.275527
-0.274342
-0.27306
-0.271679
-0.270193
-0.268598
-0.266892
-0.265068
-0.263123
-0.261053
-0.258853
-0.256519
-0.254047
-0.251431
-0.248669
-0.245755
-0.242686
-0.239458
-0.236907
-0.236907
-0.236907
-0.236907
-0.236907
-0.236907
-0.234585
-0.220145
-0.204369
-0.189857
-0.176516
-0.164256
-0.152993
-0.142651
-0.133155
-0.124439
-0.116441
-0.109102
-0.102369
-0.096193
-0.090528
-0.085332
-0.080567
-0.076197
-0.07219
-0.068516
-0.065148
-0.062059
-0.059227
-0.056631
-0.05425
-0.052068
-0.050067
-0.04821
-0.046322
-0.044429
-0.042519
-0.040584
-0.038615
-0.036605
-0.034547
-0.032435
-0.030264
-0.028028
-0.02634
-0.025691
-0.025096
-0.024551
-0.02405
-0.023592
-0.023172
-0.022787
-0.022424
-0.021913
-0.021281
-0.020528
-0.019653
-0.018656
-0.017538
-0.016298
-0.014937
-0.014762
-0.014614
-0.014478
-0.014353
-0.014239
-0.014134
-0.014038
-0.013951
-0.01387
-0.013796
-0.013728
-0.013666
-0.013609
-0.013557
-0.013509
-0.013406
-0.013122
-0.012694
-0.012123
-0.011411
-0.01056
-0.009571
-0.008445
-0.007186
-0.005793
-0.004269
-0.002615
-0.000833
0.006258
0.016547
0.026143
0.035114
0.043158
0.050706
0.057622
0.063782
0.069604
0.073647
0.067759
0.062359
0.057407
0.052867
0.048705
0.044888
0.041389
0.038181
0.03524
0.032543
0.030072
0.027806
0.025728
0.023824
0.022078
0.020478
0.019011
0.017667
0.016434
0.015304
0.014268
0.013319
0.012448
0.01165
0.010919
0.010248
0.009634
0.009071
0.008554
0.008081
0.007647
0.007249
0.006885
0.00655
0.006244
0.005963
0.005706
0.00547
0.005253
0.005055
0.004873
0.004707
0.004554
0.004414
0.004286
0.004168
0.00406
0.003962
0.003871
0.003788
0.003712
0.003642
0.003578
0.00352
0.003466
0.003417
0.003372
0.00333
0.003292
0.003257
0.003226
0.003196
0.00317
0.003145
0.003123
0.003102
0.003083
0.003066
0.00305
0.003036
0.003022
0.00301
0.002999
0.002989
0.002979
0.002971
0.002963
0.002956
0.002949
0.002943
0.002937
0.002932
0.002928
0.002924
0.002919
0.002916
0.002913
0.00291
0.002907
0.002904
0.002902
0.0029
0.002898
0.002897
0.002895
0.002893
0.002892
0.002891
0.00289
0.002889
0.002888
0.002887
0.002887
0.002887
0.002887
0.002887
0.002887
0.002887
0.002887
0.002887
0.002887
0.002887
0.002887
0.002887
0.002887
0.002887
0.002887
0.002887
0.002887
0.002887
0.002887
0.002887
0.002887
0.002887
0.002887
0.002887
0.002887
0.002887
0.002887
0.002887
0.002887
0.002887
0.002887
0.002887
0.002887
0.002887
0.002887
0.002887
0.002887
0.002887
0.002887
0.002887
0.002887
0.002887
0.002887
0.002887
0.002887
0.002887
0.002887
0.002887
0.002887
0.002887
0.002887
0.002887
0.002887
0.002887
0.002887
0.002887
0.002887
0.002887
0.002887
0.002887
0.002887
0.002887
0.002887
0.006223
0.014817
0.025285
0.037096
0.048484
0.059467
0.069528
0.078594
0.086739
0.094205
0.100864
0.106772
0.111982
0.116736
0.120867
0.124416
0.127421
0.129916
0.131931
0.133495
0.134634
0.13537
0.135724
0.135716
0.135363
0.134679
0.133681
0.13238
0.130788
0.128916
0.127121
0.128623
0.129999
0.131451
0.133145
0.134697
0.13593
0.137423
0.139155
0.140742
0.142197
0.143357
0.14442
0.145545
0.146194
0.146776
0.147111
0.147208
0.147074
0.146543
0.145808
0.144874
0.143744
0.142422
0.140911
0.139384
0.137658
0.135737
0.133623
0.131319
0.128827
0.12615
0.123289
0.120246
0.117024
0.113623
0.110046
0.110208
0.110357
0.110493
0.110617
0.110732
0.110837
0.110933
0.111021
0.111095
0.110945
0.110606
0.110079
0.109367
0.108471
0.107394
0.106138
0.104705
0.103095
0.101311
0.099353
0.097223
0.094923
0.092452
0.089812
0.087004
0.08403
0.08089
0.077584
0.074116
0.070484
0.066691
0.062739
0.058627
0.054358
0.049934
0.045356
0.040627
0.035749
0.030723
0.025553
0.020241
0.01479
0.009204
0.003486
-0.002359
-0.00833
0.014419
0.020623
0.026938
0.033357
0.039876
0.046487
0.053186
0.059966
0.066819
0.073837
0.0809
0.08098
0.081053
0.081024
0.080998
0.080974
0.080952
0.080931
0.080913
0.08109
0.081461
0.082022
0.082771
0.083703
0.084817
0.08611
0.087577
0.089216
0.091023
0.092994
0.095127
0.097417
0.09986
0.102453
0.105192
0.108072
0.111089
0.114239
0.117518
0.120919
0.124439
0.128072
0.131813
0.135657
0.139598
0.14363
0.147747
0.151944
0.153862
0.153861
0.153861
0.15386
0.15386
0.153859
0.153859
0.153858
0.153858
0.15403
0.15437
0.154878
0.155549
0.156381
0.157371
0.158514
0.159808
0.161249
0.162834
0.164557
0.166414
0.168403
0.170517
0.172753
0.175104
0.177568
0.180138
0.182808
0.185973
0.1913
0.193545
0.195562
0.197377
0.199011
0.200485
0.201815
0.203016
0.204102
0.205085
0.205975
0.206782
0.207515
0.20818
0.208784
0.209333
0.209832
0.210287
0.210744
0.2112
0.211652
0.212097
0.212533
0.212957
0.213368
0.213763
0.214141
0.2145
0.214838
0.215153
0.215502
0.215881
0.216258
0.216552
0.216628
0.216347
0.215681
0.214634
0.213233
0.211496
0.209428
0.207055
0.206267
0.205515
0.204815
0.204165
0.203562
0.203003
0.202485
0.202007
0.201564
0.201156
0.200779
0.200431
0.20011
0.199815
0.199543
0.199293
0.199063
0.198851
0.198699
0.1992
0.200826
0.202278
0.203577
0.204741
0.205785
0.206723
0.207566
0.208324
0.209008
0.209626
0.210183
0.210687
0.211143
0.211557
0.211931
0.212271
0.21258
0.21286
0.213115
0.213347
0.213558
0.21375
0.213926
0.214086
0.214231
0.214364
0.214486
0.214596
0.215083
0.215995
0.217295
0.218438
0.219434
0.220304
0.221063
0.221729
0.222255
0.222635
0.222861
0.222928
0.222833
0.222572
0.221997
0.22106
0.220162
0.21931
0.219157
0.219
0.218843
0.218687
0.218535
0.218388
0.218246
0.21811
0.217981
0.217858
0.217743
0.217634
0.217532
0.217436
0.217347
0.217263
0.217186
0.217114
0.217047
0.216985
0.216928
0.216875
0.216825
0.21678
0.216738
0.2167
0.216664
0.216631
0.216736
0.217067
0.217509
0.21797
0.218354
0.218668
0.218924
0.219132
0.2193
0.219436
0.219544
0.219595
0.219466
0.21932
0.219167
0.21901
0.218852
0.218697
0.218544
0.218396
0.218254
0.218118
0.217988
0.217865
0.217749
0.21764
0.217537
0.217441
0.217352
0.217268
0.21719
0.217118
0.217051
0.216988
0.216931
0.216877
0.216828
0.216783
0.21674
0.216702
0.216666
0.216633
0.216602
0.216575
0.216549
0.216525
0.216503
0.216483
0.216465
0.216448
0.216432
0.216418
0.216405
0.216393
0.216382
0.216372
0.216362
0.216354
0.216346
0.216339
0.216332
0.216326
0.21632
0.216315
0.216311
0.216306
0.216302
0.216299
0.216296
0.216292
0.21629
0.216287
0.216285
0.216282
0.21628
0.216279
0.216277
0.216275
0.216274
0.216273
0.216272
0.21627
0.216269
0.216269
0.216268
0.216267
0.216266
0.216266
0.216265
0.216265
0.216264
0.216264
0.216263
0.216263
0.216262
0.216262
0.216262
0.216264
0.216272
0.216286
0.216305
0.216327
0.216351
0.216376
0.216395
0.216395
0.216395
0.216395
0.216395
0.216395
0.216395
0.216395
0.216395
0.216395
0.216395
0.216395
0.216398
0.216403
0.216411
0.216419
0.216428
0.216435
0.216438
0.216436
0.216427
0.216407
0.216376
0.216329
0.216263
0.216177
0.216177
0.216177
0.216177
0.216177
0.216177
0.216177
0.216177
0.216177
0.216177
0.216177
0.216177
0.216177
0.216177
0.216177
0.216177
0.216177
0.216177
0.216177
0.216177
0.216177
0.216177
0.216177
0.216177
0.216177
0.216177
0.216177
0.216177
0.216177
0.216184
0.216198
0.216219
0.216245
0.216275
0.216307
0.21634
0.216362
0.216362
0.216362
0.216362
0.216362
0.216362
0.216362
0.216362
0.216362
0.216362
0.216362
0.216362
0.216362
0.216362
0.216362
0.216362
0.216362
0.216362
0.216362
0.216362
0.216362
0.216362
0.216362
0.216362
0.216362
0.216362
0.216362
0.216362
0.216362
0.216362
0.216362
0.216362
0.216362
0.216362
0.216362
0.216362
0.216362
0.216362
0.216362
0.216362
0.216362
0.216362
0.216362
0.216362
0.216362
0.216362
0.216362
0.216362
0.216362
0.216362
0.216362
0.216362
0.216362
0.216362
0.216362
0.216362
0.216362
0.216362
0.216362
0.216362
0.216362
0.216362
0.216362
0.216362
0.216362
0.216362
0.216362
0.216362
0.216362
0.216362
0.216362
0.216362
0.216362
0.216362
0.216362
0.216362
0.216362
0.216362
0.216362
0.216362
0.216362
0.216362
0.216362
0.216362
0.216362
0.216362
0.216362
0.216362
0.216362
0.216362
0.216362
0.216362
0.216362
0.216362
0.216362
0.216362
0.216362
0.216362
0.216362
0.216362
0.216362
0.216362
0.216362
0.216362
0.216362
0.216362
0.216362
0.216362
0.216362
0.216362
0.216362
0.216362
0.216362
0.216362
0.216362
0.216362
0.216362
0.216362
0.216362
0.216362
0.216362
0.216362
0.216362
0.216362
0.216362
0.216362
0.216362
0.216362
0.216362
0.216362
0.216362
0.216362
0.216362
0.216362
0.216362
0.216362
0.216362
0.216362
0.216362
0.216362
0.216362
0.216362
0.216362
0.216362
0.216362
0.216362
0.216362
0.216362
0.216362
0.216362
0.216362
0.216362
0.216362
0.216362
0.216362
0.216362
0.216362
0.216362
0.216362
0.216362
0.216362
0.216362
0.216362
0.216362
0.216362
0.216356
0.21641
0.216496
0.216675
0.216945
0.217316
0.217859
0.218581
0.219411
0.220359
0.221437
0.222612
0.223907
0.225349
0.226914
0.227503
0.228031
0.228505
0.228932
0.229316
0.229663
0.229976
0.230258
0.230514
0.230769
0.231137
0.231598
0.232155
0.232812
0.23357
0.23443
0.235392
0.236453
0.237613
0.238869
0.240217
0.241655
0.243176
0.244779
0.246456
0.248204
0.250015
0.251886
0.253809
0.255778
0.257786
0.259827
0.261894
0.263978
0.266074
0.268173
0.270268
0.272351
0.274413
0.276447
0.278444
0.280396
0.282295
0.284132
0.285898
0.287585
0.289184
0.290686
0.292082
0.293364
0.294423
0.294469
0.294512
0.294551
0.294587
0.29462
0.29465
0.294678
0.294703
0.294727
0.294748
0.294768
0.294786
0.294802
0.294817
0.294831
0.294843
0.294888
0.294964
0.29507
0.295205
0.295367
0.295553
0.295761
0.295988
0.29623
0.296484
0.296746
0.297012
0.297278
0.297538
0.297789
0.298024
0.298239
0.298427
0.298585
0.298705
0.298781
0.298783
0.298785
0.298787
0.298789
0.298791
0.298792
0.298793
0.298795
0.298796
0.298797
0.298801
0.298806
0.298813
0.29882
0.298825
-0.298826
-0.298821
-0.298808
-0.298782
-0.298742
-0.298683
-0.298602
-0.298494
-0.298356
-0.298182
-0.297968
-0.297709
-0.297399
-0.297034
-0.296609
-0.296116
-0.295552
-0.29491
-0.294183
-0.293367
-0.292455
-0.29144
-0.290318
-0.289081
-0.288881
-0.288881
-0.288881
-0.288881
-0.288881
-0.288881
-0.288881
-0.288881
-0.288881
-0.288881
-0.288881
-0.288881
-0.288881
-0.288881
-0.288866
-0.288784
-0.288649
-0.288461
-0.288219
-0.287921
-0.287567
-0.287154
-0.286681
-0.286145
-0.285543
-0.284874
-0.284874
-0.284874
-0.284874
-0.284874
-0.284874
-0.284874
-0.284874
-0.284874
-0.284874
-0.284874
-0.284872
-0.2848
-0.284665
-0.284468
-0.284207
-0.283883
-0.283493
-0.283038
-0.282513
-0.281919
-0.281252
-0.28051
-0.27969
-0.279507
-0.279507
-0.279507
-0.279507
-0.279507
-0.279507
-0.279507
-0.279507
-0.279507
-0.279507
-0.279507
-0.279433
-0.279286
-0.279065
-0.278772
-0.278404
-0.277962
-0.277444
-0.276848
-0.276173
-0.275416
-0.274575
-0.273648
-0.272632
-0.271523
-0.270319
-0.269016
-0.267611
-0.266099
-0.264478
-0.262743
-0.26089
-0.258916
-0.258916
-0.258916
-0.258916
-0.258916
-0.258916
-0.258916
-0.258916
-0.258916
-0.258916
-0.258916
-0.258916
-0.25889
-0.258734
-0.258475
-0.258114
-0.257651
-0.257086
-0.256417
-0.255644
-0.254766
-0.253782
-0.25269
-0.251489
-0.250583
-0.250583
-0.249173
-0.243866
-0.232138
-0.216786
-0.202611
-0.189418
-0.177144
-0.165705
-0.155023
-0.145026
-0.135648
-0.126828
-0.118508
-0.110638
-0.103171
-0.096064
-0.089276
-0.082772
-0.076518
-0.070486
-0.064647
-0.058976
-0.053452
-0.048053
-0.042761
-0.037559
-0.032432
-0.027367
-0.022351
-0.017374
-0.015835
-0.014424
-0.013131
-0.011945
-0.010859
-0.009862
-0.008949
-0.008112
-0.007345
-0.006642
-0.005997
-0.005406
-0.004864
-0.004367
-0.003912
-0.003495
-0.003112
-0.002761
-0.00244
-0.002145
-0.001875
-0.001627
-0.001401
-0.001192
-0.001002
-0.000827
-0.000667
-0.00052
-0.000385
-0.000261
-0.000148
-0.000044
0.000051
0.000138
0.000218
0.000291
0.000358
0.00042
0.000476
0.000528
0.000575
0.000619
0.000659
0.000695
0.000729
0.00076
0.000788
0.000814
0.000837
0.000859
0.000879
0.000897
0.000914
0.000929
0.000943
0.000956
0.000968
0.000979
0.000989
0.000998
0.001006
0.001014
0.001021
0.001027
0.001033
0.001039
0.001044
0.001048
0.001053
0.001057
0.00106
0.001063
0.001066
0.001069
0.001072
0.001074
0.001076
0.001078
0.00108
0.008305
0.023606
0.039471
0.054005
0.067318
0.07951
0.090675
0.100899
0.110262
0.118835
0.126686
0.133875
0.140459
0.146488
0.14873
0.145487
0.136293
0.125092
0.114809
0.105372
0.096712
0.088768
0.08148
0.074795
0.068665
0.063042
0.057887
0.05316
0.048825
0.044851
0.041207
0.037867
0.034804
0.031997
0.029423
0.027064
0.0249
0.022918
0.0211
0.019434
0.017906
0.016506
0.015222
0.014046
0.012967
0.011978
0.011072
0.010241
0.00948
0.015082
0.030739
0.046006
0.059991
0.0728
0.084531
0.095273
0.10511
0.114118
0.122367
0.12992
0.136837
0.143171
0.148972
0.154285
0.15223
0.142484
0.130776
0.120027
0.110161
0.101107
0.0928
0.085178
0.078188
0.071776
0.065896
0.060504
0.055559
0.051026
0.046869
0.043058
0.039563
0.03636
0.033423
0.030731
0.028263
0.026
0.023926
0.022024
0.020281
0.018683
0.017218
0.015876
0.014645
0.013516
0.012482
0.011534
0.010665
0.009868
0.009138
0.008469
0.007855
0.007292
0.006777
0.006304
0.005871
0.005474
0.00511
0.004776
0.00447
0.00419
0.003933
0.003697
0.003481
0.003283
0.00532
0.011447
0.021322
0.034985
0.049541
0.06323
0.075766
0.087247
0.097761
0.107389
0.116205
0.124278
0.13167
0.13844
0.14464
0.150317
0.155518
0.16028
0.164638
0.16861
0.172212
0.175473
0.178367
0.180746
0.182747
0.18439
0.185693
0.186675
0.187349
0.187731
0.187832
0.187663
0.187235
0.186557
0.185635
0.184478
0.18309
0.181479
0.179648
0.177602
0.175344
0.172878
0.170207
0.167333
0.164259
0.160986
0.157516
0.153851
0.149992
0.145941
0.1417
0.137269
0.13265
0.127846
0.122856
0.117682
0.117833
0.11797
0.118097
0.118212
0.118318
0.118416
0.118505
0.118586
0.118661
0.11873
0.118793
0.11885
0.118712
0.118381
0.117859
0.117148
0.116252
0.115171
0.107109
0.08991
0.073891
0.058956
0.045019
0.031994
0.019807
0.008384
-0.002339
-0.012425
-0.021929
-0.030902
-0.039393
-0.047443
-0.055092
-0.062377
-0.069329
-0.075978
-0.082351
-0.088471
-0.09436
-0.100038
-0.105522
-0.110826
-0.115965
-0.119292
-0.120799
-0.12218
-0.123446
-0.124605
-0.125668
-0.126643
-0.127536
-0.128354
-0.129104
-0.129791
-0.130421
-0.130998
-0.131528
-0.132012
-0.132457
-0.132864
-0.133238
-0.13358
-0.133894
-0.134182
-0.134445
-0.134687
-0.134908
-0.135229
-0.135649
-0.136167
-0.136783
-0.137494
-0.1383
-0.139199
-0.140189
-0.141268
-0.142433
-0.143683
-0.145013
-0.146423
-0.147909
-0.149467
-0.151094
0.152787
0.154542
0.15458
0.154616
0.154648
0.154677
0.154704
0.154729
0.154752
0.154772
0.154792
0.154809
0.154825
0.15484
0.154853
0.154866
0.154877
0.154887
0.154897
0.154905
0.154913
0.154921
0.154928
0.154934
0.154939
0.154945
0.154949
0.154954
0.154958
0.154961
0.154965
0.154968
0.15497
0.154973
0.154976
0.154978
0.15498
0.154982
0.154983
0.154985
0.154986
0.154987
0.154988
0.15499
0.154991
0.154991
0.154992
0.154993
0.154994
0.154994
0.154994
0.154994
0.154994
0.154994
0.154994
0.154994
0.154994
0.154994
0.154994
0.154994
0.154994
0.154994
0.154994
0.154994
0.154994
0.154994
0.154994
0.154994
0.154994
0.154994
0.154994
0.154994
0.154994
0.154994
0.154994
0.154994
0.154994
0.154994
0.154994
0.154994
0.154994
0.154994
0.154994
0.154994
0.154994
0.154994
0.154994
0.154994
0.154994
0.154994
0.154994
0.154994
0.154994
0.154994
0.154994
0.154994
0.154994
0.154994
0.154994
0.154994
0.154994
0.154994
0.154994
0.154994
0.154994
0.154994
0.154994
0.154994
0.154994
0.154994
0.154994
0.154994
0.154994
0.154994
0.154994
0.154994
0.1551
0.15531
0.155622
0.156034
0.156543
0.157148
0.157845
0.158633
0.159507
0.159507
0.159507
0.159507
0.159507
0.159507
0.159507
0.159507
0.159507
0.159507
0.159507
0.159507
0.159507
0.159507
0.159507
0.159507
0.159507
0.159507
0.159507
0.159507
0.159507
0.159507
0.159507
0.159507
0.159507
0.159507
0.159507
0.159507
0.159406
0.159203
0.158899
0.158497
0.157995
0.157395
0.156695
0.155897
0.155
0.154082
0.154082
0.154082
0.154082
0.154082
0.154082
0.154082
0.154082
0.154082
0.154082
0.154082
0.154082
0.154082
0.154082
0.154082
0.154082
0.154082
0.154082
0.154082
0.154082
0.154082
0.154082
0.154082
0.154082
0.154082
0.154082
0.154082
0.154082
0.154082
0.154082
0.154082
0.154082
0.154082
0.154082
0.154082
0.154082
0.154082
0.154082
0.154038
0.153865
0.153587
0.153205
-0.152721
-0.152134
-0.151444
-0.150653
-0.149759
-0.149961
-0.151065
-0.152445
-0.153965
-0.155046
-0.156273
-0.157502
-0.15873
-0.160092
-0.161153
-0.162941
-0.168777
-0.177231
-0.18549
-0.19478
-0.202444
-0.207173
-0.211606
-0.21547
-0.219109
-0.222444
-0.225401
-0.227695
-0.229798
-0.231824
-0.233582
-0.235292
-0.236662
-0.237897
-0.239318
-0.240707
-0.241874
-0.243035
-0.243997
-0.24497
-0.245763
-0.246381
-0.247045
-0.247544
-0.248091
-0.248389
-0.248831
-0.24921
-0.249526
-0.24986
-0.250117
-0.250297
-0.250482
-0.251746
-0.253436
-0.255284
-0.256721
-0.25777
-0.25845
-0.258777
-0.258766
-0.258432
-0.257786
-0.256838
-0.253871
-0.239868
-0.222448
-0.205838
-0.189985
-0.174836
-0.160341
-0.146453
-0.133126
-0.120321
-0.107997
-0.096119
-0.084654
-0.07357
-0.062838
-0.052434
-0.042333
-0.037395
-0.03332
-0.029584
-0.026159
-0.023021
-0.020144
-0.017507
-0.01509
-0.012875
-0.010844
-0.008983
-0.007277
-0.005713
-0.00428
-0.002966
-0.001762
-0.000658
0.000354
0.001281
0.002131
0.002911
0.003625
0.00428
0.00488
0.00543
0.005934
0.006396
0.00682
0.007208
0.007564
0.007891
0.00819
0.008464
0.008716
0.008946
0.009157
0.009351
0.009528
0.009691
0.00984
0.009977
0.010102
0.010217
0.010323
0.010419
0.010491
0.010459
0.010339
0.010131
0.009839
0.009464
0.009136
0.009184
0.009228
0.009269
0.009306
0.00934
0.009371
0.0094
0.009426
0.00945
0.009472
0.009492
0.009511
0.009528
0.009543
0.009558
0.009571
0.009583
0.009594
0.009604
0.009613
0.009622
0.009629
0.009637
0.009643
0.009649
0.009655
0.00966
0.009664
0.009669
0.009673
0.009676
0.009679
0.009682
0.009685
0.009688
0.00969
0.009692
0.009694
0.009696
0.009698
0.009699
0.009701
0.009702
0.009703
0.009705
0.009555
0.009256
0.00881
0.008218
0.007484
0.006608
0.005593
0.00444
0.003151
0.001728
0.001728
0.001728
0.001728
0.001728
0.001728
0.001728
0.001728
0.001728
0.001728
0.001728
0.001728
0.001728
0.001728
0.001728
0.001728
0.001728
0.001728
0.001728
0.001728
0.001728
0.001728
0.001728
0.001728
0.001728
0.001728
0.001728
0.001728
0.001728
0.001728
0.001728
0.001728
0.001728
0.001728
0.001728
0.001728
0.001728
0.001728
0.001728
0.001728
0.001728
0.001728
0.001728
0.001728
0.001728
0.001728
0.001728
0.001728
0.001728
0.001728
0.001728
0.001728
0.001728
0.001728
0.001728
0.001728
0.001728
0.001728
0.001728
0.001728
0.001728
0.001728
0.001728
0.001728
0.001728
0.001728
0.001728
0.001728
0.001728
0.001728
0.001728
0.001728
0.001728
0.001728
0.001728
0.001728
0.007461
0.019372
0.035493
0.050102
0.063312
0.075229
0.085951
0.095568
0.10416
0.111805
0.118569
0.124516
0.131274
0.137463
0.143132
0.148324
0.153079
0.157435
0.161425
0.16508
0.168428
0.171496
0.171774
0.166018
0.151787
0.138713
0.126706
0.115683
0.105565
0.09628
0.087609
0.079491
0.071872
0.064701
0.05793
0.051518
0.045424
0.039613
0.034053
0.028712
0.023564
0.018585
0.013751
0.009042
0.004439
-0.000074
-0.004512
-0.00889
-0.013218
-0.017508
-0.02177
-0.023127
-0.02437
-0.025509
-0.026554
-0.027511
-0.028389
-0.029193
-0.029931
-0.030607
-0.031226
-0.031794
-0.032315
-0.032941
-0.033676
-0.034518
-0.03547
-0.036532
-0.037704
-0.038987
-0.040379
-0.041882
-0.043495
-0.045216
-0.047044
-0.04898
-0.05102
-0.05116
-0.051287
-0.051404
-0.051511
-0.051609
-0.051699
-0.051781
-0.051857
-0.051926
-0.051989
-0.052048
-0.052101
-0.05215
-0.052195
-0.052236
-0.052273
-0.052308
-0.05234
-0.052368
-0.052395
-0.052419
-0.052442
-0.052462
-0.052481
-0.052498
-0.052514
-0.052528
-0.052542
-0.052554
-0.052565
-0.052575
-0.052584
-0.052593
-0.0526
-0.052608
-0.052614
-0.05262
-0.052626
-0.052631
-0.052635
-0.05264
-0.052988
-0.056182
-0.064133
-0.075354
-0.086695
-0.097441
-0.10764
-0.116978
-0.125528
-0.133356
-0.140694
-0.147413
-0.153566
-0.1592
-0.16402
-0.17108
-0.178255
-0.184823
-0.19014
-0.194046
-0.197085
-0.199869
-0.20242
-0.204756
-0.206895
-0.208855
-0.210606
-0.21221
-0.213678
-0.215022
-0.216294
-0.217498
-0.218643
-0.219893
-0.22112
-0.222364
-0.223624
-0.22486
-0.225993
-0.227112
-0.228056
-0.228921
-0.229714
-0.230479
-0.231141
-0.231749
-0.232305
-0.232853
-0.233356
-0.234095
-0.235444
-0.23703
-0.238707
-0.240234
-0.23423
-0.219205
-0.205401
-0.192724
-0.181087
-0.170396
-0.156523
-0.131858
-0.1076
-0.085138
-0.064319
-0.044534
-0.024812
-0.006179
0.0111
0.027086
0.041925
0.055706
0.068515
0.080361
0.090996
0.10007
0.108763
0.116761
0.124446
0.131851
0.139
0.14592
0.152629
0.159147
0.165488
0.171665
0.17769
0.183572
0.188234
0.176458
0.166038
0.153424
0.141846
0.131221
0.121472
0.112528
0.104325
0.096802
0.089904
0.083578
0.077778
0.07246
0.067585
0.063116
0.059018
0.055263
0.05182
0.048664
0.045771
0.043119
0.040688
0.03846
0.036417
0.034545
0.032829
0.031256
0.029814
0.028492
0.02728
0.02617
0.025152
0.024219
0.022442
0.018422
0.007349
-0.009445
-0.02521
-0.039654
-0.052887
-0.065009
-0.076111
-0.086279
-0.095591
-0.104119
-0.11193
-0.119083
-0.125634
-0.131634
-0.137129
-0.142163
-0.146774
-0.150997
-0.154866
-0.15841
-0.161657
-0.164631
-0.149878
-0.136324
-0.123875
-0.112446
-0.102387
-0.094258
-0.086714
-0.079727
-0.073268
-0.067305
-0.061806
-0.056741
-0.052077
-0.047788
-0.043844
-0.040221
-0.038111
-0.036146
-0.034324
-0.032639
-0.031083
-0.029651
-0.028335
-0.027125
-0.026015
-0.024998
-0.024066
-0.023212
-0.02243
-0.021714
-0.021059
-0.019325
-0.017731
-0.016266
-0.013766
-0.011462
-0.009343
-0.007395
-0.005606
-0.003965
-0.00246
-0.00108
0.000184
0.001343
0.002404
0.003376
0.004265
0.00508
0.005826
0.00651
0.007135
0.007708
0.008233
0.008713
0.009153
0.009556
0.009925
0.010263
0.010573
0.010856
0.011116
0.011354
0.011572
0.011772
0.011955
0.012123
0.012276
0.012417
0.012546
0.012664
0.012773
0.012872
0.012963
0.013046
0.013123
0.013193
0.013257
0.013316
0.01337
0.01342
0.013465
0.013506
0.013545
0.01358
0.013611
0.012914
0.00951
0.005822
0.002265
-0.000996
-0.003985
-0.006724
-0.009234
-0.011536
-0.013645
-0.015773
-0.017529
-0.019138
-0.020808
-0.022339
-0.023742
-0.025028
-0.026207
-0.027287
-0.028277
-0.029911
-0.033445
-0.042773
-0.053532
-0.063565
-0.072756
-0.081352
-0.089225
-0.096438
-0.103044
-0.109096
-0.11464
-0.119718
-0.12437
-0.128632
-0.132536
-0.136113
-0.139391
-0.142393
-0.145145
-0.147666
-0.149976
-0.152092
-0.154032
-0.155809
-0.157438
-0.158931
-0.160299
-0.161552
-0.162893
-0.164122
-0.163607
-0.1584
-0.144152
-0.131064
-0.119045
-0.108012
-0.097885
-0.088593
-0.080068
-0.072249
-0.065076
-0.058498
-0.052466
-0.046935
-0.041864
-0.037214
-0.032951
-0.029042
-0.025459
-0.022174
-0.019163
-0.016402
-0.013871
-0.011551
-0.009425
-0.007475
-0.005688
-0.00405
-0.002548
-0.001172
0.00009
0.001247
0.002307
0.003279
0.00417
0.004986
0.005735
0.006421
0.00705
0.007627
0.008156
0.00864
0.009084
0.009491
0.013372
0.020631
0.03101
0.041753
0.052671
0.062833
0.0727
0.081922
0.090387
0.09834
0.105715
0.112404
0.118188
0.123126
0.127603
0.131704
0.135462
0.138904
0.142059
0.144948
0.147597
0.150023
0.152247
0.154295
0.156218
0.15803
0.159743
0.161364
0.162841
0.164193
0.165433
0.166395
0.167277
0.168085
0.168826
0.169505
0.170127
0.170697
0.168872
0.156849
0.145614
0.135298
0.125828
0.117136
0.10916
0.101842
0.095129
0.088972
0.083324
0.078144
0.073395
0.069039
0.065045
0.061383
0.058025
0.054947
0.052124
0.049537
0.047165
0.04499
0.042996
0.041168
0.039493
0.037957
0.036549
0.035258
0.034075
0.03299
0.031996
0.031084
0.030248
0.029483
0.02878
0.028137
0.027547
0.027006
0.02651
0.026056
0.025639
0.025257
0.024907
0.024586
0.024292
0.024023
0.023776
0.023549
0.023341
0.023151
0.022977
0.022817
0.02267
0.022536
0.022412
0.0223
0.022196
0.022101
0.022014
0.021935
0.021862
0.021795
0.021733
0.021677
0.021626
0.021578
0.021535
0.021496
0.021459
0.021426
0.021395
0.021367
0.021341
0.021318
0.021296
0.021277
0.021259
0.021242
0.021227
0.021213
0.0212
0.021189
0.021178
0.021168
0.021159
0.021151
0.021144
0.021137
0.02113
0.021124
0.021119
0.021114
0.02111
0.021106
0.021102
0.021099
0.021096
0.021093
0.02109
0.021088
0.021086
0.023115
0.027183
0.032378
0.038251
0.044375
0.05034
0.05563
0.060477
0.065096
0.069152
0.072869
0.076276
0.079397
0.082434
0.085217
0.087768
0.090106
0.092248
0.09458
0.097488
0.099822
0.101973
0.103594
0.104702
0.105893
0.106781
0.107379
0.107703
0.107765
0.107575
0.107144
0.106481
0.10579
0.105589
0.106023
0.106303
0.108663
0.111197
0.113694
0.11764
0.123262
0.129521
0.135798
0.142092
0.147855
0.153134
0.157969
0.162398
0.166454
0.17017
0.173574
0.176692
0.1794
0.181721
0.183678
0.18529
0.186576
0.18755
0.188228
0.188623
0.188746
0.188608
0.188219
0.187586
0.186717
0.18562
0.184298
0.182758
0.181005
0.181652
0.182245
0.182789
0.183287
0.183743
0.184162
0.184546
0.184898
0.18522
0.185515
0.185786
0.186035
0.186262
0.186471
0.186662
0.186837
0.186998
0.187145
0.18728
0.187386
0.187284
0.187014
0.186577
0.185976
0.185212
0.184286
0.1832
0.181955
0.18055
0.178986
0.177265
0.175384
0.173392
0.173429
0.173462
0.173493
0.173521
0.173546
0.17357
0.173592
0.173611
0.17363
0.173646
0.173662
0.173676
0.173689
0.173701
0.173711
0.173714
0.173521
0.173159
0.172631
0.171938
0.171082
0.170062
0.168881
0.167539
0.166037
0.164373
0.16255
0.160566
0.158422
0.158425
0.158427
0.15843
0.158432
0.158434
0.158436
0.158438
0.158263
0.157913
0.15739
0.156695
0.15549
0.152015
0.145376
0.1353
0.118157
0.102168
0.08724
0.073283
0.060217
0.047964
0.036453
0.025618
0.0154
0.005744
-0.003402
-0.012084
-0.020345
-0.028223
-0.035754
-0.042969
-0.049898
-0.056566
-0.062997
-0.069213
-0.075233
-0.077543
-0.079661
-0.081602
-0.083381
-0.085011
-0.086505
-0.087874
-0.089129
-0.090279
-0.091334
-0.0923
-0.093185
-0.093997
-0.094741
-0.095423
-0.096048
-0.096621
-0.097146
-0.097627
-0.098069
-0.098473
-0.098978
-0.099585
-0.101742
-0.104373
-0.1071
-0.109612
-0.112087
-0.114535
-0.117117
-0.119672
-0.122207
-0.124881
-0.127532
-0.130167
-0.131308
-0.132353
-0.133312
-0.13419
-0.134995
-0.135732
-0.136244
-0.136713
-0.137308
-0.137852
-0.138352
-0.138809
-0.139229
-0.139613
-0.139966
-0.140289
-0.140701
-0.141204
-0.141796
-0.142477
-0.143395
-0.145465
-0.148132
-0.153628
-0.162131
-0.171071
-0.179642
-0.187565
-0.194893
-0.201672
-0.207944
-0.213596
-0.21883
-0.223825
-0.227362
-0.230451
-0.232448
-0.233433
-0.233785
-0.234108
-0.234403
-0.234675
-0.234923
-0.235151
-0.23536
-0.231917
-0.223995
-0.21671
-0.210014
-0.203861
-0.198208
-0.193017
-0.18825
-0.183874
-0.179856
-0.176169
-0.172786
-0.169681
-0.166833
-0.16422
-0.161823
-0.159624
-0.157607
-0.155758
-0.154061
-0.152506
-0.151079
-0.149771
-0.148571
-0.147471
-0.146463
-0.145538
-0.14469
-0.143913
-0.1432
-0.142547
-0.141948
-0.141398
-0.140895
-0.140433
-0.14001
-0.139622
-0.139266
-0.13894
-0.138641
-0.138367
-0.138232
-0.138233
-0.138367
-0.13863
-0.139018
-0.139528
-0.140157
-0.1409
-0.141755
-0.142716
-0.14378
-0.144944
-0.146202
-0.147552
-0.148988
-0.150506
-0.150448
-0.150395
-0.150347
-0.150302
-0.150261
-0.150224
-0.150189
-0.150158
-0.150129
-0.150103
-0.150079
-0.150056
-0.150036
-0.150017
-0.15
-0.149985
-0.14997
-0.149957
-0.149945
-0.149934
-0.149924
-0.149915
-0.149906
-0.149898
-0.149891
-0.149885
-0.149879
-0.149873
-0.149868
-0.149863
-0.149859
-0.149855
-0.149852
-0.149848
-0.149845
-0.149843
-0.14984
-0.149838
-0.149836
-0.149834
-0.149832
-0.149939
-0.150154
-0.150475
-0.150899
-0.151424
-0.152048
-0.152769
0.153583
0.154488
0.155481
0.156559
0.157718
0.158954
0.160265
0.161646
0.163094
0.164605
0.166173
0.167796
0.169468
0.171186
0.172943
0.172943
0.172943
0.172943
0.172943
0.172943
0.172943
0.172943
0.172943
0.172943
0.172954
0.173075
0.173285
0.173583
0.173965
0.17443
0.174976
0.1756
0.176299
0.17707
0.17754
0.17754
0.17754
0.17754
0.17754
0.17754
0.17754
0.17754
0.17754
0.17754
0.177554
0.177591
0.177646
0.177721
0.177814
0.177929
0.178062
0.178214
0.178384
0.178568
0.178768
0.178985
0.179234
0.179365
0.179401
0.179427
0.179658
0.180261
0.180934
0.181675
0.182481
0.183347
0.184271
0.18525
0.186278
0.187353
0.18847
0.189625
0.190814
0.192032
0.193274
0.194536
0.195813
0.197099
0.19839
0.199681
0.200965
0.202237
0.203493
0.203493
0.203493
0.203493
0.203493
0.203493
0.203493
0.203493
0.203493
0.203493
0.203493
0.203493
0.203493
0.203493
0.203493
0.203493
0.203493
0.203493
0.203493
0.203493
0.203493
0.203493
0.203493
0.203493
0.203493
0.203493
0.203493
0.203493
0.203493
0.203493
0.203493
0.203493
0.203493
0.203493
0.203493
0.203493
0.203527
0.203619
0.203761
0.203951
0.204187
0.204468
0.20479
0.205152
0.205552
0.205985
0.20645
0.206943
0.207461
0.207999
0.208555
0.209124
0.209702
0.210286
0.21087
0.211451
0.212023
0.212582
0.212582
0.212582
0.212582
0.212582
0.212582
0.212582
0.212582
0.212582
0.212582
0.212582
0.212582
0.212582
0.212582
0.212582
0.212582
0.212611
0.212667
0.212749
0.212857
0.21299
0.213144
0.213318
0.21351
0.213718
0.213938
0.214168
0.214405
0.214646
0.214887
0.215124
0.215354
0.215573
0.215777
0.215961
0.216122
0.216254
0.216354
0.216417
0.216417
0.216417
0.216417
0.216417
0.216417
0.216417
0.216417
0.216417
0.216419
0.216423
0.216428
0.216433
0.216437
0.216438
0.216435
0.216427
0.216409
0.216381
0.216381
0.216381
0.216381
0.216381
0.216381
0.216381
0.216381
0.216381
0.216381
0.216381
0.216381
0.216381
0.216381
0.216381
0.216381
0.216381
0.216381
0.216381
0.216381
0.216381
0.216381
0.216381
0.216381
0.216381
0.216381
0.216381
0.216381
0.216381
0.216381
0.216381
0.216381
0.216381
0.216381
0.216381
0.216381
0.216381
0.216381
0.216381
0.216381
0.216381
0.216381
0.216381
0.216381
0.216381
0.216381
0.216381
0.216381
0.216381
0.216381
0.216381
0.216381
0.216381
0.216381
0.216295
0.216121
0.215762
0.215305
0.21482
0.214334
0.213854
0.213385
0.21293
0.212493
0.212074
0.211677
0.2113
0.210945
0.210836
0.211471
0.212026
0.212511
0.212937
0.21331
0.213639
0.213929
0.214185
0.214411
0.214612
0.21479
0.214948
0.215089
0.215215
0.215327
0.215428
0.215518
0.215599
0.215672
0.215738
0.215797
0.21585
0.215898
0.215941
0.215981
0.216016
0.216049
0.216078
0.216105
0.216129
0.216151
0.216171
0.216189
0.216205
0.216221
0.216234
0.216247
0.216258
0.216269
0.216278
0.216287
0.216295
0.216302
0.216309
0.216315
0.216321
0.216326
0.21633
0.216335
0.216339
0.216342
0.216345
0.216348
0.216351
0.216354
0.216356
0.216358
0.21636
0.216362
0.216363
0.216365
0.216366
0.216368
0.216369
0.21637
0.216371
0.216372
0.216372
0.216373
0.216374
0.216374
0.216463
0.216678
0.216899
0.217113
0.217287
0.21741
0.217487
0.217528
0.217541
0.217532
0.217506
0.217467
0.217419
0.217365
0.217306
0.217245
0.217183
0.217237
0.217368
0.217456
0.21751
0.217536
0.217541
0.217529
0.217505
0.217471
0.217431
0.217385
0.217337
0.217287
0.217237
0.217187
0.217137
0.217089
0.217043
0.216998
0.216955
0.216915
0.216877
0.216841
0.216807
0.216775
0.216745
0.216718
0.216692
0.216668
0.216645
0.216625
0.216605
0.216588
0.216571
0.216556
0.216542
0.216529
0.216517
0.216506
0.216496
0.216487
0.216478
0.21647
0.216463
0.216456
0.21645
0.216444
0.216439
0.216434
0.21643
0.216426
0.216422
0.216419
0.216416
0.216413
0.21641
0.216408
0.216406
0.216404
0.216402
0.2164
0.216398
0.216397
0.216396
0.216394
0.216393
0.216392
0.216391
0.21639
0.21639
0.216389
0.216388
0.216366
0.216312
0.216224
0.216095
0.215931
0.215757
0.215567
0.215373
0.215182
0.215006
0.214832
0.214668
0.214514
0.214369
0.214232
0.214105
0.213987
0.213876
0.213766
0.213663
0.213568
0.21348
0.213398
0.213323
0.213486
0.213794
0.214065
0.214305
0.214517
0.214706
0.214873
0.215023
0.215155
0.215274
0.21538
0.215475
0.215561
0.215637
0.215706
0.215768
0.215824
0.215875
0.21592
0.215962
0.215999
0.216033
0.216064
0.216092
0.216117
0.21614
0.216161
0.21618
0.216197
0.216213
0.216228
0.216241
0.216253
0.216264
0.216274
0.216283
0.216291
0.216299
0.216306
0.216312
0.216318
0.216323
0.216328
0.216332
0.216337
0.21634
0.216344
0.216347
0.21635
0.216352
0.216355
0.216357
0.216359
0.216361
0.216362
0.216364
0.216365
0.216367
0.216368
0.216369
0.21637
0.216371
0.216372
0.216372
0.216373
0.216374
0.216374
0.216375
0.216375
0.216376
0.216376
0.216376
0.216377
0.216377
0.216377
0.216378
0.216378
0.216378
0.216378
0.216379
0.216379
0.216379
0.216379
0.216379
0.216379
0.216379
0.21638
0.21638
0.21638
0.21638
0.21638
0.21638
0.21638
0.21638
0.21638
0.21638
0.21638
0.21638
0.21638
0.21638
0.21638
0.21638
0.216743
0.217025
0.21723
0.217373
0.217467
0.217521
0.217544
0.217543
0.217523
0.217489
0.217444
0.217392
0.217355
0.217449
0.217508
0.217538
0.217546
0.217537
0.217514
0.217481
0.217442
0.217397
0.217349
0.217299
0.217248
0.217198
0.217148
0.217099
0.217052
0.217007
0.216964
0.216923
0.216884
0.216848
0.216813
0.216781
0.216751
0.216723
0.216697
0.216672
0.216649
0.216628
0.216609
0.216591
0.216574
0.216559
0.216544
0.216531
0.216519
0.216508
0.216497
0.216488
0.216479
0.216471
0.216464
0.216457
0.216451
0.216445
0.21644
0.216435
0.21643
0.216426
0.216422
0.216419
0.216416
0.216413
0.21641
0.216408
0.216405
0.216403
0.216402
0.2164
0.216398
0.216397
0.216395
0.216394
0.216393
0.216392
0.216391
0.21639
0.216389
0.216389
0.216388
0.216387
0.216387
0.216386
0.216386
0.216385
0.216385
0.216385
0.216384
0.216384
0.216384
0.216383
0.216383
0.216383
0.216383
0.216383
0.216382
0.216382
0.216382
0.216382
0.216382
0.216382
0.216382
0.216381
0.216381
0.216381
0.216381
0.216381
0.216381
0.216381
0.216381
0.216381
0.216381
0.216381
0.216381
0.216381
0.216381
0.216381
0.216381
0.216381
0.216381
0.216381
0.216381
0.216381
0.216381
0.216381
0.216381
0.216381
0.216381
0.216381
0.216381
0.216381
0.216381
0.216381
0.216381
0.216381
0.216381
0.216381
0.216381
0.216384
0.216391
0.216399
0.21641
0.21642
0.21643
0.216436
0.216438
0.216432
0.216432
0.216432
0.216432
0.216432
0.216432
0.216432
0.216432
0.216432
0.216432
0.216432
0.216432
0.216432
0.216432
0.216432
0.216432
0.216432
0.216432
0.216432
0.216432
0.216432
0.216432
0.216432
0.216432
0.216432
0.216432
0.216432
0.216432
0.216432
0.216432
0.216432
0.216432
0.216432
0.216432
0.216432
0.216432
0.216432
0.216432
0.216432
0.216432
0.216432
0.216432
0.21643
0.216427
0.216421
0.216412
0.216399
0.216379
0.216351
0.216314
0.216314
0.216314
0.216314
0.216314
0.216314
0.216314
0.216314
0.216314
0.216314
0.216314
0.216314
0.216314
0.216314
0.216314
0.216314
0.216314
0.216314
0.216314
0.216314
0.216314
0.216314
0.216314
0.216314
0.216314
0.216314
0.216314
0.216314
0.216314
0.216314
0.216314
0.216314
0.216314
0.216314
0.216314
0.216314
0.216314
0.216314
0.216314
0.216314
0.216314
0.216314
0.216314
0.216314
0.216314
0.216314
0.216314
0.216314
0.216314
0.216314
0.216314
0.216314
0.216314
0.216314
0.216314
0.216314
0.216314
0.216314
0.216314
0.216314
0.216314
0.216314
0.216314
0.216314
0.216314
0.216314
0.216314
0.216312
0.216303
0.216289
0.216268
0.21624
0.216203
0.216156
0.216097
0.216024
0.215934
0.215826
0.215697
0.215544
0.215364
0.215153
0.215153
0.215153
0.215153
0.215153
0.215153
0.215153
0.215153
0.215153
0.215153
0.215153
0.215153
0.215153
0.215153
0.215153
0.21515
0.215126
0.215086
0.215028
0.214953
0.214858
0.214743
0.214606
0.214445
0.214258
0.214043
0.213798
0.21352
0.213206
0.213206
0.213206
0.213206
0.213206
0.213206
0.213206
0.213206
0.213206
0.213206
0.213206
0.213206
0.213206
0.213186
0.213137
0.213062
0.21296
0.212831
0.212673
0.212485
0.212266
0.212014
0.211726
0.211402
0.211037
0.210631
0.210179
0.20968
0.20913
0.20913
0.20913
0.20913
0.20913
0.20913
0.20913
0.20913
0.20913
0.20913
0.20913
0.20913
0.209122
0.209064
0.208968
0.208832
0.208658
0.208443
0.208187
0.207888
0.207546
0.207157
0.206722
0.206237
0.2057
0.205109
0.204461
0.203754
0.202984
0.202984
0.202984
0.202984
0.202984
0.202984
0.202984
0.202984
0.202984
0.202984
0.202984
0.202984
0.202984
0.202984
0.202984
0.202984
0.202984
0.202984
0.202984
0.202984
0.202984
0.202984
0.202984
0.202984
0.202984
0.202984
0.202984
0.202984
0.202984
0.202984
0.202984
0.202984
0.202984
0.202984
0.202984
0.202984
0.202984
0.202984
0.202984
0.202984
0.202984
0.202984
0.202946
0.202849
0.2027
0.202499
0.202245
0.201939
0.201578
0.201162
0.20069
0.20016
0.199571
0.19892
0.198205
0.197425
0.196576
0.195657
0.194665
0.193597
0.192451
0.192023
0.192023
0.192023
0.192023
0.192023
0.192023
0.192023
0.192023
0.192023
0.192023
0.192023
0.192023
0.192023
0.192023
0.192023
0.192023
0.192023
0.192023
0.192023
0.192023
0.192023
0.192023
0.192023
0.192023
0.192023
0.192023
0.192023
0.192023
0.192023
0.192023
0.192023
0.192023
0.192023
0.192023
0.192023
0.192023
0.192023
0.192023
0.192023
0.192023
0.192023
0.192023
0.192023
0.192023
0.192023
0.192023
0.192023
0.192023
0.192023
0.192023
0.192023
0.192007
0.191905
0.191734
0.191495
0.191186
0.190809
0.190363
0.189846
0.189258
0.188842
0.188842
0.188842
0.188842
0.188842
0.188842
0.188842
0.188842
0.188842
0.188842
0.188842
0.188842
0.188842
0.188794
0.18866
0.188454
0.188176
0.187824
0.1874
0.187047
0.187047
0.187047
0.187047
0.187047
0.187047
0.187047
0.187047
0.187047
0.187047
0.187047
0.187047
0.187047
0.186971
0.18682
0.186594
0.186293
0.185917
0.185467
0.184941
0.184339
0.18366
0.182902
0.182066
0.181149
0.180534
0.180534
0.180534
0.180534
0.180534
0.180534
0.180534
0.180534
0.180534
0.180534
0.18051
0.180383
0.180173
0.179882
0.17951
0.179055
0.178519
0.177901
0.1772
0.176415
0.175545
0.17459
0.173547
0.173294
0.173294
0.173294
0.173294
0.173294
0.173294
0.173294
0.173288
0.173175
0.172973
0.172682
0.172302
0.171835
0.171279
0.170634
0.170634
0.170634
0.170634
0.170634
0.170634
0.170634
0.170634
0.170634
0.170596
0.172259
0.182337
0.191939
0.200104
0.207253
0.213913
0.22
0.225574
0.230832
0.235513
0.239817
0.243777
0.247423
0.250781
0.253872
0.256715
0.259326
0.261718
-0.263903
-0.265773
-0.267466
-0.268875
-0.270128
-0.271228
-0.272282
-0.273169
-0.273992
-0.274745
-0.275304
-0.275763
-0.276016
-0.276063
-0.275904
-0.275455
-0.274811
-0.273969
-0.273224
-0.272224
-0.270971
-0.269464
-0.267705
-0.265693
-0.263429
-0.260913
-0.258143
-0.253384
-0.233546
-0.214546
-0.196342
-0.178893
-0.162156
-0.146091
-0.133399
-0.124159
-0.115679
-0.107899
-0.100762
-0.094214
-0.088209
-0.082702
-0.077651
-0.073019
-0.068773
-0.064879
-0.061308
-0.058035
-0.055034
-0.052282
-0.04976
-0.047447
-0.045327
-0.043384
-0.041602
-0.039969
-0.038472
-0.03695
-0.035395
-0.0338
-0.032156
-0.030458
-0.028699
-0.026875
-0.024981
-0.023013
-0.020967
-0.018841
-0.016631
-0.014335
-0.01389
-0.013482
-0.013107
-0.012764
-0.012449
-0.012161
-0.011897
-0.011654
-0.011432
-0.011229
-0.011042
-0.010871
-0.010714
-0.01057
-0.010438
-0.010318
-0.010207
-0.010105
-0.010012
-0.009927
-0.009849
-0.009777
-0.009711
-0.009651
-0.009596
-0.009545
-0.009499
-0.009456
-0.009417
-0.009381
-0.009349
-0.009318
-0.009291
-0.009266
-0.009242
-0.009221
-0.009202
-0.009184
-0.009167
-0.009152
-0.009139
-0.009126
-0.009114
-0.009104
-0.009094
-0.007223
-0.002936
0.003405
0.011985
0.021515
0.031721
0.042916
0.053173
0.062765
0.071729
0.079941
0.087657
0.095079
0.102989
0.11078
0.118461
0.125495
0.131938
0.137838
0.143242
0.148192
0.152726
0.156879
0.160683
0.164168
0.167361
0.170286
0.172966
0.175422
0.177672
0.179733
0.181622
0.183353
0.184939
0.186392
0.187725
0.188945
0.190064
0.191089
0.192029
0.19289
0.193679
0.194402
0.195065
0.195673
0.19623
0.196741
0.197209
0.197638
0.198031
0.198391
0.197106
0.192296
0.182989
0.167162
0.152613
0.139247
0.12697
0.115699
0.105353
0.095859
0.087148
0.079157
0.071826
0.065104
0.058938
0.053284
0.0481
0.043347
0.038989
0.034993
0.03133
0.027972
0.024893
0.02207
0.019483
0.017111
0.014937
0.012944
0.011116
0.009442
0.007906
0.006499
0.005209
0.004026
0.005159
0.013787
0.02705
0.041773
0.055261
0.067615
0.07893
0.089293
0.098784
0.107475
0.115435
0.122724
0.1294
0.135514
0.141114
0.146243
0.150941
0.155245
0.155178
0.147093
0.134176
0.122315
0.111426
0.101432
0.092261
0.083847
0.076129
0.06905
0.062557
0.056603
0.051144
0.046138
0.041548
0.037339
0.033481
0.029944
0.026701
0.023728
0.021003
0.018505
0.016215
0.014115
0.01219
0.010426
0.008809
0.007327
0.005968
0.004722
0.00358
0.002533
0.001574
0.000695
-0.000112
-0.000851
-0.001528
-0.002149
-0.002719
-0.00324
-0.003719
-0.004157
-0.004559
-0.004927
-0.005265
-0.005575
-0.005858
-0.006118
-0.006357
-0.006575
-0.006776
-0.006959
-0.007128
-0.007282
-0.007423
-0.007553
-0.007672
-0.007781
-0.007881
-0.007972
-0.008056
-0.008133
-0.008203
-0.008268
-0.008327
-0.008381
-0.008431
-0.008477
-0.008519
-0.008557
-0.008592
-0.008624
-0.008654
-0.008681
-0.008705
-0.008728
-0.008749
-0.008768
-0.008786
-0.008802
-0.008816
-0.00883
-0.008842
-0.008854
-0.008864
-0.008873
-0.008882
-0.00889
-0.008897
-0.008904
-0.00891
-0.008916
-0.008921
-0.008926
-0.00893
-0.008934
-0.008938
-0.008941
-0.008944
-0.008946
-0.008949
-0.008951
-0.008954
-0.008955
-0.008957
-0.008959
-0.00896
-0.008962
-0.008963
-0.008964
-0.008965
-0.008966
-0.008967
-0.008967
-0.008967
-0.008967
-0.008967
-0.008967
-0.008967
-0.008967
-0.008967
-0.008967
-0.008967
-0.008967
-0.008967
-0.008967
-0.008967
-0.008967
-0.008967
-0.008967
-0.008967
-0.008967
-0.008967
-0.008967
-0.008967
-0.008967
-0.008967
-0.006751
-0.000641
0.009394
0.022103
0.036142
0.050103
0.062891
0.074596
0.085253
0.094802
0.103374
0.111039
0.117862
0.123904
0.129217
0.133852
0.137853
0.141263
0.144117
0.146451
0.148294
0.149675
0.15062
0.151151
0.151288
0.151052
0.15046
0.149526
0.148265
0.146691
0.144813
0.142644
0.140193
0.137469
0.13448
0.131233
0.127736
0.123996
0.120017
0.115807
0.111371
0.106713
0.101839
0.096755
0.091465
0.085974
0.080287
0.074409
0.068345
0.0621
0.05568
0.04909
0.042335
0.035423
0.028358
0.021148
0.013798
0.013765
0.01387
0.013967
0.014055
0.014136
0.01421
0.014278
0.014341
0.014398
0.01445
0.014498
0.014542
0.014582
0.014619
0.014653
0.010777
0.002189
-0.010169
-0.021494
-0.031871
-0.041378
-0.050087
-0.058064
-0.06537
-0.072061
-0.07819
-0.083803
-0.088945
-0.093654
-0.097967
-0.101918
-0.105536
-0.108852
-0.111889
-0.114671
-0.117219
-0.119555
-0.121694
-0.123654
-0.12545
-0.127096
-0.128604
-0.129986
-0.131252
-0.132413
-0.133476
-0.134451
-0.135344
-0.136163
-0.136913
-0.137601
-0.138231
-0.138808
-0.139337
-0.139822
-0.140267
-0.140675
-0.141048
-0.141391
-0.141705
-0.141992
-0.142664
-0.144374
-0.146624
-0.149238
-0.153406
-0.159007
-0.169037
-0.179689
-0.189833
-0.199099
-0.207563
-0.215296
-0.222361
-0.228819
-0.234721
-0.240117
-0.245051
-0.249562
-0.253689
-0.257464
-0.260917
-0.264077
-0.266969
-0.269615
-0.272038
-0.274256
-0.276286
-0.278145
-0.279847
-0.281406
-0.282834
-0.284142
-0.285339
-0.286436
-0.287442
-0.288362
-0.289206
-0.289979
-0.290687
-0.291336
-0.29193
-0.292475
-0.292974
-0.293432
-0.293851
-0.294235
-0.294587
-0.29491
-0.295206
-0.295477
-0.295725
-0.295953
-0.296162
-0.296353
-0.296528
-0.296689
-0.296836
-0.296971
-0.297095
-0.297208
-0.297312
-0.297407
-0.297495
-0.297575
-0.297648
-0.297715
-0.297777
-0.297317
-0.297412
-0.297499
-0.297579
-0.297652
-0.297719
-0.29778
-0.297836
-0.297888
-0.297935
-0.297979
-0.298018
-0.298055
-0.29783
-0.297624
-0.297435
-0.296869
-0.29173
-0.279912
-0.269005
-0.258947
-0.249679
-0.241144
-0.233289
-0.226062
-0.219416
-0.213307
-0.207693
-0.202536
-0.197798
-0.193448
-0.189454
-0.185788
-0.182422
-0.179334
-0.1765
-0.171041
-0.163161
-0.15483
-0.145939
-0.135711
-0.124379
-0.112863
-0.102283
-0.092437
-0.083221
-0.074567
-0.066408
-0.058683
-0.051338
-0.044322
-0.037592
-0.031107
-0.024831
-0.018732
-0.012781
-0.009188
-0.005894
-0.002875
-0.000107
-0.007036
-0.017903
-0.02786
-0.036984
-0.045343
-0.053001
-0.060016
-0.066442
-0.072328
-0.07772
-0.08266
-0.087184
-0.091329
-0.095127
-0.098605
-0.101793
-0.104712
-0.107388
-0.109839
-0.112085
-0.114143
-0.116028
-0.117756
-0.119339
-0.12079
-0.12212
-0.123339
-0.124455
-0.125479
-0.126417
-0.127276
-0.128064
-0.128786
-0.129448
-0.130054
-0.13061
-0.13112
-0.131587
-0.132015
-0.132407
-0.132767
-0.133096
-0.133398
-0.133675
-0.133929
-0.134162
-0.134375
-0.13457
-0.134749
-0.134914
-0.135064
-0.135202
-0.135329
-0.135445
-0.135551
-0.135648
-0.135737
-0.135819
-0.135894
-0.135963
-0.136026
-0.136084
-0.136137
-0.136185
-0.13623
-0.13627
-0.136308
-0.136342
-0.136374
-0.136402
-0.136429
-0.136453
-0.136475
-0.136495
-0.136514
-0.136531
-0.136547
-0.136561
-0.136574
-0.136586
-0.136597
-0.136618
-0.136726
-0.13694
-0.137248
-0.137653
-0.138135
-0.138273
-0.138278
-0.138283
-0.138288
-0.138292
-0.138296
-0.138299
-0.138302
-0.138305
-0.138308
-0.138311
-0.138313
-0.138315
-0.138317
-0.138435
-0.138667
-0.139011
-0.139466
-0.14003
-0.140698
-0.14147
-0.142342
-0.143312
-0.144376
-0.145532
-0.146364
-0.146773
-0.146901
-0.146901
-0.146901
-0.146901
-0.146901
-0.146901
-0.146901
-0.146901
-0.146901
-0.146901
-0.146901
-0.146901
-0.146901
-0.146901
-0.146901
-0.146901
-0.146901
-0.146901
-0.146901
-0.146901
-0.146901
-0.146901
-0.146901
-0.146901
-0.146901
-0.146901
-0.146901
-0.146901
-0.146901
-0.146901
-0.146901
-0.146901
-0.146901
-0.146901
-0.146901
-0.146901
-0.146901
-0.146901
-0.146901
-0.146901
-0.148113
-0.150045
-0.151945
-0.153958
-0.155803
-0.157766
-0.159967
-0.162529
-0.165004
-0.169978
-0.179229
-0.188892
-0.198256
-0.20681
-0.214624
-0.221401
-0.226629
-0.229226
-0.229546
-0.228759
-0.227058
-0.22538
-0.22384
-0.222298
-0.220883
-0.219714
-0.218641
-0.217656
-0.216753
-0.215924
-0.215892
-0.218678
-0.225485
-0.231703
-0.237384
-0.242577
-0.247323
-0.251399
-0.254728
-0.256874
-0.258702
-0.260512
-0.262032
-0.263561
-0.264962
-0.266244
-0.267419
-0.268494
-0.26948
-0.270382
-0.271209
-0.271967
-0.272661
-0.273297
-0.27388
-0.274413
-0.274903
-0.275351
-0.275762
-0.275485
-0.270093
-0.260092
-0.250876
-0.242388
-0.234576
-0.227389
-0.220779
-0.214703
-0.209119
-0.203989
-0.199277
-0.19495
-0.190977
-0.18733
-0.183982
-0.18091
-0.178091
-0.175504
-0.173131
-0.170954
-0.168957
-0.167125
-0.165445
-0.163904
-0.162491
-0.161195
-0.160007
-0.158917
-0.157918
-0.157002
-0.156162
-0.155391
-0.154685
-0.154037
-0.153444
-0.152899
-0.152401
-0.151943
-0.151524
-0.151139
-0.150786
-0.150463
-0.150167
-0.149895
-0.149647
-0.149418
-0.149209
-0.149017
-0.148841
-0.14868
-0.148532
-0.148397
-0.148273
-0.148159
-0.148055
-0.147959
-0.147871
-0.147791
-0.147717
-0.14765
-0.147588
-0.147531
-0.147479
