0.707107
0.707107
0.707107
0.707107
0.707107
0.707107
0.707107
0.707107
0.707107
0.707107
0.707107
0.707107
0.707107
0.707065
0.706947
0.706765
0.706528
0.706246
0.705926
0.705576
0.705201
0.704807
0.704399
0.70398
0.703555
0.703125
0.703513
0.703863
0.704179
0.703756
0.703328
0.702898
0.702468
0.702039
0.701615
0.701197
0.700785
0.700381
0.699985
0.699599
0.699223
0.698857
0.698502
0.698158
0.697825
0.697502
0.697191
0.696891
0.696602
0.696323
0.696055
0.695798
0.69555
0.695313
0.695085
0.694866
0.694657
0.694457
0.694265
0.694081
0.693905
0.693737
0.693577
0.693423
0.693277
0.693137
0.693003
0.692876
0.692754
0.692638
0.692527
0.692422
0.692321
0.692225
0.692134
0.692047
0.691964
0.691885
0.69181
0.691738
0.69167
0.691605
0.691543
0.691485
0.691428
0.691375
0.691325
0.691276
0.69123
0.691187
0.691145
0.691106
0.691068
0.691032
0.690998
0.690966
0.690935
0.690906
0.690878
0.690852
0.690827
0.690803
0.69078
0.690759
0.690738
0.690719
0.6907
0.690682
0.690666
0.69065
0.690635
0.69062
0.690607
0.690594
0.690581
0.69057
0.690558
0.690548
0.690538
0.690528
0.690519
0.69051
0.690502
0.690494
0.690487
0.69048
0.690473
0.690467
0.690461
0.690455
0.69045
0.690444
0.69044
0.690435
0.69043
0.690426
0.690422
0.690418
0.690415
0.690411
0.690408
0.690405
0.688356
0.68598
0.683286
0.680282
0.676973
0.673367
0.669467
0.670116
0.670727
0.671301
0.671841
0.672349
0.672827
0.673277
0.673701
0.674101
0.674478
0.674833
0.675168
0.675484
0.675782
0.676064
0.67633
0.676581
0.676818
0.677043
0.677255
0.677455
0.677645
0.677824
0.677994
0.678154
0.678306
0.67845
0.678586
0.678715
0.678837
0.678953
0.679062
0.679166
0.679264
0.679358
0.679446
0.67953
0.679609
0.679685
0.679756
0.679824
0.679888
0.679949
0.680006
0.680061
0.680113
0.680162
0.680209
0.680253
0.680296
0.680335
0.680373
0.680409
0.680443
0.680476
0.680507
0.680536
0.680564
0.68059
0.680615
0.682652
0.684861
0.687249
0.689822
0.692585
0.69554
0.698689
0.702032
0.705569
0.709299
0.713218
0.717323
0.721611
0.726077
0.730715
0.735519
0.740483
0.745599
0.750861
0.756259
0.761786
0.767433
0.767227
0.766994
0.766737
0.766463
0.766174
0.765874
0.766297
0.767097
0.768144
0.769432
0.77096
0.772722
0.774713
0.776928
0.779361
0.782005
0.784854
0.7879
0.791135
0.794551
0.798141
0.801894
0.805802
0.809856
0.814046
0.818361
0.822791
0.827327
0.831956
0.836669
0.841453
0.846297
0.851189
0.856118
0.861071
0.866035
0.870998
0.875947
0.88087
0.885753
0.890583
0.895346
0.900029
0.904619
0.909101
0.913463
0.917689
0.921766
0.923867
0.924991
0.925974
0.926832
0.927579
0.928225
0.928783
0.929263
0.929138
0.929139
0.929264
0.929509
0.929869
0.930341
0.930918
0.931596
0.932368
0.933227
0.934167
0.93518
0.936258
0.937392
0.938576
0.939798
0.941051
0.942325
0.94361
0.944896
0.946172
0.94744
0.948564
0.94956
0.950441
0.951218
0.951903
0.952506
0.952232
0.95204
0.951929
0.951895
0.951936
0.952046
0.952222
0.952458
0.952748
0.953086
0.953465
0.953878
0.954319
0.954778
0.955249
0.955721
0.95691
0.958039
0.959046
0.959943
0.96074
0.96145
0.962079
0.962637
0.963132
0.963569
0.96321
0.962898
0.962634
0.962416
0.962241
0.962107
0.962009
0.961944
0.961906
0.96189
0.96189
0.962844
0.963696
0.964456
0.965133
0.965737
0.966275
0.966753
0.967178
0.967555
0.967889
0.968185
0.968447
0.968677
0.968881
0.969059
0.969216
0.969353
0.969473
0.969577
0.969667
0.969746
0.969542
0.969333
0.969125
0.96892
0.968719
0.969001
0.969249
0.969469
0.969663
0.969834
0.969984
0.970115
0.97023
0.97033
0.970417
0.970493
0.970558
0.970613
0.970661
0.970702
0.970736
0.970764
0.970788
0.970807
0.970822
0.970834
0.970842
0.970849
0.970853
0.970855
0.970855
0.970854
0.970852
0.970858
0.97088
0.970862
0.97081
0.970732
0.970631
0.970772
0.970896
0.971005
0.9711
0.971182
0.971254
0.971316
0.97137
0.971416
0.971455
0.971488
0.971515
0.971539
0.971557
0.971573
0.971585
0.971594
0.971601
0.971606
0.971609
0.97161
0.97161
0.971609
0.971607
0.971604
0.971615
0.971636
0.971611
0.971548
0.971453
0.97133
0.971184
0.971015
0.970882
0.971157
0.971402
0.97162
0.971813
0.971984
0.972136
0.97227
0.972388
0.972492
0.972583
0.972663
0.972734
0.972795
0.972848
0.972895
0.972935
0.972969
0.972998
0.973023
0.973044
0.973062
0.973077
0.973089
0.973098
0.973106
0.973112
0.973116
0.973118
0.97312
0.973121
0.97312
0.973119
0.973117
0.973115
0.973112
0.972962
0.972651
0.972196
0.971607
0.970894
0.970064
0.969123
0.968076
0.966925
0.967248
0.967543
0.967813
0.968061
0.968287
0.968495
0.968685
0.96886
0.968184
0.967416
0.966561
0.965624
0.964606
0.96351
0.962504
0.96308
0.963606
0.964087
0.964526
0.964927
0.965294
0.96563
0.965937
0.966219
0.966477
0.966713
0.96693
0.967129
0.967312
0.96748
0.967635
0.967777
0.967908
0.968029
0.96814
0.968243
0.968337
0.968425
0.968506
0.96858
0.96865
0.968714
0.968773
0.968828
0.968879
0.968927
0.968971
0.969012
0.96905
0.969085
0.969118
0.969149
0.969178
0.969205
0.96923
0.969253
0.969275
0.969295
0.969314
0.969332
0.969349
0.969365
0.969379
0.969393
0.969406
0.969418
0.96943
0.96944
0.96945
0.96946
0.969469
0.969477
0.969485
0.969493
0.9695
0.969506
0.969512
0.969518
0.969524
0.969529
0.969534
0.969539
0.969543
0.969547
0.969551
0.969555
0.969559
0.969562
0.969565
0.969568
0.969571
0.969573
0.969576
0.969578
0.969581
0.969583
0.969585
0.969586
0.969588
0.96959
0.969592
0.969593
0.969595
0.969596
0.969597
0.969881
0.970095
0.97025
0.970358
0.970424
0.970454
0.970453
0.970423
0.970365
0.970279
0.970165
0.97002
0.969841
0.969624
0.969365
0.969059
0.968699
0.968279
0.967792
0.967231
0.966587
0.965853
0.965019
0.964077
0.963017
0.961829
0.960505
0.959034
0.957406
0.95561
0.953637
0.951475
0.953132
0.954638
0.956008
0.957253
0.958385
0.959416
0.960353
0.961207
0.961985
0.962693
0.963339
0.963928
0.964465
0.964955
0.965402
0.965811
0.966184
0.966526
0.966838
0.968045
0.969065
0.969921
0.970634
0.971221
0.971696
0.972071
0.972356
0.972559
0.972685
0.972739
0.972723
0.97287
0.972999
0.973114
0.973216
0.973306
0.973385
0.973454
0.973515
0.973569
0.973615
0.973656
0.973691
0.973721
0.973747
0.973769
0.97363
0.973446
0.973223
0.972968
0.972685
0.972375
0.97204
0.971681
0.971296
0.970769
0.971238
0.971659
0.972036
0.972374
0.972677
0.972948
0.97319
0.973407
0.973601
0.973774
0.973928
0.974066
0.974188
0.974298
0.973986
0.973617
0.973222
0.972804
0.972365
0.971906
0.972293
0.97264
0.972951
0.973231
0.973481
0.973705
0.973306
0.972818
0.972309
0.971784
0.971248
0.970706
0.970169
0.969636
0.969109
0.968585
0.968064
0.968857
0.96957
0.970212
0.970789
0.971308
0.971775
0.972194
0.972571
0.97291
0.973214
0.973487
0.973732
0.973951
0.974148
0.974325
0.974483
0.974625
0.974777
0.975265
0.975546
0.975641
0.975567
0.975338
0.974969
0.974469
0.973845
0.973106
0.973243
0.973367
0.973481
0.973585
0.97368
0.973767
0.973847
0.973919
0.973986
0.974047
0.974103
0.974154
0.974201
0.974244
0.974284
0.97432
0.974354
0.974385
0.974413
0.974439
0.974463
0.974486
0.974506
0.974525
0.974543
0.974559
0.974574
0.974588
0.974601
0.974613
0.974624
0.974635
0.974644
0.974653
0.974662
0.974669
0.974677
0.974683
0.97469
0.974695
0.974701
0.97443
0.974037
0.973534
0.972928
0.972227
0.971437
0.97056
0.9696
0.968557
0.967755
0.968207
0.968617
0.968992
0.969333
0.969644
0.969928
0.970187
0.970424
0.97064
0.970837
0.970646
0.969966
0.969209
0.968379
0.967478
0.96651
0.965473
0.964369
0.963195
0.96389
0.964522
0.965098
0.965623
0.966102
0.966539
0.966938
0.967302
0.967634
0.967938
0.968216
0.96847
0.968356
0.967616
0.966796
0.965901
0.964932
0.963891
0.962778
0.961594
0.960335
0.959
0.957586
0.95609
0.954506
0.952831
0.951058
0.949182
0.947196
0.948496
0.949682
0.950765
0.951753
0.952657
0.953483
0.954238
0.954929
0.955561
0.95614
0.956671
0.957157
0.957603
0.958013
0.958389
0.958735
0.959053
0.959345
0.959614
0.959862
0.96009
0.960301
0.960495
0.960675
0.96084
0.960994
0.961136
0.961267
0.961389
0.961502
0.961606
0.961704
0.961794
0.961878
0.961956
0.962028
0.962096
0.962159
0.962218
0.962272
0.962324
0.962371
0.962416
0.962458
0.962497
0.962533
0.962568
0.9626
0.96263
0.962658
0.962685
0.962709
0.962733
0.962755
0.962775
0.962795
0.962813
0.96283
0.962847
0.962862
0.962876
0.96289
0.962903
0.962915
0.962926
0.962937
0.962947
0.962957
0.963418
0.963821
0.964179
0.964501
0.964794
0.965065
0.965319
0.965557
0.965678
0.965783
0.965872
0.965948
0.966011
0.966065
0.96597
0.965857
0.965753
0.965663
0.965588
0.965528
0.965483
0.965452
0.965432
0.965421
0.965414
0.965406
0.965393
0.96543
0.966147
0.966788
0.967359
0.967869
0.968323
0.968727
0.969087
0.969406
0.969689
0.9693
0.968927
0.968572
0.968234
0.967913
0.967607
0.967314
0.96703
0.966751
0.966473
0.96619
0.965898
0.965588
0.965256
0.966284
0.967207
0.968037
0.968783
0.969452
0.970053
0.970593
0.970074
0.969564
0.969063
0.96857
0.968082
0.967598
0.967114
0.966625
0.966128
0.965618
0.965088
0.966191
0.967185
0.968081
0.968889
0.969616
0.970272
0.970862
0.971393
0.971872
0.971383
0.970812
0.970232
0.969645
0.969049
0.968441
0.96782
0.968653
0.969405
0.970083
0.970695
0.971246
0.971744
0.972192
0.972597
0.972962
0.973291
0.973587
0.973854
0.974095
0.974312
0.974508
0.974909
0.975507
0.975907
0.976133
0.976144
0.976155
0.976164
0.976173
0.97618
0.976187
0.976193
0.976198
0.976203
0.976207
0.976211
0.976214
0.976217
0.97622
0.976222
0.976224
0.976225
0.976227
0.976228
0.97623
0.976231
0.976231
0.976232
0.976233
0.976234
0.976234
0.976234
0.976235
0.976235
0.976235
0.976235
0.976236
0.976236
0.976236
0.976236
0.976236
0.976236
0.976236
0.976236
0.976236
0.976236
0.976236
0.976236
0.976236
0.976236
0.976236
0.976194
0.976033
0.975765
0.975399
0.974945
0.975053
0.975151
0.97524
0.975321
0.975394
0.97546
0.97552
0.975575
0.975624
0.97567
0.97571
0.975767
0.976036
0.976164
0.976168
0.97606
0.976078
0.976094
0.976108
0.976121
0.976132
0.976143
0.976152
0.97616
0.976167
0.976173
0.976179
0.976184
0.976189
0.976193
0.976196
0.976199
0.976202
0.976204
0.976207
0.976208
0.97621
0.976212
0.976213
0.976214
0.976215
0.976216
0.976216
0.976217
0.976217
0.976218
0.976218
0.976218
0.976219
0.976219
0.976217
0.976143
0.975971
0.975711
0.975371
0.974959
0.975091
0.97521
0.975317
0.975414
0.975501
0.975579
0.97565
0.975714
0.975771
0.975436
0.975034
0.974574
0.97406
0.973496
0.972884
0.972225
0.97152
0.970768
0.969966
0.97054
0.971059
0.971529
0.971954
0.972339
0.972687
0.973345
0.97422
0.974962
0.974495
0.973962
0.97337
0.972722
0.972021
0.971268
0.970465
0.969609
0.971217
0.972513
0.973535
0.974318
0.97489
0.974472
0.973967
0.973384
0.972728
0.972003
0.971212
0.970357
0.969438
0.968455
0.967406
0.966289
0.9651
0.963836
0.962491
0.961062
0.959542
0.957924
0.956203
0.954371
0.95242
0.950343
0.948132
0.945778
0.943273
0.940607
0.937773
0.93476
0.93156
0.928163
0.924559
0.920739
0.916694
0.912414
0.90789
0.903111
0.89807
0.892755
0.887159
0.881271
0.875084
0.868588
0.861774
0.854634
0.84716
0.839344
0.831179
0.822656
0.813769
0.80451
0.794874
0.784854
0.774444
0.780249
0.785441
0.790079
0.794218
0.797909
0.801195
0.804117
0.806714
0.809017
0.807378
0.805488
0.803353
0.800978
0.798365
0.795517
0.792437
0.789125
0.785581
0.781806
0.777798
0.773556
0.769078
0.764362
0.759405
0.754204
0.748756
0.743057
0.737104
0.730892
0.724417
0.717676
0.710663
0.703374
0.695806
0.687952
0.67981
0.671374
0.662639
0.653603
0.64426
0.634607
0.62464
0.614354
0.603747
0.592815
0.581555
0.569964
0.55804
0.54578
0.533183
0.520247
0.50697
0.493351
0.479391
0.465088
0.450444
0.435458
0.441308
0.446684
0.451625
0.456167
0.460344
0.464186
0.467714
0.465639
0.46321
0.460432
0.457307
0.453839
0.450031
0.445885
0.441402
0.436586
0.431436
0.425955
0.420143
0.414002
0.407531
0.400733
0.393606
0.386152
0.378371
0.370263
0.361828
0.353067
0.34398
0.334569
0.324832
0.314771
0.304388
0.293682
0.282654
0.271306
0.25964
0.247658
0.235361
0.222751
0.20983
0.196602
0.183069
0.169235
0.155103
0.140678
0.125964
0.110965
0.095686
0.080133
0.082914
0.085173
0.087287
0.089288
0.090522
0.08924
0.087531
0.0854
0.082851
0.079891
0.076523
0.072752
0.068581
0.064017
0.059063
0.056618
0.051021
0.045047
0.0387
0.031985
0.024907
0.017469
0.009676
0.001533
-0.006956
-0.015785
-0.024951
-0.034447
-0.044268
-0.05441
-0.064866
-0.075631
-0.086699
-0.098063
-0.109718
-0.121656
-0.13387
-0.146354
-0.1591
-0.1721
-0.17595
-0.174104
-0.172334
-0.170639
-0.169015
-0.167461
-0.165974
-0.164552
-0.163193
-0.161895
-0.160655
-0.15947
-0.15834
-0.157262
-0.156233
-0.155251
-0.154316
-0.15314
-0.151275
-0.148123
-0.14413
-0.139795
-0.135122
-0.130113
-0.12477
-0.119097
-0.113095
-0.106768
-0.100119
-0.09438
-0.094921
-0.095435
-0.095922
-0.096385
-0.096824
-0.097241
-0.097637
-0.098012
-0.097552
-0.094915
-0.091905
-0.088525
-0.084778
-0.080667
-0.076195
-0.071365
-0.066179
-0.060641
-0.054754
-0.048521
-0.041945
-0.035029
-0.027776
-0.020191
-0.012275
-0.004033
0.004531
0.013414
0.022612
0.032121
0.041937
0.052054
0.06247
0.073178
0.084175
0.087213
0.085519
0.083904
0.082366
0.080899
0.078956
0.074793
0.07032
0.065537
0.060444
0.055041
0.049328
0.043309
0.036983
0.030353
0.02342
0.016186
0.008652
0.000823
0.001275
0.001705
0.002114
0.002502
0.002871
0.003221
0.003554
0.00387
0.00417
0.004455
0.002022
-0.000898
-0.004182
-0.007827
-0.011832
-0.015849
-0.015038
-0.014267
-0.013534
-0.012838
-0.012176
-0.011548
-0.01095
-0.010383
-0.009844
-0.010364
-0.010932
-0.011448
-0.011938
-0.012403
-0.012868
-0.013287
-0.013708
-0.014084
-0.014393
-0.014636
-0.014867
-0.015087
-0.015295
-0.017342
-0.019777
-0.022598
-0.025801
-0.029384
-0.033343
-0.037674
-0.042372
-0.042046
-0.041736
-0.040472
-0.03927
-0.038127
-0.03704
-0.036007
-0.035024
-0.034089
-0.033201
-0.032357
-0.031554
-0.030791
-0.030066
-0.029377
-0.028722
-0.0281
-0.027508
-0.026946
-0.026412
-0.025904
-0.025421
-0.024963
-0.024527
-0.024113
-0.023719
-0.023346
-0.022991
-0.022653
-0.022332
-0.022028
-0.021738
-0.021463
-0.021202
-0.020953
-0.020636
-0.020248
-0.019897
-0.019579
-0.019142
-0.018751
-0.018403
-0.018094
-0.017819
-0.017575
-0.017359
-0.017169
-0.017001
-0.016964
-0.016931
-0.0169
-0.016938
-0.016995
-0.017039
-0.017074
-0.017099
-0.017116
-0.017126
-0.017131
-0.01713
-0.017125
-0.017116
-0.017068
-0.017024
-0.016984
-0.016949
-0.016917
-0.016857
-0.016803
-0.016754
-0.016709
-0.016668
-0.016631
-0.016597
-0.016566
-0.016538
-0.016511
-0.016488
-0.016466
-0.016447
-0.016429
-0.016413
-0.016397
-0.016383
-0.016371
-0.016359
-0.016384
-0.016406
-0.016456
-0.016498
-0.016533
-0.016561
-0.016583
-0.0166
-0.016613
-0.016622
-0.016628
-0.016631
-0.016673
-0.017373
-0.018931
-0.02109
-0.023818
-0.026866
-0.030368
-0.034351
-0.038088
-0.042171
-0.046726
-0.051706
-0.056994
-0.062508
-0.068455
-0.074688
-0.081198
-0.087884
-0.094921
-0.102213
-0.109752
-0.117533
-0.12555
-0.133798
-0.142269
-0.15096
-0.159865
-0.168978
-0.178295
-0.187811
-0.197384
-0.19895
-0.198024
-0.19711
-0.19621
-0.195328
-0.194465
-0.193622
-0.192801
-0.192003
-0.191228
-0.190477
-0.18975
-0.189047
-0.188369
-0.187714
-0.187083
-0.186476
-0.185892
-0.185331
-0.184792
-0.184274
-0.183778
-0.183302
-0.182845
-0.182409
-0.18199
-0.18159
-0.181208
-0.180842
-0.180492
-0.180158
-0.179839
-0.179534
-0.179244
-0.178966
-0.178701
-0.178449
-0.178208
-0.177978
-0.177759
-0.17755
-0.177351
-0.177162
-0.176608
-0.174186
-0.171859
-0.169676
-0.167856
-0.166414
-0.165148
-0.16406
-0.163146
-0.162202
-0.16062
-0.159081
-0.157586
-0.156137
-0.154732
-0.153375
-0.152063
-0.150798
-0.149579
-0.148404
-0.147275
-0.146189
-0.145146
-0.144145
-0.143184
-0.142263
-0.142783
-0.144056
-0.145493
-0.146861
-0.148164
-0.149404
-0.152196
-0.15636
-0.160796
-0.165507
-0.170498
-0.175769
-0.181322
-0.187157
-0.193274
-0.199673
-0.199783
-0.199627
-0.199477
-0.199619
-0.201014
-0.203808
-0.206943
-0.21042
-0.214236
-0.218389
-0.217768
-0.217174
-0.216607
-0.216066
-0.215549
-0.215055
-0.214584
-0.214135
-0.213706
-0.213298
-0.212907
-0.212536
-0.212182
-0.211845
-0.211523
-0.211217
-0.210925
-0.210648
-0.210383
-0.210131
-0.209891
-0.212298
-0.215101
-0.218245
-0.221728
-0.225549
-0.229707
-0.228992
-0.22831
-0.227658
-0.227037
-0.226445
-0.22588
-0.225341
-0.224988
-0.227156
-0.229682
-0.232563
-0.235798
-0.239385
-0.24332
-0.247601
-0.252223
-0.257184
-0.262479
-0.268103
-0.274052
-0.280322
-0.286907
-0.2938
-0.300999
-0.308495
-0.316284
-0.324358
-0.332711
-0.341337
-0.350228
-0.359378
-0.368778
-0.378422
-0.3883
-0.398404
-0.408727
-0.419259
-0.42999
-0.440913
-0.452016
-0.463291
-0.474725
-0.48631
-0.498035
-0.509887
-0.521856
-0.533931
-0.546098
-0.558347
-0.570663
-0.583035
-0.59545
-0.607894
-0.620352
-0.632813
-0.645261
-0.657682
-0.670062
-0.682386
-0.694638
-0.706803
0.718867
0.730813
0.742626
0.743903
0.743903
0.743834
0.743707
0.74353
0.743312
0.74306
0.742779
0.742475
0.742153
0.741817
0.741471
0.741118
0.74076
0.7404
0.74004
0.739682
0.739328
0.738978
0.738633
0.738295
0.737964
0.737641
0.737258
0.735715
0.735451
0.735197
0.734952
0.734716
0.734489
0.734271
0.734061
0.73386
0.733666
0.733481
0.733303
0.733133
0.73297
0.732814
0.732665
0.732522
0.732386
0.732256
0.732131
0.732012
0.731898
0.73179
0.731687
0.731588
0.731494
0.731404
0.731319
0.731237
0.73116
0.731086
0.731015
0.730948
0.730884
0.730823
0.730765
0.73071
0.730657
0.730607
0.73056
0.730514
0.730471
0.73043
0.729002
0.726829
0.724343
0.721553
0.718467
0.715092
0.715562
0.716003
0.716419
0.716811
0.71718
0.717527
0.717854
0.718162
0.718453
0.718727
0.718986
0.719231
0.719461
0.71753
0.715297
0.712769
0.709952
0.706852
0.703471
0.704246
0.704973
0.705654
0.706294
0.706894
0.707458
0.707987
0.706114
0.703948
0.701494
0.698758
0.695742
0.692448
0.68888
0.685037
0.680922
0.676534
0.671873
0.67334
0.674709
0.675988
0.677183
0.6783
0.679346
0.680324
0.68124
0.679472
0.677409
0.675055
0.672414
0.669487
-0.666277
-0.667652
-0.668937
-0.670138
-0.671261
-0.672311
-0.673295
-0.674216
-0.67508
-0.675889
-0.676649
-0.677361
-0.67803
-0.678659
-0.679249
-0.679805
-0.680327
-0.680818
-0.68128
-0.681716
-0.682126
-0.682513
-0.682877
-0.68322
-0.683544
-0.68385
-0.684139
-0.684411
-0.684668
-0.684911
-0.685141
-0.685358
-0.685563
-0.685757
-0.68594
-0.686113
-0.686277
-0.686433
-0.686579
-0.686718
-0.68685
-0.686975
-0.687093
-0.687205
-0.687311
-0.687411
-0.687506
-0.687596
-0.687682
-0.687763
-0.687839
-0.687912
-0.687981
-0.688047
-0.688109
-0.688167
-0.688223
-0.688276
-0.688326
-0.688374
-0.688419
-0.688462
-0.688503
-0.688541
-0.688578
-0.688613
-0.688646
-0.688677
-0.688707
-0.688735
-0.688762
-0.688788
-0.688812
-0.688835
-0.688856
-0.688877
-0.688897
-0.688915
-0.688933
-0.68895
-0.688966
-0.688981
-0.688995
-0.689009
-0.689022
-0.689034
-0.689046
-0.689057
-0.689068
-0.689078
-0.689087
-0.689096
-0.689105
-0.689113
-0.689121
-0.689128
-0.689135
-0.689142
-0.689148
-0.689154
-0.68916
-0.689719
-0.69175
0.693955
0.696339
0.69891
0.701669
0.701368
0.701078
0.700798
0.700529
0.70027
0.700021
0.699782
0.699552
0.699332
0.699121
0.698919
0.698726
0.698541
0.698363
0.698194
0.699332
0.701103
0.703077
0.705257
0.707645
0.710244
0.709876
0.709519
0.709171
0.708833
0.708506
0.70819
0.707884
0.709142
0.710628
0.712343
0.714287
0.71646
0.718861
0.721486
0.724334
0.7274
0.730679
0.734167
0.737858
0.741746
0.745824
0.750085
0.754521
0.759124
0.763886
0.768798
0.773851
0.779035
0.784341
0.789758
0.795276
0.800885
0.806572
0.812328
0.81814
0.823996
0.829886
0.835795
0.841713
0.847626
0.853521
0.859386
0.865207
0.870971
0.871601
0.872124
0.872553
0.872899
0.873173
0.873382
0.873537
0.873642
0.873706
0.873733
0.873729
0.873698
0.873644
0.873571
0.873481
0.873378
0.873236
0.873032
0.872898
0.87276
0.872618
0.872475
0.872331
0.872186
0.872043
0.8719
0.871759
0.871621
0.871485
0.870382
0.868971
0.867267
0.865285
0.863037
0.860534
0.857784
0.854794
0.85157
0.848116
0.844434
0.840528
0.836398
0.832045
0.827467
0.822663
0.817631
0.812369
0.806874
0.801142
0.79517
0.788953
0.782487
0.775768
0.768789
0.761547
0.754037
0.746252
0.738189
0.729841
0.721204
0.712272
0.70304
0.693503
0.683657
0.673497
0.663019
0.652217
-0.641089
-0.639625
-0.642013
-0.644235
-0.646304
-0.648231
-0.650028
-0.651703
-0.653266
-0.654725
-0.656089
-0.657363
-0.657389
-0.656776
-0.656042
-0.656426
-0.657623
-0.658742
-0.65979
-0.660771
-0.661691
-0.662553
-0.663362
-0.664121
-0.662253
-0.660083
-0.657614
-0.654849
-0.651792
-0.648445
-0.644809
-0.640885
-0.636675
-0.632178
-0.627394
-0.622323
-0.616963
-0.611315
-0.605376
-0.599145
-0.59262
-0.5858
-0.578682
-0.571265
-0.563546
-0.555522
-0.547193
-0.538556
-0.529608
-0.520348
-0.510773
-0.500883
-0.490674
-0.480146
-0.469296
-0.458124
-0.446629
-0.434809
-0.422664
-0.410195
-0.3974
-0.38428
-0.370836
-0.357068
-0.342978
-0.328568
-0.313838
-0.298792
-0.283432
-0.267761
-0.251783
-0.235502
-0.218922
-0.202048
-0.184885
-0.167439
-0.149716
-0.131723
-0.113467
-0.094956
-0.076198
-0.057202
-0.037976
-0.01853
0.001126
0.02098
0.041022
0.06124
0.081623
0.102157
0.12283
0.143627
0.164536
0.185541
0.206627
0.227779
0.248982
0.270218
0.291472
0.290065
0.288483
0.286952
0.285472
0.284044
0.282668
0.281341
0.280066
0.278839
0.27766
0.276529
0.275443
0.274403
0.273405
0.27245
0.271536
0.270661
0.269824
0.269024
0.26826
0.26753
0.266832
0.266166
0.265531
0.264924
0.264346
0.263794
0.263268
0.262766
0.262539
0.26472
0.26725
0.270127
0.273351
0.276918
0.280827
0.285074
0.289657
0.29457
0.299811
0.305374
0.311255
0.31745
0.323953
0.330758
0.337859
0.345252
0.352928
0.360883
0.369109
0.3776
0.386347
0.395344
0.404582
0.414054
0.412925
0.411826
0.410756
0.409717
0.40871
0.407735
0.406792
0.405882
0.405003
0.404157
0.403342
0.402558
0.401804
0.40108
0.400385
0.399719
0.39908
0.398468
0.397881
0.397977
0.399867
0.402094
0.404656
0.407551
0.410775
0.414327
0.418202
0.422397
0.426906
0.431726
0.43685
0.442274
0.447991
0.447047
0.44613
0.445241
0.44438
0.443548
0.442744
0.441968
0.44122
0.4405
0.441935
0.443719
0.445848
0.448318
0.451126
0.454269
0.457741
0.461537
0.465654
0.470084
0.469176
0.468292
0.467433
0.4666
0.465792
0.465011
0.464257
0.463529
0.462827
0.462151
0.4615
0.460874
0.460273
0.459695
0.459141
0.45861
0.458101
0.457613
0.457147
0.4567
0.456272
0.455863
0.455473
0.455099
0.454743
0.454402
0.452158
0.449147
0.445769
0.442031
0.437941
0.433504
0.428726
0.423611
0.418163
0.412386
0.406283
0.399856
0.393108
0.386041
0.378656
0.370955
0.362939
0.354609
0.345966
0.337011
0.327744
0.318167
0.30828
0.298084
0.28758
0.276768
0.26565
0.254228
0.242502
0.230474
0.218145
0.205519
0.192595
0.179379
0.165871
0.152075
0.137995
0.123634
0.108996
0.094086
0.078909
0.063468
0.04777
0.031821
0.015626
-0.000807
-0.017471
-0.034359
-0.051464
-0.068776
-0.06672
-0.064761
-0.062895
-0.061117
-0.059425
-0.057813
-0.056278
-0.05716
-0.058844
-0.060946
-0.06346
-0.066381
-0.069706
-0.073427
-0.077542
-0.082045
-0.08693
-0.092193
-0.097828
-0.103831
-0.110196
-0.116919
-0.123992
-0.131411
-0.139171
-0.147264
-0.155686
-0.164431
-0.173491
-0.18286
-0.192533
-0.202502
-0.200757
-0.199081
-0.197473
-0.195932
-0.194455
-0.19304
-0.191685
-0.19039
-0.18915
-0.187966
-0.186834
-0.185752
-0.182106
-0.17811
-0.17377
-0.169087
-0.164067
-0.158712
-0.153025
-0.14701
-0.14067
-0.134008
-0.135998
-0.138875
-0.141347
-0.14346
-0.145219
-0.146455
-0.147235
-0.14762
-0.147663
-0.147412
-0.146911
-0.146198
-0.145306
-0.144266
-0.144202
-0.144048
-0.144124
-0.144899
-0.145537
-0.146053
-0.146461
-0.146776
-0.147009
-0.147171
-0.148122
-0.149106
-0.150113
-0.151099
-0.151921
-0.152185
-0.152178
-0.152109
-0.151986
-0.151819
-0.151614
-0.151378
-0.150086
-0.149156
-0.148891
-0.14883
-0.149672
-0.150343
-0.150864
-0.151254
-0.15153
-0.151706
-0.151796
-0.151812
-0.151764
-0.151661
-0.149817
-0.147395
-0.144423
-0.140927
-0.136932
-0.132458
-0.127525
-0.122152
-0.116354
-0.110146
-0.103542
-0.096553
-0.089192
-0.081469
-0.073392
-0.073866
-0.07433
-0.074783
-0.075226
-0.075657
-0.076075
-0.076481
-0.076875
-0.076606
-0.074277
-0.071538
-0.068396
-0.064858
-0.060931
-0.05662
-0.05193
-0.046868
-0.041438
-0.035645
-0.029494
-0.022989
-0.016136
-0.008939
-0.001402
0.00647
0.014673
0.023202
0.032053
0.041221
0.050701
0.060489
0.070579
0.079027
0.077666
0.076135
0.074671
0.073271
0.071933
0.070654
0.069433
0.068267
0.067155
0.066093
0.06508
0.064113
0.063192
0.062314
0.061477
0.060679
0.059919
0.059195
0.058506
0.057603
0.054991
0.051609
0.04762
0.043294
0.03915
0.039144
0.039138
0.039132
0.039127
0.039122
0.039117
0.039112
0.039108
0.039104
0.0391
0.039097
0.036268
0.033082
0.029539
0.025642
0.021392
0.016793
0.011846
0.006555
0.000922
0.001789
0.002614
0.003397
0.004142
0.004849
0.005522
0.00616
0.006767
0.007344
0.007893
0.008413
0.008908
0.009378
0.009825
0.010249
0.010652
0.011036
0.0114
0.012433
0.01489
0.01742
0.019823
0.022073
0.024153
0.026073
0.027849
0.029492
0.030992
0.032377
0.033664
0.034872
0.036013
0.037097
0.03811
0.039057
0.03997
0.041085
0.042158
0.043187
0.043851
0.042733
0.041654
0.040616
0.039617
0.038656
0.037733
0.034208
0.030331
0.026106
0.021535
0.016623
0.011372
0.005788
-0.000127
-0.006368
-0.012933
-0.019816
-0.027015
-0.034526
-0.042345
-0.050468
-0.058892
-0.067612
-0.076624
-0.085926
-0.095511
-0.105376
-0.115517
-0.125929
-0.136607
-0.147546
-0.158741
-0.170186
-0.181876
-0.193805
-0.205966
-0.218353
-0.23096
-0.243779
-0.256803
-0.270025
-0.283436
-0.297028
-0.310793
-0.324721
-0.338802
-0.353029
-0.367389
-0.381874
-0.396472
-0.411173
-0.425964
-0.440834
-0.455771
-0.470763
-0.485797
-0.500859
-0.515936
-0.531015
-0.546082
-0.561122
-0.57612
-0.591062
-0.605932
-0.620715
-0.635395
-0.649957
-0.664384
-0.67866
-0.692768
-0.706692
0.720415
0.73392
0.74719
0.760207
0.772955
0.785416
0.797573
0.809408
0.820904
0.821425
0.821836
0.822149
0.822377
0.822531
0.822621
0.822656
0.822643
0.822589
0.822523
0.822359
0.82203
0.821394
0.820577
0.819621
0.818552
0.817309
0.815667
0.813707
0.811443
0.808887
0.806049
0.802937
0.79956
0.795922
0.792028
0.787882
0.783486
0.778842
0.773951
0.768811
0.763424
0.757787
0.751898
0.745757
0.739359
0.732701
0.725781
0.718595
0.71114
0.70341
0.695403
0.687115
0.686275
0.68547
0.684699
0.683961
0.683255
0.682579
0.681934
0.681317
0.680727
0.680164
0.679626
0.679113
0.678623
0.678156
0.678342
0.680506
0.682885
0.685095
0.68715
0.689061
0.690839
0.692495
0.694038
0.695477
0.696819
0.6982
0.701984
0.705802
0.70962
0.713462
0.717346
0.721287
0.725298
0.725359
0.725417
0.725473
0.725525
0.725574
0.725621
0.725666
0.725708
0.725748
0.726264
0.728162
0.730198
0.730299
0.730174
0.730054
0.72994
0.729831
0.729727
0.729627
0.729533
0.729442
0.729356
0.729274
0.729196
0.729121
0.72905
0.728983
0.728918
0.728857
0.728799
0.728743
0.72869
0.72864
0.728592
0.728546
0.728503
0.728462
0.728422
0.728385
0.728349
0.728316
0.728746
0.730107
0.731387
0.732535
0.733564
0.734486
0.735312
0.736051
0.736712
0.737303
0.737831
0.738328
0.739059
0.74009
0.741374
0.742907
0.744687
0.746708
0.748967
0.751457
0.754174
0.75711
0.760259
0.763614
0.767167
0.770909
0.774834
0.778932
0.783194
0.78761
0.792171
0.796868
0.801689
0.806625
0.811665
0.816797
0.82201
0.827293
0.832634
0.838021
0.843443
0.848885
0.854337
0.859785
0.865216
0.870617
0.875975
0.881277
0.886508
0.891655
0.896705
0.901643
0.906455
0.911128
0.917047
0.922711
0.929139
0.932428
0.935247
0.937647
0.939674
0.941369
0.942772
0.943916
0.944832
0.945547
0.946086
0.946631
0.947914
0.948945
0.949729
0.950724
0.951477
0.952019
0.952377
0.952576
0.952636
0.952578
0.952447
0.95213
0.952582
0.952996
0.953215
0.952881
0.952487
0.952046
0.951565
0.951053
0.950516
0.949962
0.949395
0.948819
0.948374
0.948283
0.948249
0.94828
0.94838
0.948555
0.948805
0.949132
0.949535
0.950011
0.950557
0.951169
0.951842
0.952571
0.953347
0.954166
0.955018
0.955895
0.956789
0.95769
0.95859
0.959478
0.960344
0.961178
0.961968
0.962705
0.963376
0.963971
0.964478
0.964886
0.965182
0.965356
0.965394
0.965285
0.965016
0.964577
0.964371
0.96573
0.966947
0.968034
0.969006
0.969873
0.970646
0.971336
0.97195
0.972497
0.972983
0.973414
0.973797
0.974136
0.974436
0.9747
0.974934
0.97514
0.97532
0.975478
0.975617
0.975738
0.975842
0.975933
0.976012
0.976079
0.976136
0.976185
0.976226
0.97626
0.976289
0.976312
0.97633
0.976344
0.976355
0.976362
0.976367
0.97637
0.97637
0.976369
0.976366
0.976362
0.976357
0.976351
0.976345
0.976338
0.97633
0.976322
0.976314
0.976305
0.976296
0.976288
0.976279
0.97627
0.976262
0.976253
0.976245
0.976237
0.976228
0.97622
0.976213
0.976205
0.976198
0.976191
0.976184
0.976178
0.976171
0.976165
0.976159
0.976153
0.976148
0.976143
0.976138
0.976133
0.976128
0.976124
0.976119
0.976115
0.976111
0.976107
0.976104
0.9761
0.976097
0.976094
0.976094
0.976055
0.975919
0.975694
0.975394
0.975033
0.97462
0.974165
0.973677
0.973161
0.972626
0.972076
0.971516
0.97095
0.970382
0.969815
0.969252
0.968695
0.968145
0.967604
0.967075
0.966556
0.966051
0.965559
0.96508
0.964616
0.964166
0.96394
0.964089
0.964316
0.964547
0.967196
0.969391
0.971178
0.972599
0.973688
0.974477
0.974995
0.975264
0.975304
0.975133
0.974765
0.974212
0.973482
0.972585
0.971525
0.970305
0.968929
0.969938
0.970722
0.971309
0.971724
0.971991
0.972125
0.971916
0.971545
0.971025
0.970367
0.969582
0.968676
0.967654
0.966522
0.965282
0.963935
0.962481
0.96092
0.95925
0.957468
0.955571
0.953555
0.951415
0.949146
0.946741
0.944195
0.941501
0.938651
0.935638
0.932455
0.929093
0.925543
0.921799
0.91785
0.913689
0.909306
0.904693
0.899841
0.89474
0.889383
0.88376
0.877862
0.871682
0.865209
0.858436
0.851354
0.843956
0.836233
0.828177
0.819782
0.81104
0.801944
0.792487
0.782664
0.772466
0.761891
0.750932
0.739584
0.727843
0.715704
0.703165
0.690221
0.67687
0.66311
0.648939
-0.634357
-0.619361
-0.603952
-0.58813
-0.571897
-0.574929
-0.577751
-0.580378
-0.583317
-0.586881
-0.591313
-0.595687
-0.599668
-0.603291
-0.606588
-0.609589
-0.60757
-0.605228
-0.602569
-0.599595
-0.596311
-0.59272
-0.588822
-0.584621
-0.580117
-0.581896
-0.585478
-0.588744
-0.591721
-0.594395
-0.592142
-0.58956
-0.586654
-0.583428
-0.579887
-0.576033
-0.57187
-0.567399
-0.562622
-0.557541
-0.552155
-0.546466
-0.540474
-0.534178
-0.527578
-0.520674
-0.513465
-0.505949
-0.498127
-0.489995
-0.481555
-0.472804
-0.463742
-0.454366
-0.444677
-0.434673
-0.424354
-0.413718
-0.402765
-0.391495
-0.379907
-0.368002
-0.355779
-0.34324
-0.330384
-0.317213
-0.303728
-0.289931
-0.275823
-0.261408
-0.246687
-0.231664
-0.216342
-0.200724
-0.184815
-0.16862
-0.152143
-0.13539
-0.118367
-0.120829
-0.123158
-0.125359
-0.12744
-0.129408
-0.131269
-0.13303
-0.134696
-0.133257
-0.131404
-0.12914
-0.126469
-0.123396
-0.119926
-0.116062
-0.111807
-0.107166
-0.102143
-0.097475
-0.099461
-0.101342
-0.103122
-0.104808
-0.106404
-0.105467
-0.103636
-0.101395
-0.098746
-0.095696
-0.092247
-0.088404
-0.084171
-0.079552
-0.074552
-0.069173
-0.063419
-0.057297
-0.050807
-0.043955
-0.036746
-0.029182
-0.021269
-0.01301
-0.00441
0.004527
0.013795
0.02339
0.033308
0.031249
0.02929
0.027427
0.025654
0.023969
0.022367
0.020844
0.019396
0.01802
0.016711
0.018297
0.020294
0.022696
0.025501
0.028704
0.0323
0.031955
0.030479
0.029076
0.027741
0.026473
0.025267
0.024121
0.023031
0.021995
0.021011
0.020075
0.019186
0.018341
0.017538
0.016775
0.01605
0.015361
0.014706
0.014084
0.013493
0.012932
0.012398
0.011891
0.01141
0.010952
0.010517
0.010104
0.009712
0.009339
0.008985
0.008649
0.008329
0.008025
0.007737
0.007463
0.007202
0.006955
0.00672
0.006497
0.006285
0.006084
0.005893
0.005711
0.005538
0.005374
0.005218
0.005069
0.004929
0.004795
0.004668
0.004548
0.004433
0.004324
0.004221
0.004123
0.004029
0.003941
0.003857
0.003777
0.003701
0.003629
0.00356
0.003495
0.003433
0.003374
0.003318
0.003266
0.003215
0.003168
0.003122
0.003079
0.003038
0.002999
0.002963
0.002928
0.002894
0.002863
0.002833
0.002805
0.002778
0.002752
0.002727
0.002704
0.002682
0.002661
0.002641
0.002623
0.002605
0.002588
0.002572
0.002557
0.002542
0.002528
0.002515
0.002502
0.00249
0.002479
0.002469
0.002459
0.002449
0.00244
0.002432
0.002424
0.002416
0.002408
0.002402
0.002395
0.002389
0.002382
0.002376
0.002371
0.002366
0.002361
0.002357
0.002353
0.002349
0.002345
0.002341
0.002338
0.002334
0.002332
0.002329
0.002326
0.002323
0.00232
0.002318
0.002316
0.002314
0.002312
0.00231
0.002308
0.002306
0.002305
0.002303
0.002302
0.002301
0.002299
0.002298
0.002297
0.002296
0.002295
0.002294
0.002293
0.002292
0.002292
0.002291
0.00229
0.00229
0.002289
0.002289
0.002288
0.002288
0.002287
0.002287
0.002286
0.002286
0.002286
0.002285
0.002285
0.002285
0.002285
0.002134
0.001373
0.000548
0.000626
0.000701
0.000772
0.00084
0.000904
0.000965
0.001023
0.001078
0.00113
0.00118
-0.001611
-0.004757
-0.008256
-0.012106
-0.016307
-0.020855
-0.025749
-0.025008
-0.024304
-0.023635
-0.022998
-0.022394
-0.02182
-0.021274
-0.020755
-0.020263
-0.019794
-0.019349
-0.018926
-0.018525
-0.019863
-0.022486
-0.025541
-0.028962
-0.031734
-0.030971
-0.030245
-0.029555
-0.028899
-0.028276
-0.027684
-0.027121
-0.026586
-0.026078
-0.025595
-0.025136
-0.0247
-0.024285
-0.023891
-0.023517
-0.023161
-0.022824
-0.022503
-0.022198
-0.021908
-0.021632
-0.021371
-0.021122
-0.020886
-0.020661
-0.020448
-0.020245
-0.020053
-0.01987
-0.019696
-0.019531
-0.019374
-0.019226
-0.019084
-0.018949
-0.018821
-0.0187
-0.018584
-0.018475
-0.01837
-0.018271
-0.018177
-0.018088
-0.018003
-0.017922
-0.017846
-0.017773
-0.017704
-0.017638
-0.017576
-0.017516
-0.01746
-0.017406
-0.017355
-0.017307
-0.017261
-0.017217
-0.017175
-0.017136
-0.017098
-0.017062
-0.017029
-0.019833
-0.022988
-0.026495
-0.030351
-0.034555
-0.039104
-0.043998
-0.043272
-0.042581
-0.041925
-0.041301
-0.040708
-0.040145
-0.039609
-0.039099
-0.038616
-0.038156
-0.037719
-0.037303
-0.036909
-0.039356
-0.04217
-0.045351
-0.048895
-0.052799
-0.057063
-0.060826
-0.059888
-0.058995
-0.058146
-0.05734
-0.056572
-0.055842
-0.055148
-0.054488
-0.05386
-0.054403
-0.056797
-0.059567
-0.06271
-0.066225
-0.070108
-0.069115
-0.068172
-0.067274
-0.06642
-0.065607
-0.064834
-0.0641
-0.0634
-0.062736
-0.062104
-0.061503
-0.060932
-0.060389
-0.059873
-0.059382
-0.058915
-0.058472
-0.05805
-0.057649
-0.057269
-0.056907
-0.056563
-0.056235
-0.055925
-0.055629
-0.055348
-0.055082
-0.054828
-0.05585
-0.05861
-0.061728
-0.065202
-0.069032
-0.073213
-0.072473
-0.071769
-0.0711
-0.070463
-0.069857
-0.069282
-0.068734
-0.068214
-0.067719
-0.067248
-0.066801
-0.066376
-0.065972
-0.065588
-0.068029
-0.070835
-0.074005
-0.077535
-0.081424
-0.08567
-0.090269
-0.095218
-0.100514
-0.106155
-0.112135
-0.118452
-0.121148
-0.119947
-0.118803
-0.117712
-0.116673
-0.115683
-0.114741
-0.113842
-0.114944
-0.117118
-0.119678
-0.122622
-0.125945
-0.129645
-0.133716
-0.138156
-0.14296
-0.148123
-0.15364
-0.159508
-0.165722
-0.172276
-0.179166
-0.186385
-0.19393
-0.201794
-0.20635
-0.20969
-0.216495
-0.225262
-0.234321
-0.243666
-0.253292
-0.26319
-0.273354
-0.283777
-0.294452
-0.30537
-0.316523
-0.327904
-0.339503
-0.351312
-0.363322
-0.375524
-0.387907
-0.400461
-0.413177
-0.426043
-0.439049
-0.452185
-0.465437
-0.478793
-0.492243
-0.505774
-0.519372
-0.533026
-0.54672
-0.560443
-0.57418
-0.587916
-0.601638
-0.61533
-0.628979
-0.642568
-0.656083
-0.669507
-0.682825
-0.696021
0.709078
0.721982
0.734714
0.747258
0.759598
0.771716
0.783597
0.795222
0.806575
0.807032
0.807381
0.807636
0.807809
0.807911
0.807951
0.807938
0.80788
0.807784
0.807655
0.807498
0.807319
0.807121
0.806908
0.806684
0.806451
0.806211
0.805033
0.803456
0.801502
0.79919
0.796538
0.793561
0.790273
0.786683
0.782803
0.778638
0.774196
0.769482
0.7645
0.759251
0.753739
0.747964
0.741926
0.735626
0.729061
0.722231
0.715134
0.707767
0.700127
0.692212
0.684018
0.675543
0.666783
-0.657734
-0.648392
-0.639756
-0.641678
-0.64347
-0.645142
-0.646702
-0.648159
-0.649521
-0.650793
-0.651984
-0.653098
-0.654141
-0.655118
-0.656034
-0.656893
-0.657699
-0.658455
-0.659166
-0.659833
-0.66046
-0.661049
-0.661604
-0.662126
-0.664997
-0.667972
-0.671065
-0.674288
-0.677651
-0.681161
-0.684826
-0.686149
-0.685932
-0.685723
-0.685524
-0.687123
-0.688933
-0.690957
-0.693199
-0.695658
-0.698337
0.701233
0.704345
0.70767
0.711206
0.714948
0.718891
0.723029
0.727358
0.73187
0.736559
0.741416
0.746435
0.751607
0.757031
0.762828
0.76895
0.775192
0.781455
0.787744
0.794063
0.800413
0.806793
0.813201
0.819635
0.826088
0.832555
0.839029
0.845501
0.851964
0.858407
0.86482
0.871191
0.877509
0.883762
0.889937
0.896021
0.902
0.907861
0.913589
0.919171
0.924591
0.929836
0.934888
0.939736
0.944415
0.948788
0.952774
0.95637
0.95957
0.959964
0.961408
0.962626
0.963644
0.964485
0.965171
0.965719
0.966147
0.96647
0.966702
0.966854
0.966936
0.967656
0.96796
0.967888
0.967478
0.966759
0.965758
0.964498
0.962999
0.962592
0.9622
0.961822
0.96146
0.961111
0.960776
0.960455
0.960147
0.959851
0.959568
0.959764
0.959951
0.96014
0.960338
0.960551
0.960782
0.961034
0.961308
0.960876
0.960421
0.959949
0.959466
0.958974
0.958478
0.957981
0.957484
0.957058
0.956722
0.956467
0.95629
0.956187
0.956155
0.956188
0.956282
0.955929
0.955692
0.955664
0.955687
0.955824
0.956013
0.95625
0.95655
0.957018
0.957514
0.958026
0.958534
0.958978
0.959365
0.959701
0.959992
0.960242
0.960457
0.96064
0.960795
0.960926
0.961034
0.961123
0.961195
0.961252
0.961297
0.961329
0.961352
0.961366
0.961373
0.961373
0.961367
0.961357
0.961343
0.961326
0.961306
0.961283
0.961259
0.961233
0.961206
0.961179
0.96115
0.961121
0.961092
0.961064
0.961035
0.961006
0.960978
0.960951
0.960923
0.960897
0.960871
0.960845
0.960821
0.960797
0.960774
0.960751
0.96073
0.960709
0.960688
0.960669
0.96065
0.960632
0.960615
0.960598
0.960582
0.960567
0.960552
0.960538
0.960524
0.960511
0.960499
0.960487
0.960476
0.960465
0.960455
0.960445
0.960436
0.960427
0.960418
0.96041
0.960402
0.960395
0.95985
0.959129
0.958244
0.957205
0.95602
0.954696
0.953237
0.951648
0.949929
0.948083
0.946108
0.944005
0.94177
0.939402
0.936898
0.934252
0.93146
0.928518
0.925419
0.922158
0.918727
0.915121
0.911332
0.912832
0.91421
0.915475
0.914489
0.913372
0.912125
0.910748
0.90924
0.907599
0.905824
0.903911
0.901857
0.899659
0.897313
0.894814
0.892158
0.890735
0.892671
0.89445
0.895967
0.895039
0.893963
0.892737
0.891361
0.889835
0.888156
0.886323
0.884332
0.882182
0.879868
0.877387
0.874734
0.871906
0.868896
0.865701
0.862315
0.858732
0.854946
0.850952
0.846743
0.842313
0.837656
0.840199
0.842541
0.844698
0.846686
0.848521
0.850213
0.851776
0.853221
0.854556
0.855791
0.856935
0.855666
0.854205
0.852553
0.850711
0.84868
0.846459
0.844047
0.841444
0.838646
0.835651
0.832457
0.82906
0.825457
0.821644
0.817617
0.813371
0.815486
0.817441
0.819247
0.820919
0.822465
0.823897
0.825225
0.823936
0.822434
0.820719
0.818792
0.816655
0.814306
0.811745
0.808971
0.805981
0.802775
0.799349
0.795701
0.791827
0.787724
0.783388
0.784904
0.78695
0.788844
0.790598
0.792224
0.793732
0.795131
0.7938
0.792235
0.790439
0.788413
0.786156
0.78367
0.780953
0.778005
0.774825
0.77141
0.767759
0.763869
0.759737
0.755361
0.750736
0.745861
0.74073
0.735339
0.729686
0.723766
0.717574
0.711107
0.704359
0.697327
0.699939
0.702362
0.704611
0.7067
0.708641
0.710445
0.709164
0.707602
0.705763
0.703648
0.701258
0.698593
0.695655
0.692441
0.688953
0.685189
0.681148
0.676829
0.672229
0.667348
0.662183
0.656731
0.65099
-0.644957
-0.638631
-0.632007
-0.625084
-0.617858
-0.610327
-0.602487
-0.598525
-0.601216
-0.60372
-0.606053
-0.608226
-0.610253
-0.612144
-0.613908
-0.615556
-0.617096
-0.618536
-0.619883
-0.621143
-0.622323
-0.623429
-0.626657
-0.630436
-0.634279
-0.638205
-0.642229
-0.646364
-0.65062
-0.650628
-0.650637
-0.650645
-0.650652
-0.650659
-0.650666
-0.650673
-0.650679
-0.652765
-0.65504
-0.657511
-0.660181
-0.663056
-0.662742
-0.662439
-0.662149
-0.66187
-0.661602
-0.661345
-0.661099
-0.660863
-0.660637
-0.660421
-0.660214
-0.660016
-0.661707
-0.663618
-0.665752
-0.668112
-0.670699
-0.670301
-0.669916
-0.669544
-0.669183
-0.668836
-0.6685
-0.669684
-0.671276
-0.673113
-0.675195
-0.677523
-0.680095
-0.682908
-0.685959
-0.689245
-0.69276
-0.696501
-0.700461
0.704634
0.709013
0.713593
0.718364
0.72332
0.728452
0.733751
0.739209
0.744815
0.750561
0.756437
0.762431
0.768534
0.774735
0.781023
0.787386
0.793813
0.800291
0.806809
0.813354
0.819915
0.826477
0.833028
0.839555
0.846045
0.852484
0.858859
0.865155
0.871358
0.877456
0.883432
0.889274
0.894967
0.900496
0.905847
0.911005
0.915956
0.920685
0.925178
0.92942
0.933396
0.937092
0.940494
0.943588
0.946358
0.948792
0.950874
0.952593
0.953933
0.954881
0.956783
0.958491
0.960024
0.961399
0.962633
0.963739
0.964731
0.965618
0.965182
0.964778
0.964407
0.964065
0.963749
0.963456
0.96318
0.962918
0.962663
0.96241
0.963685
0.964831
0.96586
0.966784
0.967613
0.968357
0.969025
0.969624
0.97016
0.970641
0.971071
0.971456
0.971801
0.972109
0.972384
0.972629
0.972198
0.971761
0.971321
0.970878
0.970434
0.969985
0.97053
0.971018
0.971456
0.971848
0.9722
0.972515
0.972796
0.973049
0.973274
0.973475
0.973655
0.973816
0.973959
0.974087
0.9742
0.974301
0.974391
0.97447
0.974541
0.974604
0.974659
0.974707
0.974751
0.974523
0.974249
0.973934
0.973584
0.973202
0.97279
0.973082
0.973343
0.973578
0.973788
0.973976
0.974144
0.974294
0.974429
0.974549
0.974354
0.97397
0.973555
0.973114
0.972648
0.972973
0.973265
0.973527
0.973762
0.973973
0.974162
0.974331
0.974483
0.974618
0.97474
0.974848
0.974945
0.975031
0.975109
0.975178
0.975239
0.975294
0.975342
0.975386
0.975424
0.975458
0.975488
0.975515
0.975538
0.975559
0.975577
0.975593
0.975607
0.975619
0.97563
0.975639
0.975647
0.975654
0.975653
0.975662
0.975524
0.97558
0.975615
0.97562
0.975584
0.975464
0.97527
0.97501
0.974691
0.974573
0.974443
0.974313
0.974184
0.974057
0.973932
0.973809
0.973689
0.973572
0.974438
0.975053
0.975442
0.975627
0.975628
0.97546
0.975507
0.975525
0.975515
0.975484
0.975433
0.975366
0.975286
0.975194
0.975416
0.97547
0.975362
0.975108
0.97472
0.974208
0.97358
0.972843
0.972001
0.971058
0.970015
0.968874
0.967633
0.966291
0.964846
0.963294
0.96163
0.959852
0.957952
0.955925
0.953764
0.951463
0.949014
0.94641
0.943642
0.940702
0.937583
0.934274
0.930767
0.927054
0.923124
0.91897
0.922951
0.926412
0.92941
0.931995
0.930947
0.929778
0.928488
0.927079
0.925551
0.923902
0.922132
0.920237
0.918216
0.916065
0.91378
0.911357
0.908791
0.906077
0.90321
0.900184
0.896993
0.89363
0.890089
0.886363
0.882445
0.878328
0.874004
0.874769
0.878918
0.882566
0.885768
0.888569
0.891012
0.889716
0.88824
0.886588
0.884763
0.882766
0.880598
0.878259
0.875748
0.873063
0.870203
0.867165
0.863946
0.860543
0.856951
0.853166
0.849183
0.844998
0.840606
0.836
0.831176
0.828407
0.830404
0.832247
0.833951
0.835526
0.836983
0.835783
0.834379
0.832772
0.830962
0.82895
0.826734
0.824315
0.821691
0.818858
0.815816
0.812562
0.814607
0.816496
0.818244
0.819861
0.821358
0.820494
0.819076
0.817444
0.815598
0.813539
0.811267
0.808781
0.808143
0.80995
0.811623
0.813171
0.814606
0.815937
0.817171
0.818318
0.819382
0.820372
0.821292
0.822149
0.822947
0.82369
0.824383
0.82503
0.825633
0.826197
0.82718
0.829633
0.832074
0.834522
0.836994
0.839503
0.84206
0.844674
0.847351
0.850097
0.852916
0.855808
0.858775
0.861816
0.864929
0.868111
0.871359
0.874667
0.878032
0.881446
0.884902
0.888394
0.891914
0.895453
0.899001
0.902551
0.906092
0.909613
0.913105
0.916557
0.919957
0.923294
0.926556
0.929732
0.93281
0.935776
0.93862
0.941328
0.943887
0.946285
0.948509
0.950546
0.952383
0.954007
0.955404
0.956563
0.957469
0.95811
0.958472
0.958545
0.958313
0.960076
0.961665
0.963096
0.964385
0.965546
0.966592
0.966095
0.965609
0.965132
0.964662
0.964196
0.96373
0.96326
0.962782
0.962289
0.961777
0.96124
0.960671
0.960063
0.959409
0.961012
0.962462
0.963771
0.964955
0.966025
0.966993
0.967867
0.968657
0.968037
0.967404
0.966756
0.966092
0.96541
0.964708
0.963982
0.963227
0.96244
0.961615
0.962897
0.964058
0.965109
0.966061
0.966923
0.967705
0.96704
0.966351
0.965636
0.964894
0.964123
0.963321
0.962485
0.962448
0.963259
0.964291
0.965228
0.966078
0.966848
0.967547
0.968182
0.968758
0.969281
0.969756
0.970187
0.969496
0.96876
0.967979
0.967154
0.966285
0.965371
0.964409
0.963399
0.962335
0.961214
0.960032
0.961122
0.962112
0.963012
0.96383
0.964574
0.96525
0.965866
0.966427
0.966938
0.966185
0.965377
0.964514
0.963598
0.962628
0.961602
0.96052
0.961437
0.962273
0.963033
0.963725
0.964356
0.964931
0.965454
0.965932
0.966368
0.966766
0.967129
0.968037
0.969189
0.970156
0.97096
0.971619
0.972152
0.972571
0.972889
0.973113
0.973133
0.973149
0.973163
0.973173
0.973182
0.973189
0.97313
0.97302
0.972869
0.972683
0.972465
0.97222
0.971949
0.971653
0.971332
0.970983
0.970604
0.970192
0.969743
0.969253
0.968715
0.968125
0.967474
0.966757
0.965965
0.965092
0.964128
0.963065
0.961894
0.960606
0.961925
0.96312
0.964203
0.966676
0.968773
0.970536
0.971999
0.973196
0.974153
0.974893
0.975437
0.975802
0.976003
0.97605
0.975954
0.975721
0.975358
0.974867
0.974252
0.973513
0.97265
0.97166
0.970543
0.969293
0.967906
0.966379
0.964704
0.962941
0.96226
0.961591
0.960936
0.960297
0.959673
0.959066
0.958476
0.957904
0.95735
0.956814
0.956297
0.955797
0.955316
0.954852
0.954406
0.953977
0.953564
0.953168
0.952789
0.952424
0.952075
0.955925
0.959279
0.962192
0.964712
0.966881
0.968736
0.97031
0.971631
0.972722
0.973605
0.974297
0.974813
0.975164
0.975361
0.97541
0.975318
0.975088
0.974723
0.974223
0.973588
0.972816
0.971905
0.97085
0.969649
0.968295
0.966782
0.965105
0.963256
0.961227
0.959011
0.9566
0.953985
0.951158
0.948108
0.944828
0.941308
0.937539
0.93351
0.929213
0.924638
0.919775
0.914616
0.90915
0.903369
0.897263
0.890824
0.884042
0.87691
0.869418
0.86156
0.853326
0.844711
0.835705
0.826304
0.816499
0.806286
0.795658
0.795793
0.797979
0.802375
0.806291
0.809775
0.812871
0.815619
0.818053
0.820207
0.82211
0.823787
0.825263
0.826559
0.827694
0.828557
0.828439
0.828326
0.828217
0.828113
0.828013
0.82652
0.824726
0.822645
0.820288
0.817664
0.815998
0.812959
0.809671
0.806136
0.802359
0.798341
0.794083
0.789588
0.784853
0.779879
0.774664
0.769205
0.763502
0.757549
0.7565
0.755487
0.754513
0.753575
0.752673
0.751807
0.750975
0.750177
0.749412
0.748679
0.747976
0.747304
0.74666
0.746136
0.74724
0.749405
0.751412
0.753274
0.755002
0.756607
0.758099
0.759486
0.760776
0.761978
0.763097
0.764141
0.765114
0.766022
0.76687
0.767662
0.768403
0.769095
0.769744
0.77035
0.770919
0.771452
0.771951
0.77242
0.773204
0.774043
0.774895
0.777146
0.779463
0.78186
0.78435
0.786942
0.789643
0.79246
0.795395
0.795471
0.795542
0.795609
0.795673
0.795732
0.795789
0.795842
0.795893
0.79594
0.795985
0.796027
0.796068
0.796096
0.796123
0.796148
0.79591
0.795677
0.795451
0.795231
0.795017
0.793926
0.79213
0.790004
0.787562
0.784818
0.781781
0.778459
0.77486
0.77099
0.766854
0.762455
0.757796
0.752878
0.747704
0.742271
0.736582
0.730634
0.724425
0.717955
0.71122
0.704219
0.696947
0.689402
0.681581
0.673481
0.665097
-0.656425
-0.647938
-0.638695
-0.629154
-0.619312
-0.621457
-0.623457
-0.625322
-0.627062
-0.628686
-0.630204
-0.631622
-0.632948
-0.63309
-0.633127
-0.633443
-0.63433
-0.635036
-0.635719
-0.636323
-0.63688
-0.637393
-0.637864
-0.638166
-0.638889
-0.639692
-0.640446
-0.641154
-0.64182
-0.642446
-0.643035
-0.641059
-0.638769
-0.636171
-0.633269
-0.630065
-0.626563
-0.622765
-0.618673
-0.614287
-0.609608
-0.604636
-0.599372
-0.593815
-0.587964
-0.581818
-0.575377
-0.568638
-0.5616
-0.554262
-0.546621
-0.538677
-0.530427
-0.521869
-0.513002
-0.503823
-0.500238
-0.500595
-0.50275
-0.504767
-0.506655
-0.508423
-0.510079
-0.511632
-0.513088
-0.514454
-0.515736
-0.51694
-0.518072
-0.519135
-0.520134
-0.521074
-0.521959
-0.522792
-0.523576
-0.524315
-0.525011
-0.525667
-0.526285
-0.526869
-0.52742
-0.527939
-0.52843
-0.528893
-0.526689
-0.52414
-0.521253
-0.518031
-0.514478
-0.510597
-0.506392
-0.501865
-0.497017
-0.49185
-0.486366
-0.480564
-0.474447
-0.468014
-0.461265
-0.454201
-0.446822
-0.439126
-0.431115
-0.422787
-0.414143
-0.405181
-0.395903
-0.386307
-0.376394
-0.366162
-0.355613
-0.344746
-0.333562
-0.322062
-0.310245
-0.298114
-0.285669
-0.272911
-0.259843
-0.246466
-0.232783
-0.218796
-0.204508
-0.189922
-0.175043
-0.159874
-0.162318
-0.164625
-0.166803
-0.168859
-0.170802
-0.172637
-0.174371
-0.17601
-0.177559
-0.179024
-0.180409
-0.181718
-0.182957
-0.184129
-0.185238
-0.186288
-0.187281
-0.188222
-0.189112
-0.189956
-0.190754
-0.191511
-0.192227
-0.192906
-0.193549
-0.194159
-0.194737
-0.195284
-0.195803
-0.196296
-0.196762
-0.197204
-0.197624
-0.198022
-0.198399
-0.198757
-0.199097
-0.199419
-0.199724
-0.200014
-0.200289
-0.20055
-0.200798
-0.201033
-0.198425
-0.195445
-0.192097
-0.188384
-0.184309
-0.179875
-0.175085
-0.169943
-0.164451
-0.158611
-0.152427
-0.145902
-0.139037
-0.131836
-0.124301
-0.116435
-0.10824
-0.09972
-0.090877
-0.081714
-0.072234
-0.06244
-0.052336
-0.041925
-0.03121
-0.020196
-0.008887
0.002713
0.014601
0.022133
0.023741
0.021949
0.020244
0.018623
0.017082
0.015618
0.014226
0.012904
0.011647
0.010652
0.012382
0.014517
0.013255
0.012056
0.010917
0.009834
0.008805
0.007828
0.006899
0.006016
0.005178
0.004381
0.006463
0.008933
0.011788
0.015025
0.018639
0.022629
0.02699
0.031719
0.036811
0.042264
0.048073
0.054234
0.060744
0.067597
0.07479
0.082319
0.090178
0.098363
0.10687
0.115693
0.123654
0.128344
0.128071
0.127964
0.127577
0.127019
0.125633
0.12431
0.12305
0.121847
0.120702
0.119609
0.118568
0.117576
0.116632
0.115732
0.114875
0.114059
0.113283
0.112544
0.11184
0.111171
0.110534
0.109927
0.109351
0.108802
0.10828
0.107784
0.107312
0.104642
0.101126
0.097265
0.093059
0.088512
0.083624
0.078399
0.072839
0.066947
0.060723
0.054173
0.047297
0.040099
0.041016
0.041885
0.042712
0.043496
0.04424
0.044947
0.045618
0.043388
0.040775
0.037781
0.03441
0.030665
0.026548
0.022063
0.023232
0.024343
0.025397
0.026398
0.027349
0.028251
0.029108
0.029922
0.030694
0.031428
0.032125
0.032786
0.033415
0.034011
0.033979
0.033333
0.032584
0.031763
0.032404
0.033013
0.033591
0.03414
0.034662
0.035157
0.035627
0.036074
0.036498
0.036901
0.036211
0.03446
0.032556
0.030469
0.030921
0.0315
0.032049
0.032571
0.033067
0.033537
0.033984
0.034409
0.034812
0.035195
0.035532
0.033365
0.030522
0.027311
0.023733
0.024448
0.025126
0.025771
0.026383
0.026964
0.027516
0.02804
0.028538
0.029011
0.02946
0.02761
0.024873
0.021765
0.018288
0.014443
0.010235
0.006888
0.007863
0.008789
0.009668
0.010503
0.011297
0.012051
0.012767
0.013447
0.014093
0.014706
0.015289
0.015843
0.016368
0.016868
0.017342
0.017792
0.018221
0.018627
0.019013
0.01938
0.019728
0.020059
0.020374
0.020672
0.020956
0.021225
0.021481
0.021725
0.021956
0.022175
0.022384
0.022582
0.02277
0.022949
0.023118
0.02328
0.023433
0.023579
0.023717
0.023848
0.023973
0.024091
0.024204
0.024311
0.024413
0.024509
0.024601
0.024688
0.024771
0.02485
0.024925
0.024995
0.025063
0.025127
0.025188
0.025246
0.025301
0.025353
0.025402
0.02545
0.025495
0.025537
0.02301
0.019884
0.016402
0.012855
0.013311
0.013745
0.014157
0.014548
0.01492
0.015273
0.015609
0.015927
0.01623
0.013674
0.010751
0.007463
0.003812
-0.000199
-0.004569
-0.003731
-0.002935
-0.002179
-0.001461
-0.000779
-0.000131
0.000485
0.001071
0.001627
0.002155
0.002656
0.003133
0.003585
0.004015
0.004424
0.004812
0.005181
0.005531
0.005864
0.00618
0.006481
0.006766
0.007037
0.007294
0.007539
0.007771
0.007992
0.008202
0.008401
0.00859
0.008771
0.008941
0.009104
0.009257
0.009404
0.009543
0.009675
0.009801
0.00992
0.010034
0.010141
0.010244
0.010341
0.010433
0.010521
0.010604
0.010684
0.010759
0.01083
0.010898
0.010963
0.011024
0.011083
0.011138
0.011191
0.008402
0.005257
0.001758
-0.002094
-0.006297
-0.005724
-0.00518
-0.004663
-0.004171
-0.003705
-0.003261
-0.00284
-0.00244
-0.00206
-0.001699
-0.001356
-0.00103
-0.00072
-0.000426
-0.002713
-0.005608
-0.008435
-0.00788
-0.007353
-0.006852
-0.006376
-0.005924
-0.005494
-0.005086
-0.004698
-0.00433
-0.003979
-0.003647
-0.003331
-0.003031
-0.002746
-0.002475
-0.002217
-0.001973
-0.001741
-0.00152
-0.00131
-0.001111
-0.000922
-0.000742
-0.000571
-0.000409
-0.000255
-0.000108
0.000031
0.000163
0.000289
0.000408
0.000521
0.000629
0.000731
0.000829
0.000921
0.001009
0.001092
0.001172
0.001247
0.001318
0.001386
0.001451
0.001512
0.001571
0.001626
0.001679
0.001729
0.001776
0.001821
0.001865
0.001905
0.001944
0.001981
0.002016
0.002049
0.002081
0.002111
0.002139
0.002166
0.002192
0.002217
0.00224
0.002262
0.002283
0.002303
0.002323
0.00234
0.002358
0.002374
0.00239
0.002405
0.002419
0.002432
0.002445
0.002457
0.002468
0.002479
0.002489
0.002499
0.002509
0.002518
0.002526
0.002534
0.002542
0.00255
0.002556
0.002563
0.002569
0.002575
0.002581
0.002586
0.002592
0.002596
0.002601
0.002606
0.00261
0.002614
0.002618
0.002622
0.002625
0.002629
0.002632
0.002635
0.002638
0.00264
0.002643
0.002645
0.002648
0.00265
0.002652
0.002654
0.002656
0.002658
0.00266
0.002662
0.002664
0.002665
0.002666
0.002668
0.002669
0.002671
0.002672
0.002673
0.002674
0.002675
0.002676
0.002678
0.002678
0.00268
0.00268
0.002681
0.002682
0.002683
0.002684
0.002684
0.002685
0.002686
0.002686
0.002687
0.002687
0.002688
0.002688
0.002689
0.00269
0.00269
0.002691
0.002691
0.002692
0.002692
0.002693
0.002693
0.002694
0.002694
0.002234
-0.000671
-0.003927
-0.007534
-0.011492
-0.015796
-0.015246
-0.014723
-0.014226
-0.013754
-0.013305
-0.012879
-0.012474
-0.01209
-0.011724
-0.011377
-0.011047
-0.010733
-0.010435
-0.010152
-0.009884
-0.009628
-0.009385
-0.009154
-0.008936
-0.008727
-0.00853
-0.008341
-0.010235
-0.013168
-0.016461
-0.020111
-0.024116
-0.028474
-0.033181
-0.038237
-0.043638
-0.049159
-0.048144
-0.047178
-0.04626
-0.045387
-0.044557
-0.046403
-0.048789
-0.05156
-0.054714
-0.058246
-0.062154
-0.066433
-0.071081
-0.076092
-0.081463
-0.08719
-0.093269
-0.099695
-0.098227
-0.096829
-0.095497
-0.094227
-0.093017
-0.091865
-0.093502
-0.095542
-0.097983
-0.100818
-0.104046
-0.10766
-0.111657
-0.116033
-0.120781
-0.125899
-0.131381
-0.137221
-0.143416
-0.149959
-0.156846
-0.164071
-0.171629
-0.170015
-0.168471
-0.166994
-0.165581
-0.164231
-0.162941
-0.161778
-0.163222
-0.165074
-0.16733
-0.169983
-0.17303
-0.176467
-0.180287
-0.184486
-0.189059
-0.194
-0.199305
-0.204967
-0.210981
-0.217341
-0.224041
-0.231076
-0.238345
-0.23681
-0.235335
-0.233918
-0.232558
-0.231254
-0.232449
-0.234054
-0.236067
-0.23848
-0.241289
-0.244489
-0.248073
-0.246665
-0.245312
-0.244014
-0.242769
-0.241575
-0.240431
-0.239336
-0.240409
-0.242196
-0.244376
-0.246944
-0.249896
-0.253227
-0.256932
-0.261007
-0.265445
-0.270242
-0.275391
-0.280888
-0.286725
-0.292897
-0.299398
-0.306221
-0.31336
-0.320806
-0.328555
-0.327204
-0.325897
-0.326297
-0.327533
-0.329176
-0.331218
-0.333656
-0.336481
-0.339689
-0.343274
-0.347228
-0.351545
-0.356219
-0.360546
-0.359238
-0.357967
-0.358779
-0.360001
-0.361626
-0.363648
-0.366061
-0.368859
-0.372036
-0.375586
-0.3795
-0.383774
-0.388399
-0.393368
-0.398674
-0.40431
-0.405473
-0.404271
-0.403095
-0.401949
-0.400834
-0.399751
-0.400705
-0.40205
-0.403781
-0.405893
-0.40838
-0.411237
-0.414456
-0.418032
-0.421959
-0.426229
-0.430836
-0.435772
-0.441032
-0.43994
-0.438871
-0.437824
-0.436803
-0.435809
-0.434843
-0.433905
-0.434981
-0.436431
-0.438251
-0.440437
-0.442982
-0.445881
-0.449129
-0.452721
-0.456648
-0.460906
-0.464814
-0.463822
-0.462849
-0.461899
-0.460973
-0.460072
-0.461101
-0.4625
-0.464263
-0.466387
-0.468865
-0.471693
-0.474864
-0.478373
-0.482213
-0.484596
-0.483659
-0.482739
-0.48184
-0.480962
-0.480108
-0.479277
-0.478471
-0.477689
-0.476933
-0.476202
-0.475497
-0.474816
-0.474161
-0.47353
-0.472923
-0.47234
-0.47178
-0.471243
-0.470727
-0.470233
-0.46976
-0.469306
-0.468872
-0.468457
-0.46806
-0.469939
-0.472122
-0.474609
-0.4774
-0.480494
-0.48389
-0.483221
-0.482576
-0.481956
-0.481358
-0.480784
-0.482345
-0.484229
-0.486435
-0.488962
-0.491807
-0.494966
-0.498345
-0.497578
-0.496835
-0.496116
-0.49542
-0.494748
-0.494099
-0.493474
-0.494905
-0.496665
-0.498752
-0.501162
-0.503894
-0.506943
-0.510306
-0.513977
-0.517951
-0.518563
-0.51778
-0.517017
-0.516274
-0.515552
-0.514852
-0.514175
-0.513519
-0.512886
-0.512275
-0.513595
-0.515302
-0.517332
-0.519682
-0.522348
-0.525328
-0.528616
-0.532208
-0.531451
-0.530712
-0.529993
-0.529293
-0.530432
-0.531907
-0.533716
-0.535855
-0.538319
-0.541104
-0.544205
-0.547616
-0.551332
-0.550569
-0.549817
-0.549078
-0.548745
-0.549796
-0.551189
-0.552919
-0.554982
-0.557372
-0.560085
-0.563114
-0.566454
-0.570097
-0.574038
-0.578269
-0.582783
-0.587572
-0.592628
-0.597943
-0.60351
-0.609318
-0.615359
-0.621625
-0.628105
-0.63479
-0.64167
-0.648735
-0.655974
-0.663377
-0.670933
-0.678631
-0.686459
-0.694405
-0.702459
0.710607
0.718838
0.727139
0.735497
0.7439
0.752334
0.760785
0.769241
0.777687
0.78611
0.794496
0.802829
0.811096
0.819282
0.827373
0.835354
0.843209
0.850925
0.858485
0.865874
0.873078
0.88008
0.886866
0.89342
0.899727
0.905771
0.911538
0.917012
0.922177
0.92702
0.931524
0.935675
0.939459
0.94286
0.945865
0.948459
0.950629
0.952361
0.953641
0.954457
0.954795
0.954644
0.953992
0.952826
0.955063
0.957086
0.958914
0.960566
0.962059
0.963409
0.964629
0.965731
0.966728
0.967628
0.968443
0.969179
0.969844
0.970445
0.970989
0.971481
0.971925
0.972327
0.972691
0.97302
0.973317
0.973586
0.973829
0.974049
0.974248
0.974429
0.974592
0.97474
0.974873
0.974994
0.975104
0.975203
0.975293
0.975375
0.975448
0.975515
0.975576
0.975631
0.975681
0.975726
0.975767
0.975805
0.975838
0.975869
0.975897
0.975923
0.975946
0.975966
0.975986
0.976003
0.976019
0.976105
0.976162
0.976197
0.976206
0.976188
0.976135
0.976062
0.976081
0.976098
0.976113
0.976127
0.976139
0.97615
0.97616
0.976169
0.976176
0.976183
0.976189
0.976195
0.976055
0.975826
0.975516
0.975133
0.974684
0.974843
0.974986
0.975115
0.975232
0.975337
0.975432
0.975517
0.975594
0.975663
0.975726
0.975782
0.975833
0.975878
0.97592
0.975957
0.97599
0.97602
0.976047
0.976072
0.976094
0.976114
0.976131
0.976147
0.976162
0.976175
0.976187
0.976197
0.976206
0.976215
0.976223
0.976229
0.976236
0.976241
0.976246
0.976251
0.976255
0.976258
0.976261
0.976264
0.976267
0.976269
0.976271
0.976273
0.976275
0.976276
0.976277
0.976279
0.97628
0.976281
0.976282
0.976282
0.976283
0.976283
0.976284
0.976285
0.976285
0.976285
0.976286
0.976286
0.976286
0.976286
0.976287
0.976287
0.976287
0.976287
0.976287
0.976287
0.976287
0.976287
0.976287
0.976287
0.976287
0.976287
0.976287
0.976287
0.976287
0.976287
0.976288
0.976287
0.976287
0.976287
0.976288
0.976287
0.976288
0.976287
0.976287
0.976287
0.976287
0.976287
0.976287
0.976287
0.976287
0.976287
0.976287
0.976287
0.976287
0.976287
0.976286
0.976285
0.976283
0.976282
0.976279
0.976277
0.976275
0.976272
0.97627
0.976267
0.976264
0.976262
0.976259
0.976256
0.976254
0.976253
0.976256
0.97626
0.976263
0.976266
0.976268
0.97627
0.976272
0.976274
0.976275
0.976277
0.976278
0.976279
0.97628
0.976281
0.976282
0.976282
0.976283
0.976284
0.976284
0.976285
0.976285
0.976285
0.976286
0.976286
0.976286
0.976286
0.976287
0.976287
0.976287
0.976287
0.976287
0.976287
0.976287
0.976287
0.976287
0.976287
0.976287
0.976287
0.976287
0.976287
0.976287
0.976287
0.976287
0.976287
0.976287
0.976287
0.976287
0.976287
0.976287
0.976287
0.976287
0.976287
0.976287
0.976287
0.976287
0.976287
0.976287
0.976287
0.976287
0.976287
0.976287
0.976287
0.976287
0.976287
0.976287
0.976287
0.976287
0.976287
0.976287
0.976287
0.976287
0.976287
0.976238
0.976081
0.975827
0.975486
0.975065
0.974571
0.974006
0.973375
0.972679
0.971917
0.971089
0.970193
0.969227
0.970293
0.971269
0.972272
0.9733
0.974146
0.974763
0.974304
0.973762
0.973142
0.97245
0.97169
0.970864
0.969972
0.969014
0.96799
0.966898
0.965734
0.964496
0.963178
0.961776
0.960285
0.958698
0.957009
0.955211
0.953296
0.951258
0.949088
0.946777
0.944318
0.941701
0.938918
0.935959
0.932815
0.929478
0.925937
0.922183
0.918206
0.913997
0.909547
0.904846
0.899884
0.894653
0.889142
0.883344
0.877247
0.870845
0.864128
0.857088
0.849716
0.842004
0.833945
0.82553
0.816754
0.807608
0.798087
0.788183
0.777892
0.767207
0.756123
0.744637
0.732742
0.720437
0.707716
0.694578
0.68102
0.66704
0.652637
-0.637809
-0.622558
-0.606882
-0.590782
-0.574261
-0.55732
-0.560404
-0.563275
-0.565949
-0.568442
-0.570766
-0.572934
-0.574958
-0.576849
-0.578616
-0.580268
-0.581813
-0.583259
-0.584613
-0.586068
-0.5885
-0.5925
-0.596563
-0.60071
-0.604956
-0.609315
-0.613227
-0.617823
-0.62256
-0.624188
-0.625672
-0.627026
-0.628261
-0.629389
-0.630419
-0.631506
-0.632953
-0.634677
-0.636676
-0.638949
-0.641492
-0.644303
-0.647377
-0.65071
-0.654297
-0.658133
-0.660518
-0.661089
-0.661097
-0.660581
-0.660069
-0.659561
-0.65906
-0.658566
-0.658083
-0.657609
-0.657147
-0.656697
-0.656259
-0.655834
-0.655422
-0.655023
-0.654638
-0.654265
-0.653906
-0.65356
-0.653227
-0.652906
-0.652598
-0.652302
-0.652018
-0.651745
-0.651484
-0.651234
-0.650994
-0.650764
-0.650545
-0.650334
-0.650134
-0.649942
-0.649758
-0.649583
-0.649416
-0.649256
-0.649104
-0.648958
-0.648819
-0.648687
-0.648561
-0.64844
-0.648326
-0.648216
-0.648112
-0.648013
-0.647919
-0.647829
-0.647743
-0.648185
-0.649348
-0.651482
-0.653825
-0.656381
-0.659154
-0.662144
-0.665353
-0.668779
-0.672421
-0.676277
-0.680343
-0.684616
-0.689091
-0.693763
-0.698626
-0.703674
0.7089
0.714296
0.719856
0.72557
0.731431
0.737429
0.743555
0.749799
0.756152
0.762602
0.768785
0.768672
0.768517
0.768325
0.768103
0.767857
0.767591
0.767309
0.767015
0.766712
0.766403
0.76609
0.765775
0.76546
0.765148
0.764838
0.764532
0.76423
0.763935
0.763646
0.763363
0.763089
0.762821
0.762562
0.76231
0.762066
0.761831
0.761603
0.761384
0.761172
0.760969
0.760773
0.760585
0.760404
0.76023
0.760063
0.759904
0.759751
0.759604
0.759464
0.75933
0.759201
0.759078
0.758961
0.758849
0.758741
0.758639
0.758542
0.758448
0.75836
0.758275
0.758194
0.758117
0.758043
0.757973
0.757906
0.757843
0.757782
0.757725
0.75767
0.757617
0.757568
0.75752
0.757475
0.757432
0.757391
0.757352
0.757315
0.75728
0.757247
0.757215
0.757185
0.757156
0.757128
0.757102
0.757077
0.757054
0.757032
0.75701
0.75699
0.756971
0.756953
0.756935
0.756919
0.756903
0.756888
0.756874
0.756861
0.756848
0.756836
0.756825
0.756814
0.756803
0.754965
0.752819
0.750373
0.747636
0.744616
0.741317
0.737746
0.733905
0.729798
0.725426
0.720791
0.715894
0.716954
0.717945
0.718872
0.719739
0.72055
0.72131
0.722022
0.722689
0.723315
0.721509
0.719419
0.71705
0.714407
0.711492
0.708307
0.704853
0.701133
0.697146
0.692892
0.688371
0.683582
0.678523
0.673193
0.66759
0.661713
-0.655558
-0.649123
-0.642405
-0.635402
-0.62811
-0.620528
-0.61265
-0.604475
-0.595999
-0.58722
-0.578134
-0.568739
-0.559032
-0.551307
-0.546869
-0.549319
-0.551606
-0.55374
-0.555735
-0.557599
-0.559342
-0.560973
-0.562499
-0.563929
-0.565269
-0.566525
-0.567703
-0.568808
-0.569845
-0.57082
-0.572233
-0.57393
-0.575638
-0.577317
-0.578909
-0.581409
-0.584532
-0.587818
-0.591277
-0.594918
-0.598747
-0.602768
-0.606984
-0.610417
-0.610072
-0.609739
-0.609421
-0.609115
-0.608823
-0.608542
-0.608274
-0.609995
-0.611966
-0.614188
-0.616664
-0.619393
-0.622374
-0.625607
-0.629088
-0.632816
-0.632328
-0.63184
-0.631377
-0.630874
-0.630385
-0.629909
-0.629449
-0.629002
-0.630277
-0.631829
-0.633658
-0.635761
-0.638139
-0.640786
-0.643701
-0.646878
-0.650313
-0.654
-0.657935
-0.662111
-0.661599
-0.661083
-0.660567
-0.660054
-0.659545
-0.659042
-0.658547
-0.658062
-0.658941
-0.6602
-0.661743
-0.663566
-0.665667
-0.66804
-0.670683
-0.67359
-0.676755
-0.680172
-0.683835
-0.687737
-0.691871
-0.696229
-0.700804
-0.705586
0.710568
0.715739
0.721093
0.726618
0.732305
0.738143
0.744059
0.749835
0.755117
0.755694
0.755573
0.755405
0.755198
0.75496
0.754695
0.754408
0.754105
0.753789
0.753464
0.753131
0.752795
0.752457
0.752119
0.751783
0.75145
