0.0
0.0
-0.001
-0.001
0.0
0.0
0.0
0.0
0.0
0.0
0.0
0.0
0.0
0.0
0.0
0.0
0.0
0.0
0.0
0.0
0.0
0.0
0.0
0.0
0.0
0.0
0.0
0.0
0.0
0.0
0.0
0.0
0.0
0.0
0.0
0.0
0.0
0.0
0.0
0.0
0.0
0.0
0.0
0.0
0.0
0.0
0.0
0.0
0.0
0.0
0.0
0.0
0.0
0.0
-0.001
0.0
0.0
0.0
0.0
0.0
0.0
0.0
0.0
0.0
0.0
0.0
0.0
0.0
0.0
0.0
0.0
-0.001
0.0
0.0
0.0
0.0
0.0
0.0
0.0
0.0
-0.001
0.0
0.0
0.0
0.0
0.0
0.0
0.0
0.0
-0.001
0.0
0.0
0.0
0.0
0.0
0.0
0.0
0.0
0.0
0.0
0.0
0.0
0.0
0.0
0.0
0.0
0.0
0.0
0.0
0.0
0.0
0.0
0.0
0.0
0.0
0.0
-0.001
0.0
0.0
0.0
0.0
0.0
0.0
0.0
0.0
0.0
0.0
0.0
0.0
0.0
0.0
0.0
0.0
0.0
0.0
0.0
0.0
0.0
0.0
0.0
0.0
0.0
0.0
0.0
0.0
0.0
-0.001
0.0
0.0
0.0
0.0
0.0
0.0
0.0
0.0
0.0
0.0
0.0
0.0
0.0
0.0
0.0
0.0
0.0
0.0
0.0
0.0
0.0
0.0
0.0
0.0
0.0
0.0
0.0
0.0
0.0
0.0
0.0
0.0
0.0
0.0
0.0
0.0
0.0
0.0
0.0
0.0
0.0
0.0
0.0
0.0
0.0
0.0
0.0
0.0
0.0
0.0
0.0
0.0
0.0
0.0
0.0
0.0
0.0
0.0
0.0
0.0
0.0
0.0
0.0
0.0
0.0
0.0
0.0
0.0
-0.135
-0.267
-0.398
-0.527
-0.655
-0.78
-0.904
-1.026
-1.147
-1.266
-1.384
-1.5
-1.627
-1.764
-1.913
-2.071
-2.24
-2.418
-2.606
-2.803
-3.009
-3.223
-3.446
-3.677
-3.915
-4.16
-4.412
-4.671
-4.935
-5.205
-5.481
-5.76
-6.044
-6.331
-6.621
-6.914001
-7.208
-7.503
-7.798
-8.093
-8.387
-8.68
-8.969001
-9.255
-9.537001
-9.814
-10.085
-10.134001
-10.183001
-10.231001
-10.279
-10.326
-10.372001
-10.3
-10.231001
-10.162001
-10.096001
-10.030001
-9.966001
-9.904
-9.842
-9.782001
-9.724001
-9.667001
-9.611
-9.556001
-9.502001
-9.449
-9.398001
-9.348001
-9.299001
-9.251
-9.204
-9.158
-9.113001
-9.069
-9.026
-8.984
-8.942
-8.902
-8.863001
-8.824
-8.787001
-8.75
-8.723001
-8.809
-8.903001
-9.003
-9.111
-9.225
-9.345
-9.47
-9.601001
-9.736
-9.875
-10.017
-10.163
-10.311001
-10.46
-10.611
-10.763
-10.915001
-11.066001
-11.216001
-11.364
-11.51
-11.652
-11.715
-11.781
-11.85
-11.921
-11.994
-12.067
-12.142
-12.216001
-12.290001
-12.362
-12.433001
-12.500001
-12.565001
-12.625001
-12.681001
-12.676001
-12.672001
-12.667001
-12.663001
-12.659
-12.656
-12.652
-12.649
-12.646001
-12.643001
-12.641001
-12.638
-12.636001
-12.634001
-12.632001
-12.630001
-12.629001
-12.627001
-12.626
-12.625001
-12.624001
-12.623
-12.622001
-12.621
-12.621
-12.620001
-12.620001
-12.620001
-12.620001
-12.620001
-12.620001
-12.621
-12.621
-12.621
-12.622001
-12.623
-12.623
-12.624001
-12.633
-12.646001
-12.662001
-12.68
-12.700001
-12.722001
7.753
-6.116
3.651
-2.963
1.696
-1.458
0.766
-0.738
0.323
0.15
-0.019
-0.183
-0.342
-0.496
-0.643
-0.785
-0.921
-1.05
-1.172
-1.287
-1.394
-1.494
-1.62
-1.745
-1.728
-1.712
-1.696
-1.68
-1.665
-1.651
-1.637
-1.623
-1.609
-1.596
-1.583
-1.571
-1.559
-1.547
-1.536
-1.524
-1.514
-1.503
-1.629
-1.753
-1.876
-2.037
-2.197
-2.354
-2.509
-2.662
-2.813
-2.963
-3.11
-3.255
-3.399
-3.541
-3.68
-3.818
-3.954
-4.023
-4.091
-4.159
-4.225
-4.29
-4.355
-4.418
-4.481
-4.543
-4.604
-4.664
-4.724
-4.782
-4.84
-4.898
-5.021
-5.143
-5.263
-5.381
-5.498
-5.613
-5.727
-5.84
-5.95
-6.06
-6.168
-6.274
-6.379
-6.483
-6.585001
-6.686
-6.786
-6.884
-6.981
-7.077
-7.171
-7.265
-7.357
-7.447001
-7.537
-7.625
-7.713
-7.799
-7.883
-7.967
-8.05
-8.131001
-8.212001
-8.291
-8.302
-8.313001
-8.324
-8.335
-8.345
-8.356
-8.366
-8.376
-8.386001
-8.396001
-8.406
-8.415
-8.425
-8.434
-8.443001
-8.453
-8.462001
-8.47
-8.548
-8.624001
-8.699
-8.773001
-8.847
-8.919001
-8.990001
-9.06
-9.13
-9.198001
-9.266001
-9.332001
-9.398001
-9.463
-9.526
-9.589001
-9.652
-9.713
-9.773001
-9.833
-9.848001
-9.862
-9.877001
-9.891001
-9.905001
-9.919001
-9.933001
-9.946
-9.96
-9.973001
-9.986
-9.999001
-10.011001
-10.024
-10.036
-10.048
-10.06
-10.072001
-10.083
-10.137
-10.191001
-10.243
-10.295
-10.346001
-10.397
-10.447001
-10.496
-10.545
-10.593
-10.64
-10.687
-10.733001
-10.778001
-10.823001
-10.867001
-10.911
-10.887
-10.864
-10.841001
-10.818001
-10.795
-10.773001
-10.751
-10.729
-10.708
-10.687
-10.666
-10.645
-10.625001
-10.605
-10.585
-10.566001
-10.547001
-10.528001
-10.509001
-10.559001
-10.608001
-10.657001
-10.705001
-10.752001
-10.799001
-10.845
-10.891001
-10.935
-10.98
-11.023001
-11.066001
-11.109
-11.150001
-11.192
-11.232
-11.272
-11.312
-11.351001
-11.39
-11.427001
-11.465
-11.502001
-11.538
-11.574
-11.610001
-11.645
-11.679001
-11.713
-11.747001
-11.780001
-11.813001
-11.845
-11.877001
-11.908001
-11.939
-11.969001
-11.999001
-12.029
-12.058001
-12.087001
-12.116
-12.144001
-12.171
-12.199
-12.226001
-12.252001
-12.278001
-12.304001
-12.262001
-12.22
-12.179001
-12.138
-12.098001
-12.058001
-12.019001
-11.981001
-11.942
-11.905001
-11.868001
-11.831
-11.795001
-11.76
-11.724001
-11.690001
-11.655001
-11.622001
-11.588
-11.556001
-11.523001
-11.491
-11.460001
-11.428
-11.398001
-11.367001
-11.338
-11.308001
-11.279
-11.250001
-11.222
-11.194
-11.166
-11.139001
-11.112
-11.086
-11.06
-11.034
-11.008
-10.983001
-10.958
-10.934001
-10.910001
-10.886001
-10.862
-10.839001
-10.816001
-10.794001
-10.772
-10.750001
-10.728001
-10.707001
-10.685
-10.665001
-10.644
-10.624001
-10.604
-10.584001
-10.565001
-10.545
-10.526001
-10.508
-10.489
-10.471001
-10.453
-10.435
-10.418
-10.401
-10.384001
-10.367001
-10.35
-10.334001
-10.318001
-10.302
-10.286
-10.271001
-10.255
-10.240001
-10.225
-10.211
-10.196
-10.182
-10.168
-10.154
-10.14
-10.127001
-10.113001
-10.1
-10.159
-10.217001
-10.274
-10.330001
-10.339001
-10.354
-10.375001
-10.401
-10.432
-10.467001
-10.505
-10.546
-10.588
-10.631001
-10.674001
-10.716001
-10.757001
-10.796
-10.831
-10.864
-10.892
-10.915001
-10.932
-10.943001
-10.946
-10.942
-10.929001
-10.907001
-10.875001
-10.833
-10.779
-10.713
-10.669001
-10.625001
-10.582001
-10.624001
-10.666
-10.707001
-10.747001
-10.787001
-10.827001
-10.866
-10.904
-10.942
-10.98
-11.017
-11.053
-11.089001
-11.125001
-11.139001
-11.153001
-11.166
-11.18
-11.193001
-11.206
-11.219001
-11.202001
-11.186001
-11.169001
-11.153001
-11.137
-11.121
-11.105
-11.09
-11.123
-11.156
-11.188001
-11.22
-11.252001
-11.283001
-11.314
-11.345
-11.375001
-11.405001
-11.352
-11.299001
-11.247001
-11.196
-11.145
-11.095
-11.046
-10.997001
-10.949
-10.902
-10.855
-10.809001
-10.764001
-10.719001
-10.675
-10.631001
-10.588
-10.632001
-10.676001
-10.719001
-10.762
-10.804001
-10.845
-10.886001
-10.926001
-10.966001
-11.005
-11.044001
-11.082001
-11.120001
-11.134001
-11.148001
-11.161
-11.175
-11.188001
-11.202001
-11.215
-11.227
-11.240001
-11.274
-11.307
-11.34
-11.372001
-11.404
-11.435
-11.466001
-11.497001
-11.527
-11.557
-11.587001
-11.616
-11.645
-11.673
-11.701
-11.729
-11.756001
-11.783001
-11.81
-11.836
-11.862
-11.888
-11.913
-11.938001
-11.963
-11.987
-12.012001
-12.035001
-12.059001
-12.082001
-12.105
-12.127001
-12.150001
-12.172001
-12.108001
-12.045001
-11.983001
-11.922001
-11.862
-11.802001
-11.744
-11.686001
-11.628
-11.572001
-11.516001
-11.549001
-11.581
-11.613001
-11.645
-11.675
-11.706
-11.736001
-11.742001
-11.748
-11.753
-11.759001
-11.765
-11.77
-11.776001
-11.781
-11.786
-11.792001
-11.797001
-11.772
-11.748
-11.724001
-11.696
-11.670001
-11.643001
-11.617001
-11.592001
-11.566001
-11.541
-11.517
-11.492001
-11.469001
-11.445001
-11.422001
-11.399
-11.376
-11.354
-11.332001
-11.365001
-11.397
-11.429001
-11.460001
-11.491
-11.436001
-11.382001
-11.329
-11.277
-11.225
-11.174001
-11.124001
-11.074
-11.025001
-10.977
-10.929001
-10.882001
-10.817
-10.754001
-10.691001
-10.629001
-10.568001
-10.56
-10.552
-10.544001
-10.536
-10.528001
-10.52
-10.513
-10.505
-10.497001
-10.490001
-10.482
-10.475
-10.468
-10.461
-10.454
-10.448001
-10.441001
-10.434001
-10.428
-10.421
-10.415001
-10.461
-10.506001
-10.55
-10.594001
-10.637
-10.68
-10.722
-10.764001
-10.805
-10.846001
-10.886001
-10.925
-10.964001
-11.002001
-11.040001
-11.078
-11.114
-11.151001
-11.187
-11.222
-11.257001
-11.292001
-11.326
-11.359
-11.392
-11.425
-11.457001
-11.489
-11.521001
-11.552001
-11.582001
-11.612
-11.642
-11.671
-11.700001
-11.729
-11.757001
-11.785001
-11.812
-11.839001
-11.866
-11.893001
-11.919001
-11.944
-11.97
-11.995001
-12.019001
-12.044001
-12.068001
-12.091001
-12.115001
-12.138
-12.160001
-12.183001
-12.205001
-12.227
-12.248
-12.27
-12.291
-12.311001
-12.332001
-12.352
-12.372001
-12.391001
-12.411
-12.43
-12.449
-12.467001
-12.486001
-12.504001
-12.522
-12.539001
-12.557
-12.574
-12.591001
-12.608001
-12.624001
-12.64
-12.656
-12.672001
-12.688001
-12.703001
-12.718
-12.733001
-12.748
-12.763
-12.777
-12.791
-12.805
-12.819
-12.833
-12.846001
-12.860001
-12.873
-12.886001
-12.902
-12.920001
-12.942
-12.966001
-12.992001
-13.021001
-13.052001
-13.084001
-13.118001
-13.153001
-13.189001
-13.225
-13.261001
-13.297001
-13.332001
-13.366
-13.398001
-13.428
-13.455001
-13.479001
-13.499001
-13.509001
-13.519001
-13.529
-13.538001
-13.548
-13.557001
-13.566001
-13.575001
-13.584001
-13.593
-13.601001
-13.610001
-13.618001
-13.627001
-13.635
-13.643001
-13.651001
-13.659
-13.667001
-13.674001
-13.682001
-13.690001
-13.697001
-13.704
-13.711
-13.718
-13.725
-13.732
-13.739
-13.746
-13.753
-13.759001
-13.766001
-13.772
-13.778001
-13.784
-13.790001
-13.796
-13.802001
-13.808001
-13.814001
-13.820001
-13.825001
-13.831
-13.837001
-13.842001
-13.847001
-13.853001
-13.858001
-13.863001
-13.868001
-13.873001
-13.878
-13.883
-13.888
-13.892
-13.897
-13.902
-13.906001
-13.911
-13.915001
-13.919001
-13.924001
-13.928
-13.932001
-13.936001
-13.940001
-13.944
-13.948001
-13.952001
-13.956
-13.960001
-13.964001
-13.968
-13.971001
-13.975
-13.978001
-13.982
-13.985001
-13.989
-13.992001
-13.996
-13.999001
-14.002001
-14.005001
-14.009001
-14.012001
-14.015
-14.018001
-14.021001
-14.024001
-14.027
-14.030001
-14.032001
-14.035001
-14.038001
-14.041
-14.043
-14.046
-14.049001
-14.051001
-14.054001
-14.056001
-14.059001
-14.061001
-14.064001
-14.066001
-14.069
-14.071001
-14.073001
-14.075001
-14.078001
-14.080001
-14.082001
-14.084001
-14.086
-14.089001
-14.092001
-14.095
-14.098001
-14.102
-14.105
-14.108001
-14.110001
-14.112
-14.113001
-14.115001
-14.117001
-14.119
-14.121
-14.122001
-14.124001
-14.126
-14.127001
-14.129001
-14.131001
-14.132001
-14.134001
-14.135
-14.137001
-14.138
-14.14
-14.141001
-14.143001
-14.144001
-14.146001
-14.147
-14.148001
-14.150001
-14.151001
-14.152
-14.154
-14.155001
-14.156001
-14.158001
-14.159
-14.160001
-14.161
-14.162001
-14.164001
-14.165001
-14.166
-14.167001
-14.168
-14.169001
-14.170001
-14.171
-14.172001
-14.173
-14.174001
-14.175001
-14.176001
-14.176001
-14.175001
-14.174001
-14.171
-14.264001
-14.354001
-14.439001
-14.519001
-14.594001
-14.664001
-14.728001
-14.786
-14.837001
-14.881001
-14.917001
-14.945001
-14.963
-14.972001
-14.971001
-15.038001
-15.104001
-15.169001
-15.232
-15.293001
-15.353001
-15.412001
-15.47
-15.526001
-15.581
-15.635001
-15.687
-15.738001
-15.785001
-15.826001
-15.862
-15.893001
-15.919001
-15.939001
-15.953001
-15.962001
-15.964001
-15.960001
-15.949
-15.931001
-15.905001
-15.871
-15.829
-15.778001
-15.718
-15.648001
-15.567
-15.476001
-15.373001
-15.258
-15.131001
-14.991001
-14.837001
-14.670001
-14.488001
-14.511001
-14.534
-14.556001
-14.578001
-14.6
-14.620001
-14.585001
-14.540001
-14.487
-14.426001
-14.355
-14.277
-14.190001
-14.094001
-13.990001
-13.877001
-13.755001
-13.624001
-13.484
-13.335001
-13.176001
-13.007001
-12.829
-12.64
-12.440001
-12.23
-12.008
-11.776001
-11.532001
-11.276001
-11.008
-10.728001
-10.436001
-10.131001
-9.813001
-9.483001
-9.14
-8.783
-8.414001
-8.031
-7.635
-7.227
-6.805
-6.37
-5.923
-5.463
-4.991
-4.508
-4.012
-3.506
-2.988
-2.461
-1.924
-1.378
-0.824
-0.262
0.307
0.882
1.461
2.045
2.632
3.221
3.811
4.401
4.989
5.575
6.157
6.733
7.303
7.865
8.418
8.927
9.421
9.898001
9.852
9.807
9.763
9.719001
9.676001
9.634001
9.592
9.551001
9.51
9.47
9.43
9.391001
9.352
9.314
9.276
9.239
9.202001
9.166
9.13
9.095
9.06
9.026
8.992001
8.959001
8.926001
8.904
8.892
8.891001
8.899
8.868
8.837001
8.807
8.777
8.747001
8.718
8.690001
8.661
8.633
8.606
8.578
8.552
8.525001
8.566
8.616
8.674001
8.741
8.814
8.895
8.982
9.075001
9.173
9.203
9.236
9.27
9.305
9.341001
9.375
9.407001
9.437
9.463
9.484
9.501
9.511001
9.515
9.511001
9.499001
9.477
9.447001
9.406
9.354
9.291
9.215
9.128
9.027
8.913
8.784
8.642
8.485001
8.313001
8.126
7.923
7.705
7.609
7.501
7.38
7.247
7.281
7.314
7.347
7.38
7.413001
7.445
7.476
7.508
7.538001
7.569
7.599
7.629
7.659
7.688
7.717
7.745
7.773
7.801001
7.829
7.856
7.883
7.909
7.936
7.962
7.987
8.013
8.038
8.062
8.087001
8.111
8.135
8.158
8.182
8.205
8.228001
8.25
8.272
8.35
8.426001
8.502001
8.51
8.519
8.527
8.535001
8.544001
8.552
8.56
8.568001
8.575001
8.583
8.591001
8.598001
8.605
8.613001
8.620001
8.627001
8.634001
8.641001
8.648001
8.654
8.661
8.645
8.629001
8.614
8.599
8.584001
8.569
8.554001
8.54
8.526
8.512
8.498
8.484
8.561001
8.637
8.668
8.698
8.727
8.757
8.786
8.814
8.842
8.870001
8.897
8.924001
8.951
8.977
9.003
9.029
9.054001
9.079
9.104
9.128
9.152
9.175
9.199
9.222
9.244
9.267
9.289001
9.311001
9.375
9.438001
9.5
9.562
9.623
9.683001
9.676001
9.669001
9.662001
9.655001
9.648001
9.642
9.635
9.606001
9.578
9.55
9.522
9.494
9.467
9.441
9.415001
9.389001
9.363001
9.372001
9.382
9.391001
9.400001
9.464001
9.527
9.59
9.607
9.625
9.642
9.659
9.676001
9.693001
9.709001
9.725
9.741
9.757001
9.773001
9.788
9.803
9.818001
9.833
9.847
9.862
9.876
9.89
9.946
10.002001
10.057
10.022
9.988001
9.955001
9.921
9.889001
9.856001
9.825001
9.793
9.762
9.732
9.702001
9.672001
9.643001
9.636001
9.629001
9.623
9.617001
9.678
9.738001
9.798
9.857
9.915001
9.972
10.029
10.041
10.052
10.064
10.075001
10.168
10.259001
10.348001
10.435
10.52
10.603001
10.684001
10.859
11.030001
11.197001
11.361001
11.52
11.677001
11.829
11.979001
12.124001
12.266001
12.405001
12.539001
12.671
12.799001
12.923
13.044001
13.162001
13.276001
13.386001
13.492001
13.594001
13.691001
13.784
13.871
13.953001
14.029
14.099001
14.161
14.216001
14.263
14.302001
14.332001
14.351001
14.439001
14.456
14.473001
14.489
14.505001
14.521001
14.536
14.551001
14.566001
14.580001
14.594001
14.608001
14.621
14.635
14.649001
14.666
14.684001
14.705001
14.728001
14.753
14.781001
14.77
14.676001
14.577001
14.474001
14.365001
14.250001
14.128
13.998001
13.860001
13.712001
13.555
13.388
13.210001
13.02
12.818001
12.603001
12.376
12.135
11.88
11.610001
11.326
11.027
10.713
10.384001
10.039001
9.678
9.302
8.910001
8.503
8.08
7.642
7.190001
6.722
6.241
5.745
5.237
4.716
4.183
3.639
3.085
2.522
1.95
1.371
0.785
0.194
-0.401
-0.998
-1.597
-2.195
-2.792
-3.386
-3.828
-4.272
-4.717
-4.669
-4.622
-4.576
-4.531
-4.361
-4.193
-4.027
-3.864
-3.703
-3.544
-3.387
-3.233
-3.08
-2.929
-2.781
-2.634
-2.49
-2.347
-2.206
-2.067
-1.95
-1.835
-1.721
-1.608
-1.498
-1.388
-1.28
-1.174
-1.069
-0.965
-0.863
-0.762
-0.662
-0.564
-0.467
-0.371
-0.277
-0.184
-0.092
-0.001
0.088
0.177
0.264
0.35
0.434
0.518
0.6
0.682
0.762
0.842
0.92
0.997
1.073
1.168
1.262
1.355
1.446
1.537
1.626
1.549
1.474
1.299
1.126
0.956
0.788
0.622
0.459
0.308
0.169
0.043
0.041
0.05
0.07
0.101
0.143
0.196
0.165
0.136
0.106
0.078
0.05
0.022
-0.005
0.09
0.184
0.276
0.367
0.457
0.546
0.633
0.719
0.804
0.888
0.971
0.926
0.881
0.837
0.795
0.752
0.711
0.671
0.631
0.593
0.555
0.518
0.481
0.438
0.396
0.334
0.273
0.213
0.155
0.098
0.042
-0.012
-0.065
-0.117
-0.168
-0.218
-0.267
-0.314
-0.36
-0.406
-0.45
-0.493
-0.52
-0.546
-0.572
-0.597
-0.621
-0.645
-0.668
-0.691
-0.713
-0.735
-0.756
-0.777
-0.797
-0.817
-0.837
-0.61
-0.388
-0.171
0.041
0.248
0.451
0.649
0.842
1.078
1.309
1.534
1.755
1.97
2.181
2.078
1.978
2.188
2.085
1.708
1.339
0.978
0.625
0.341
0.064
-0.208
-0.473
-0.732
-0.985
-1.233
-1.34
-1.445
-1.548
-1.65
-1.751
-1.851
-1.842
-1.832
-1.831
-1.829
-1.827
-1.687
-1.548
-1.412
-1.277
-1.144
-1.013
-0.883
-0.755
-0.629
-0.505
-0.382
-0.261
-0.141
-0.023
0.093
0.208
0.321
0.433
0.389
0.347
0.306
0.265
0.225
0.186
0.147
-0.005
-0.155
-0.276
-0.395
-0.513
-0.629
-0.644
-0.658
-0.672
-0.686
-0.7
-0.713
-0.726
-0.739
-0.751
-0.763
-0.775
-0.787
-0.798
-0.809
-0.82
-0.831
-0.841
-0.859
-0.876
-0.892
-0.909
-0.925
-0.941
-0.956
-0.972
-0.987
-0.994
-1.002
-1.009
-1.016
-1.023
-1.03
-1.036
-1.043
-0.934
-0.827
-0.721
-0.617
-0.514
-0.412
-0.312
-0.192
-0.073
0.044
0.159
0.122
0.086
0.05
0.015
-0.02
-0.053
-0.086
-0.119
-0.151
-0.182
-0.213
-0.243
-0.272
-0.301
-0.33
-0.357
-0.385
-0.43
-0.473
-0.516
-0.558
-0.599
-0.639
-0.678
-0.716
-0.754
-0.482
-0.216
0.044
0.298
0.546
0.789
1.026
1.258
1.484
1.706
1.922
2.134
2.341
2.234
2.13
2.029
1.93
1.833
1.738
1.645
1.555
1.466
1.38
1.295
0.935
0.584
0.24
-0.096
-0.424
-0.745
-1.059
-1.366
-1.666
-1.959
-2.245
-2.248
-2.251
-2.253
-2.256
-2.259
-1.953
-1.654
-1.362
-1.076
-0.797
-0.524
-0.258
0.003
0.258
0.507
0.751
0.989
1.091
1.193
1.293
1.392
1.489
1.423
1.359
1.295
1.233
1.172
1.112
1.054
0.997
0.94
0.885
0.723
0.563
0.405
0.249
0.082
-0.097
-0.286
-0.485
-0.695
-0.914
-1.143
-1.381
-1.627
-1.882
-2.145
-2.416
-2.693
-2.978
-3.269
-3.566
-3.868
-4.176
-4.488
-4.803
-5.123
-5.445
-5.769
-6.095
-6.422
-6.749001
-7.075
-7.401
-7.724
-8.044001
-8.361
-8.580001
-8.802
-8.782001
-8.762
-8.743
-8.724
-8.706
-8.689
-8.671
-8.654
-8.638
-8.622001
-8.606
-8.591001
-8.576
-8.561001
-8.547
-8.533
-8.51
-8.478001
-8.437
-8.386001
-8.326
-8.256001
-8.177
-8.089001
-7.991
-7.883
-7.765
-7.637001
-7.499001
-7.351
-7.193
-7.023
-6.844
-6.653
-6.451
-6.239
-6.015
-5.78
-5.534
-5.277
-5.008
-4.996
-5.099
-5.201
-5.301
-5.4
-5.498
-5.594
-5.69
-5.784
-5.865
-5.934
-5.991
-6.036
-6.07
-6.093
-6.105
-6.106
-6.097
-6.077
-6.047
-6.006001
-5.956
-5.895
-5.824
-5.744
-5.653
-5.552
-5.442
-5.321
-5.191
-5.05
-4.899
-4.738
-4.567
-4.385
-4.194
-3.992
-3.78
-3.558
-3.325
-3.082
-3.157
-3.23
-3.303
-3.374
-3.445
-3.514
-3.583
-3.651
-3.706
-3.748
-3.777
-3.794
-3.799
-3.792
-3.773
-3.742
-3.699
-3.645
-3.579
-3.501
-3.412
-3.312
-3.2
-3.077
-2.943
-2.798
-2.641
-2.474
-2.295
-2.106
-1.905
-1.694
-1.473
-1.24
-0.812
-0.379
0.059
0.502
0.95
1.401
1.855
2.312
2.771
3.231
3.691
4.151
4.609
5.066
5.52
5.97
6.415
6.854
7.287
7.712
8.127001
8.533
8.927
9.31
9.679001
10.033001
10.372001
10.694
10.997001
11.282001
11.547001
11.790001
12.011001
12.209001
12.382001
12.529
12.651001
12.745001
12.811001
12.824
12.837001
12.85
12.863001
12.876
12.888
12.901001
12.884001
12.867001
12.85
12.834001
12.818001
12.802001
12.786
12.77
12.755001
12.740001
12.725
12.738001
12.752001
12.765
12.778001
12.792001
12.805
12.818001
12.831
12.843
12.856001
12.869
12.881001
12.894001
12.906
12.918
12.93
12.942
12.954
12.966001
12.977
12.989
13.000001
13.012001
13.023001
13.034
13.045001
13.056001
13.067
13.078001
13.088
13.098001
13.106001
13.114
13.120001
13.125001
13.128
13.129001
13.126
13.1
13.074
13.049001
13.023001
12.996
12.97
12.943001
12.915001
12.886001
12.855
12.823001
12.788001
12.752001
12.712001
12.669001
12.623
12.573001
12.518001
12.459001
12.394001
12.324
12.247001
12.164001
12.073001
11.975
11.869
11.754001
11.63
11.497001
11.353001
11.200001
11.035001
10.859
10.672001
10.472
10.26
10.035001
9.797001
9.545
9.280001
9.001
8.708
8.401
8.08
7.743001
7.393
7.028
6.649
6.255
5.847
5.426
4.991
4.364
3.724
3.606
3.491
3.378
3.267
3.159
3.052
2.948
2.846
2.745
2.647
2.551
2.456
2.364
2.273
2.184
2.096
2.011
1.939
1.882
1.838
1.808
1.791
1.787
1.797
1.819
1.854
1.902
1.962
2.034
2.118
2.214
2.322
2.441
2.572
2.714
2.866
3.029
3.202
3.386
3.725
4.069
4.417
4.769
5.123
5.479
5.836
6.195
6.553
6.91
7.266
7.619
7.841001
8.067
8.297
8.530001
8.766001
9.003
9.241
9.479
9.717
9.954
10.189
10.421
10.725
11.013
11.284
11.537001
11.771001
11.984
12.177001
12.347
12.494
12.616
12.714001
12.786
12.831
12.848001
12.851001
12.854001
12.857
12.860001
12.864
12.867001
12.871
12.874001
12.878
12.882001
12.8
12.719001
12.638
12.557
8.763
6.139
4.329
3.075
2.211
1.612
1.198
0.913
0.715
0.579
0.485
0.42
0.229
0.097
0.007
-0.053
-0.113
-0.171
-0.229
-0.286
-0.342
-0.398
-0.452
-0.506
-0.56
-0.722
-0.882
-1.04
-1.196
-1.356
-1.513
-1.669
-1.822
-1.974
-2.124
-2.271
-2.417
-2.561
-2.703
-2.844
-2.982
-3.119
-3.247
-3.374
-3.499
-3.622
-3.614
-3.606
-3.599
-3.593
-3.587
-3.454
-3.322
-3.193
-3.065
-2.939
-2.814
-2.692
-2.468
-2.247
-2.03
-1.815
-1.604
-1.395
-1.189
-0.986
-0.787
-0.589
-0.392
-0.195
0.003
0.2
0.398
0.596
0.794
0.992
1.19
1.388
1.586
1.784
1.981
2.178
2.375
2.57
2.765
2.958
3.15
3.341
3.529
3.715
3.899
4.08
4.257
4.43
4.561
4.691
4.818
4.944
5.068
5.191
5.312
5.431
5.549
5.665
5.779
5.893
6.004
6.114
6.223001
6.331
6.439
6.547
6.655
6.761
6.868001
6.973001
7.077
7.18
7.281
7.381001
7.478
7.574
7.667
7.756001
7.843
7.926001
8.008
8.089001
8.169001
8.248
8.326
8.402
8.478001
8.498
8.517
8.536
8.545
8.554001
8.562
8.571
8.579
8.588
8.596001
8.604
8.612
8.620001
8.628
8.663
8.698
8.732
8.802
8.871
8.940001
9.008
9.074
9.14
9.205001
9.269
9.333
9.395
9.457001
9.518001
9.578
9.637
9.696
9.683001
9.67
9.658
9.645
9.633
9.620001
9.608001
9.668
9.727
9.786
9.788
9.791
9.793
9.795
9.797001
9.8
9.802
9.804001
9.862
9.88
9.899
9.917001
9.935
9.953
9.971001
9.988001
10.005
10.022
10.039001
10.055
10.071
10.124001
10.176001
10.227
10.278001
10.328
10.377001
10.426001
10.474001
10.521001
10.568001
10.615001
10.660001
10.705001
10.750001
10.794001
10.837001
10.88
10.922001
10.964001
11.005
11.046
11.031
11.016001
11.002001
10.987
10.973001
10.959001
10.945001
10.987
11.028001
11.069
11.109
11.148001
11.187
11.226001
11.264001
11.301001
11.338
11.375001
11.411
11.447001
11.482
11.517
11.551001
11.585001
11.618001
11.651001
11.683001
11.716001
11.747001
11.779
11.809001
11.84
11.815001
11.841001
11.867001
11.893001
11.917001
11.942
11.965
11.988001
12.011001
12.033001
12.176001
12.316001
12.452001
12.586
12.716001
12.844001
12.968
13.006001
13.043
13.080001
13.115001
13.150001
13.184001
13.217001
13.249001
13.281001
13.312
13.342001
13.455001
13.566001
13.674001
13.780001
13.884001
13.985001
14.084001
14.059001
14.035001
14.012001
13.989
13.967001
13.945001
13.923
13.902
13.882001
13.862
13.842001
13.739
13.638
13.586
13.535001
13.486001
13.437
13.548
13.657001
13.763
13.867001
13.969001
14.068001
14.165001
14.26
14.353001
14.444
14.439001
14.435
14.431001
14.389001
14.347001
14.306001
14.266001
14.226001
14.186001
14.147
14.109
14.071001
14.034
13.997001
13.961
13.961
13.962001
13.963
13.964001
13.965001
13.966001
13.967001
13.968
13.969001
13.97
13.916
13.863001
13.81
13.758
13.707001
13.656001
13.606001
13.557001
13.509001
13.461
13.414001
13.367001
13.321001
13.276001
13.231001
13.187
13.144001
13.101001
13.059001
13.017
12.976001
12.991
13.005001
13.02
13.034
13.048
13.062
13.075001
13.089001
13.102
13.115001
13.128
13.141001
13.154
13.166
13.178
13.191001
13.203001
13.215
13.226001
13.238001
13.249001
13.261001
13.272
13.283001
13.294001
13.305
13.315001
13.326
13.336
13.346001
13.356001
13.366
13.376
13.385
13.392
13.397
13.401001
13.404
13.404
13.402
13.398001
13.391001
13.381001
13.368001
13.351001
13.331
13.306001
13.276001
13.241
13.201
13.154
13.102
13.042001
12.975
12.900001
12.817
12.725
12.623
12.512001
12.391001
12.259001
12.263
12.268001
12.272
12.276001
12.280001
12.284
12.288
12.292001
12.290001
12.282001
12.268001
12.247001
12.221001
12.188001
12.149
12.104001
12.052001
11.993001
11.926001
11.853001
11.771001
11.682
11.585001
11.48
11.365001
11.242001
11.109
10.967001
10.815001
10.652
10.479
10.295
10.1
9.893001
9.674001
9.444
9.201
8.946
8.679001
8.398001
8.105
7.798
7.479001
7.146
6.8
6.440001
6.068
5.682
5.284
4.873
4.449
4.013
3.566
3.565
3.564
3.563
3.563
3.562
3.561
3.56
3.56
3.559
3.559
3.558
3.543
3.529
3.515
3.501
3.488
3.474
3.461
3.448
3.435
3.422
3.41
3.385
3.347
3.311
3.263
3.203
3.131
3.046
2.95
2.842
2.722
2.59
2.446
2.291
2.125
1.947
1.757
1.557
1.345
1.122
0.889
0.644
0.39
0.124
-0.151
-0.436
-0.731
-1.035
-1.348
-1.67
-2.001
-2.339
-2.685
-3.038
-3.398
-3.763
-4.134
-4.51
-4.89
-5.274
-5.661
-6.05
-6.440001
-6.83
-7.221
-7.61
-7.997
-8.381001
-8.761001
-8.765
-8.769
-8.773001
-8.778001
-8.782001
-8.786
-8.79
-8.794001
-8.797001
-8.801001
-8.805
-8.809
-8.812
-8.816
-8.819
-8.823
-8.826
-8.830001
-8.833
-8.837001
-8.84
-8.843
-8.846001
-8.849
-8.852
-8.856
-8.859
-8.861
-8.864
-8.878
-8.902
-8.935
-8.979
-9.033
-9.096001
-9.168
-9.249001
-9.338
-9.436001
-9.542001
-9.656
-9.776
-9.904
-10.038
-10.177
-10.322001
-10.473001
-10.627001
-10.786
-10.947001
-11.112
-11.279
-11.447001
-11.616
-11.786
-11.955001
-12.123
-12.289001
-12.453001
-12.613001
-12.77
-12.921
-13.067
-13.207001
-13.339001
-13.463
-13.578001
-13.683001
-13.778001
-13.862
-13.933001
-13.991001
-13.993001
-13.996
-13.998001
-14.000001
-14.003
-14.005001
-14.007001
-14.009001
-14.011001
-14.013
-14.015
-14.018001
-14.02
-13.981001
-13.942
-13.904
-13.867001
-13.830001
-13.793
-13.757001
-13.693001
-13.630001
-13.567
-13.506001
-13.423
-13.341001
-13.261001
-9.256001
-6.491
-4.58
-3.261
-2.35
-1.72
-1.286
-0.986
-0.778
-0.635
-0.536
-0.468
-0.421
-0.512
-0.603
-0.692
-0.802
-0.911
-1.047
-1.045
-1.044
-1.043
-1.043
-1.042
-1.042
-1.042
-1.041
-1.041
-1.042
-0.908
-0.777
-0.577
-0.379
-0.184
0.008
0.198
0.385
0.569
0.751
0.861
0.843
0.827
0.81
0.794
0.778
0.762
0.619
0.478
0.375
0.237
0.101
-0.034
-0.166
-0.297
-0.426
-0.553
-0.679
-0.803
-0.925
-0.771
-0.894
-1.015
-1.135
-1.253
-1.37
-1.485
-1.653
-1.82
-1.984
-2.146
-2.307
-2.464
-2.62
-2.774
-2.926
-3.075
-3.223
-3.369
-3.512
-3.654
-3.794
-3.932
-4.069
-4.203
-4.336
-4.467
-4.596
-4.723
-4.849
-4.973
-5.095
-5.216
-5.335
-5.453
-5.569
-5.684
-5.796
-5.908
-6.018
-6.126
-6.234
-6.339
-6.443
-6.491
-6.538
-6.584
-6.63
-6.675
-6.719
-6.763
-6.806
-6.849
-6.891
-6.933001
-6.974
-7.014
-7.054
-7.094
-7.133
-7.171
-7.209
-7.246
-7.283
-7.32
-7.355
-7.391
-7.426
-7.448
-7.469
-7.49
-7.511
-7.532001
-7.552001
-7.572001
-7.592
-7.612
-7.631001
-7.650001
-7.669
-7.687
-7.717
-7.747
-7.776
-7.805
-7.834001
-7.918
-8.0
-8.081
-8.162001
-8.241
-8.319
-8.396001
-8.473001
-8.548
-8.622001
-8.695001
-8.767
-8.839001
-8.909
-8.978001
-9.047001
-9.115001
-9.181001
-9.247001
-9.312
-9.376
-9.384001
-9.392
-9.400001
-9.408
-9.415001
-9.423
-9.43
-9.438001
-9.433001
-9.428
-9.423
-9.418
-9.440001
-9.462001
-9.484
-9.505
-9.527
-9.548
-9.568001
-9.589001
-9.609
-9.628
-9.687
-9.746
-9.803
-9.860001
-9.916
-9.971001
-10.026
-10.079
-10.133
-10.185
-10.237
-10.288
-10.339001
-10.388
-10.438001
-10.486
-10.534
-10.582001
-10.628
-10.674001
-10.72
-10.765
-10.809001
-10.853001
-10.896001
-10.939
-10.981001
-11.023001
-11.064
-11.104
-11.144
-11.184001
-11.223001
-11.261001
-11.299001
-11.337001
-11.374001
-11.410001
-11.446
-11.482
-11.517
-11.552001
-11.586
-11.620001
-11.653001
-11.686001
-11.718
-11.750001
-11.782001
-11.813001
-11.844001
-11.874001
-11.905001
-11.934001
-11.963
-11.992001
-12.021001
-12.049001
-12.077001
-12.104001
-12.131001
-12.158001
-12.184001
-12.210001
-12.236001
-12.221001
-12.206
-12.191001
-12.176001
-12.162001
-12.148001
-12.134001
-12.120001
-12.106001
-12.093
-12.119
-12.145
-12.171
-12.141001
-12.112
-12.082001
-12.054001
-12.026001
-11.998
-11.97
-11.943001
-11.917001
-11.89
-11.864
-11.839001
-11.814
-11.789001
-11.764001
-11.740001
-11.772
-11.803
-11.833
-11.864
-11.894001
-11.923
-11.952001
-11.981001
-12.01
-12.038
-12.065001
-12.093
-12.120001
-12.146001
-12.173
-12.199
-12.224001
-12.250001
-12.274
-12.298
-12.321001
-12.342001
-12.362
-12.381001
-12.398001
-12.413001
-12.426001
-12.436001
-12.443001
-12.447001
-12.448001
-12.444
-12.437
-12.424001
-12.407001
-12.383
-12.354001
-12.318001
-12.275001
-12.225
-12.167001
-12.1
-12.025001
-11.940001
-11.845
-11.740001
-11.623
-11.496
-11.357
-11.205001
-11.041
-10.864
-10.674001
-10.47
-10.251
-10.019
-9.771001
-9.508
-9.231001
-8.938001
-8.629001
-8.305
-8.309
-8.313001
-8.316
-8.320001
-8.323
-8.317
-8.3
-8.274
-8.238
-8.191
-8.135
-8.069
-7.993001
-7.907001
-7.81
-7.704
-7.587
-7.459001
-7.322001
-7.173
-7.014
-6.844
-6.663
-6.471
-6.268
-6.053
-5.827
-5.59
-5.342
-5.082
-4.81
-4.527
-4.233
-3.927
-3.61
-3.282
-2.943
-2.593
-2.232
-1.861
-1.48
-1.088
-0.688
-0.278
0.14
0.566
1.0
1.44
1.888
2.34
2.798
3.26
3.726
4.194
4.663
5.134
5.604
6.072001
6.539001
7.002
7.460001
7.913001
8.359
8.364
8.369
8.375
8.38
8.385
8.39
8.395
8.411
8.437
8.473001
8.52
8.576
8.642
8.718
8.803
8.896001
8.998
9.108001
9.226001
9.351001
9.484
9.623
9.768001
9.919001
10.075001
10.236
10.402
10.570001
10.742001
10.917001
11.093
11.271001
11.450001
11.628
11.806001
11.982
12.156
12.327001
12.495001
12.658001
12.816001
12.968
13.113001
13.250001
13.379001
13.498001
13.502001
13.505001
13.509001
13.512001
13.515
13.519001
13.522
13.525001
13.528001
13.531001
13.535001
13.538001
13.541
13.495001
13.449
13.404
13.360001
13.316001
13.273001
13.231001
13.189001
13.147
13.106001
13.066001
13.026001
12.987
12.948001
12.910001
12.690001
12.473001
12.262001
12.055
11.852
11.668
11.488001
11.312
11.139001
10.97
10.805
10.644
10.486
10.331
10.18
10.032001
9.887
9.746
9.607
9.471001
9.339001
9.209001
9.082001
8.958
8.837001
8.718
8.602
8.488001
8.377001
8.268001
8.162001
8.058001
7.956
7.856
7.759
7.664001
7.511
7.36
7.213
7.044
6.878
6.715
6.555
6.397
6.243001
6.091
6.087
6.083
6.079
6.121
6.163
6.204
6.244
6.285
6.324
6.364
6.403
6.441
6.48
6.517
6.555
6.592
6.628
6.665
6.7
6.736001
6.781
6.825
6.868001
6.911
6.953001
6.995
7.036
7.066
-2.074
3.447
-1.386
1.648
-0.692
0.832
-0.284
0.458
-0.076
0.283
0.028
0.201
0.078
0.161
0.103
0.196
0.054
0.148
0.241
0.332
0.423
0.512
0.6
0.687
0.772
0.857
0.94
1.022
1.103
1.183
1.262
1.34
1.417
1.493
1.638
1.781
1.922
2.063
2.203
2.344
2.483
2.621
2.757
2.891
3.023
3.153
3.279
3.402
3.521
3.636
3.746
3.852
3.953
4.048
4.11
4.188
4.265
4.341
4.416
4.49
4.563
4.6
4.636
4.671
4.706
4.74
4.774
4.808
4.841
4.874
4.906
4.938
5.006
5.073
5.139
5.205
5.269
5.333
5.395
5.444
5.493
5.54
5.587
5.634
5.679
5.725
5.796
5.867
5.937
6.006001
6.074
6.141
6.207
6.272
6.377
6.479
6.581
6.681
6.78
6.809
6.837
6.865
6.871
6.876
6.882
6.887001
6.893
6.934
6.975
7.015
7.055
7.150001
7.243001
7.336
7.427001
7.516
7.564
7.611001
7.658
7.704
7.749001
7.794
7.838
7.882
7.925
7.967
8.009001
8.023001
8.048
8.073
8.098001
8.123
8.147
8.171
8.194
8.218
8.241
8.263
8.286
8.308001
8.33
8.351001
8.428
8.504001
8.578
8.652
8.725
8.797001
8.867001
8.937
9.006001
9.074
9.141001
9.208
9.273001
9.338
9.401
9.464001
9.526
9.588
9.648001
9.708
9.767
9.825001
9.882001
9.939
9.994
10.05
10.104
10.158001
10.155001
10.153001
10.151
10.148001
10.146001
10.144
10.142
10.14
10.138
10.136001
10.134001
10.132001
10.13
10.128
10.126
10.124001
10.178
10.231001
10.283001
10.334001
10.344001
10.355
10.364
10.374001
10.384001
10.394
10.403001
10.412001
10.422001
10.431001
10.440001
10.449
10.457001
10.505
10.553
10.6
10.646001
10.636001
10.626
10.617001
10.608001
10.599001
10.59
10.581
10.572001
10.564
10.555
10.547001
10.539001
10.531
10.523001
10.515
10.563001
10.610001
10.657001
10.702001
10.748
10.792001
10.837001
10.825001
10.813001
10.802
10.790001
10.779
10.768001
10.758
10.802
10.847
10.89
10.933001
10.976001
11.017
11.059001
11.1
11.14
11.18
11.219001
11.257001
11.296
11.333
11.371
11.407001
11.444
11.424001
11.405001
11.386001
11.367001
11.349001
11.330001
11.312
11.295
11.277
11.316001
11.476001
11.633
11.786
11.935
12.081
12.224001
12.363001
12.500001
12.633
12.763
12.891001
13.015
13.137001
13.256001
13.372001
13.486001
13.597001
13.706
13.812
13.916
14.017
14.116001
14.213
14.308001
14.400001
14.491001
14.579
14.666
14.750001
14.833001
14.914001
14.993001
15.070001
15.145
15.219001
15.291
15.361001
15.43
15.498001
15.563001
15.628001
15.690001
15.752001
15.812
15.871
15.928
15.984001
16.039001
16.003
15.967001
15.933001
15.899001
15.866001
15.834001
15.802001
15.771001
15.741001
15.712001
15.683001
15.655001
15.594001
15.534
15.514001
15.493001
15.473001
15.453001
15.434001
15.415001
15.396001
15.377001
15.359001
15.341001
15.323001
15.306001
15.289001
15.272
15.255001
15.239
15.223001
15.139001
15.056001
14.975
14.894001
14.814001
14.736001
14.659
14.582001
14.507001
14.433001
14.428
14.424001
14.420001
14.416
14.412001
14.408001
14.405001
14.401001
14.397
14.394001
14.39
14.387001
14.383
14.380001
14.377001
14.373001
14.370001
14.367001
14.364
14.361001
14.358001
14.355
14.352
14.349001
14.346001
14.343
14.341001
14.338
14.335001
14.333001
14.330001
14.328001
14.325001
14.323001
14.320001
14.318001
14.316001
14.313001
14.311001
14.309001
14.307001
14.305
14.302001
14.26
14.218
14.176001
14.135
14.095
14.055
14.015
13.977
13.938001
13.900001
13.863001
13.826
13.790001
13.754001
13.719001
13.684001
13.650001
13.655001
13.660001
13.665001
13.670001
13.675
13.68
13.685
13.690001
13.695001
13.700001
13.705001
13.710001
13.714001
13.719001
13.724001
13.728001
13.733001
13.738001
13.742001
13.747001
13.751
13.756001
13.76
13.764001
13.769001
13.773001
13.777
13.781001
13.786
13.790001
13.794001
13.798
13.801001
13.734
13.667001
13.598001
13.528001
13.455001
13.379001
13.3
13.217001
13.129001
13.036
12.938001
12.833
12.721001
12.602
12.475
12.34
12.195001
12.041
11.876
11.701
11.515
11.318001
11.109
10.887
10.652
10.405001
10.144
9.869
9.581
9.5
9.546
9.59
9.634001
9.553
9.473001
9.386001
9.290001
9.188001
9.077001
8.959001
8.832001
8.697001
8.553
8.400001
8.239
8.068001
7.888
7.698
7.499001
7.29
7.07
6.84
6.6
6.349
6.088
5.816
5.533
5.239
4.934
4.619
4.293
4.118
4.017
3.9
3.766
3.615
3.446
3.261
3.059
2.839
2.977
3.112
3.244
3.372
3.498
3.621
3.742
3.859
3.974
4.086
4.183
4.263
4.327
4.375
4.408
4.424
4.425
4.41
4.379
4.333
4.271
4.193
4.099
3.99
3.865
3.724
3.567
3.395
3.207
3.003
2.784
2.549
2.299
2.033
1.752
1.455
1.144
0.818
0.477
0.122
-0.247
-0.629
-1.025
-1.434
-1.855
-2.288
-2.733
-3.188
-3.163
-3.156
-3.164
-3.141
-3.135
-3.14
-3.161
-3.198
-3.25
-3.317
-3.4
-3.375
-3.35
-3.191
-3.035
-2.881
-2.728
-2.578
-2.43
-2.284
-2.14
-1.997
-1.857
-1.718
-1.581
-1.446
-1.313
-1.182
-1.052
-0.925
-0.798
-0.674
-0.551
-0.43
-0.463
-0.495
-0.526
-0.557
-0.587
-0.631
-0.689
-0.761
-0.961
-1.171
-1.393
-1.625
-1.867
-2.118
-2.378
-2.647
-2.924
-3.209
-3.501
-3.8
-4.106
-4.417
-4.733
-5.054
-5.379
-5.707
-6.039001
-6.372
-6.707
-7.043
-7.379
-7.714
-8.048
-8.379001
-8.707001
-9.031
-9.35
-9.663
-9.97
-10.269
-10.559001
-10.839001
-11.110001
-11.368001
-11.614
-11.786
-11.955001
-12.119
-12.096001
-12.074
-11.938001
-11.804001
-11.671
-11.540001
-11.411
-11.284
-11.158001
-11.034
-10.912001
-10.791
-10.672001
-10.555
-10.379001
-10.214001
-10.062
-10.198001
-10.417001
-10.636001
-10.855
-11.072001
-11.287001
-11.499001
-11.708
-11.912001
-12.112
-12.305
-12.492001
-12.672001
-12.844001
-13.007001
-13.160001
-13.303
-13.435
-13.554001
-13.661
-13.755001
-13.834001
-13.898001
-13.946001
-13.977
-13.991001
-13.987
-13.964001
-13.921
-13.858001
-13.774001
-13.876
-13.976001
-14.074
-14.170001
-14.263
-14.354001
-14.444
-14.531001
-14.616001
-14.700001
-14.781001
-14.861001
-14.939001
-15.015
-15.089001
-15.162001
-15.068001
-14.977
-14.888
-14.801001
-14.716001
-14.630001
-14.542001
-14.453001
-14.360001
-14.262001
-14.159
-14.055
-13.946001
-13.832001
-13.712001
-13.585001
-13.588
-13.592001
-13.595
-13.598001
-13.601001
-13.604001
-13.607
-13.610001
-13.613001
-13.616
-13.619
-13.622001
-13.624001
-13.573001
-13.525001
-13.478001
-13.432001
-13.386001
-13.340001
-13.296
-13.252001
-13.208
-13.165001
-13.123001
-13.081
-13.040001
-12.999001
-12.989
-12.998
-13.006001
-13.015
-13.024
-13.032001
-13.041
-13.049001
-13.058001
-13.066001
-13.074
-13.082001
-13.09
-13.098001
-13.106001
-13.114
-13.122001
-13.129001
-13.137001
-13.144001
-13.152
-13.159
-13.167001
-13.174001
-13.181001
-13.188001
-13.195001
-13.202001
-13.124001
-13.046
-12.97
-12.894001
-12.820001
-12.746
-12.674001
-12.602
-12.532001
-12.462001
-12.393001
-12.326
-12.347
-12.368001
-12.389001
-12.409
-12.429001
-12.449
-12.468
-12.487
-12.506001
-12.471001
-12.436001
-12.401001
-12.367001
-12.334001
-12.301001
-12.268001
-12.236001
-12.204
-12.226001
-12.248
-12.27
-12.292001
-12.313001
-12.334001
-12.355
-12.375001
-12.395
-12.415001
-12.434001
-12.453001
-12.472
-12.491
-12.509001
-12.528001
-12.545001
-12.563001
-12.580001
-12.598001
-12.615001
-12.631001
-12.648001
-12.664001
-12.68
-12.696001
-12.711
-12.726001
-12.741
-12.702001
-12.664001
-12.626
-12.588
-12.551001
-12.515
-12.478001
-12.443001
-12.356001
-12.289001
-12.223001
-12.154
-12.081
-12.005
-11.925
-11.841001
-11.752001
-11.658001
-11.559001
-11.454
-11.342001
-11.224001
-11.099001
-10.966001
-10.825001
-10.672001
-10.507001
-10.328
-10.137
-9.931001
-9.711
-9.477
-9.227
-8.961
-8.68
-8.383
-8.069
-7.739
-7.391
-7.027
-6.646
-6.249
-6.118001
-5.971
-5.808
-5.63
-5.8
-5.967
-6.129
-6.288
-6.444
-6.596
-6.744
-6.889
-7.031
-7.170001
-7.305
-7.438
-7.567
-7.694
-7.805
-7.901
-7.981
-8.047
-8.098001
-8.134001
-8.155001
-8.162001
-8.154
-8.132
-8.095
-8.044001
-7.977
-7.896
-7.801001
-7.690001
-7.564
-7.423
-7.267
-7.096
-6.909
-6.707
-6.489
-6.256001
-6.006001
-5.741
-5.421
-5.089
-4.745
-4.389
-4.022
-3.643
-3.253
-2.852
-2.44
-2.018
-1.586
-1.144
-1.172
-1.2
-1.228
-1.254
-1.28
-1.306
-1.331
-1.356
-1.38
-1.403
-1.411
-1.403
-1.379
-1.341
-1.287
-1.22
-1.137
-1.041
-1.061
-1.081
-1.218
-1.354
-1.487
-1.619
-1.749
-1.878
-2.005
-2.13
-2.253
-2.375
-2.495
-2.613
-2.73
-2.845
-2.959
-3.072
-3.182
-3.292
-3.266
-3.24
-3.215
-3.191
-3.167
-3.143
-3.12
-2.964
-2.81
-2.659
-2.509
-2.361
-2.215
-2.071
-1.929
-1.789
-1.651
-1.515
-1.38
-1.247
-1.116
-0.987
-0.86
-0.734
-0.61
-0.487
-0.367
-0.247
-0.13
-0.014
0.101
0.193
0.284
0.373
0.462
0.549
0.635
0.72
0.675
0.623
0.572
0.523
0.474
0.426
0.379
0.333
0.288
0.244
0.201
0.158
0.004
-0.147
-0.297
-0.445
-0.591
-0.735
-0.877
-1.017
-1.155
-1.291
-1.426
-1.559
-1.565
-1.572
-1.579
-1.585
-1.592
-1.598
-1.604
-1.611
-1.617
-1.622
-1.628
-1.634
-1.64
-1.645
-1.651
-1.656
-1.661
-1.666
-1.671
-1.676
-1.681
-1.686
-1.691
-1.696
-1.7
-1.705
-1.709
-1.714
-1.718
-1.722
-1.726
-1.73
-1.734
-1.738
-1.742
-1.746
-1.75
-1.753
-1.757
-1.761
-1.764
-1.768
-1.771
-1.774
-1.778
-1.781
-1.784
-1.787
-1.79
-1.793
-1.796
-1.812
-1.841
-1.882
-1.936
-2.002
-2.08
-2.17
-2.272
-2.386
-2.511
-2.647
-2.795
-2.953
-3.122
-3.301
-3.49
-3.688
-3.897
-4.114
-4.341
-4.575
-4.818
-5.069
-5.327
-5.592
-5.863
-6.141
-6.423
-6.711
-7.002
-7.298
-7.596
-7.897
-8.199
-8.503
-8.806001
-9.110001
-9.411
-9.711
-10.008
-10.3
-10.588
-10.870001
-11.146001
-11.414001
-11.673
-11.923
-12.162001
-12.39
-12.605
-12.807
-12.994
-13.166
-13.321001
-13.458
-13.577001
-13.677001
-13.756001
-13.815001
-13.851001
-13.864
-13.869
-13.874001
-13.879001
-13.884001
-13.889001
-13.894001
-13.899001
-13.903001
-13.908001
-13.912001
-13.917001
-13.921
-13.926001
-13.93
-13.934001
-13.939001
-13.943001
-13.947001
-13.951
-13.955001
-13.959001
-13.963
-13.966001
-13.97
-13.974001
-13.978001
-13.981001
-13.985001
-13.988001
-13.992001
-13.995001
-13.999001
-14.002001
-14.005001
-14.009001
-13.956
-13.904
-13.853001
-13.803
-13.753
-13.704
-13.656001
-13.608001
-13.561001
-13.515
-13.469001
-13.479001
-13.490001
-13.500001
-13.51
-13.52
-13.529
-13.539001
-13.548
-13.558001
-13.567
-13.576
-13.585001
-13.594001
-13.603001
-13.611001
-13.620001
-13.628
-13.637001
-13.645
-13.653001
-13.661
-13.669001
-13.676001
-13.684001
-13.692
-13.699
-13.706
-13.714001
-13.721001
-13.728001
-13.735001
-13.742001
-13.748001
-13.755001
-13.762001
-13.768001
-13.775001
-13.781001
-13.787001
-13.793
-13.799001
-13.806001
-13.811001
-13.817
-13.823001
-13.829
-13.834001
-13.840001
-13.845
-13.851001
-13.856001
-13.861001
-13.867001
-13.872001
-13.877001
-13.882001
-13.887001
-13.891001
-13.896001
-13.901001
-13.906001
-13.910001
-13.915001
-13.919001
-13.924001
-13.928
-13.932001
-13.936001
-13.941001
-13.945001
-13.949
-13.953001
-13.957001
-13.961
-13.965001
-13.968
-13.972001
-13.976001
-13.98
-13.983001
-13.987
-13.990001
-13.994
-13.997001
-14.000001
-14.004001
-14.007001
-14.01
-14.013
-14.017
-14.02
-14.023001
-14.026001
-14.029
-14.032001
-14.035001
-14.038001
-14.040001
-14.043
-14.046
-14.049001
-14.051001
-14.054001
-14.057001
-14.059001
-14.062
-14.064001
-14.067
-14.069
-14.072001
-14.074
-14.076
-14.079
-14.081
-14.083001
-14.085001
-14.088
-14.188001
-14.285001
-14.381001
-14.474001
-14.566001
-14.655001
-14.742001
-14.827001
-14.911
-14.992001
-15.072001
-15.149001
-15.225
-15.300001
-15.372001
-15.443001
-15.513
-15.581
-15.647
-15.712001
-15.775001
-15.837001
-15.898001
-15.957001
-16.015001
-16.072001
-16.127001
-16.061001
-15.997001
-15.934001
-15.872001
-15.811001
-15.749001
-15.685
-15.619
-15.550001
-15.477001
-15.399001
-15.316001
-15.226001
-15.129001
-15.025001
-14.912001
-14.789001
-14.657001
-14.514001
-14.360001
-14.193001
-14.014001
-13.822001
-13.616
-13.395
-13.160001
-13.088
-13.017
-12.949
-12.881001
-12.815001
-12.751
-12.871
-12.989
-13.011001
-13.032001
-13.053
-13.073001
-13.093
-13.112
-13.131001
-13.150001
-13.168
-13.185
-13.203001
-13.22
-13.236001
-13.253
-13.268001
-13.284
-13.299001
-13.314001
-13.328001
-13.253
-13.171
-13.082001
-12.987
-12.885
-12.776001
-12.660001
-12.536
-12.404
-12.264001
-12.116
-11.959001
-11.794001
-11.619
-11.434001
-11.240001
-11.036
-10.821
-10.596001
-10.359
-10.112
-9.853001
-9.582001
-9.3
-9.005
-8.942
-8.879001
-8.959001
-9.049001
-9.147
-9.254001
-9.369
-9.486
-9.608001
-9.736
-9.869
-10.005
-10.144
-10.285001
-10.427
-10.570001
-10.712001
-10.854
-10.993001
-11.13
-11.263
-11.392
-11.515
-11.722
-11.914001
-12.089001
-12.247001
-12.387001
-12.508
-12.609
-12.690001
-12.749001
-12.786
-12.8
-12.790001
-12.756001
-12.697001
-12.612
-12.502001
-12.365001
-12.201
-12.169001
-12.137001
-12.106001
-12.245001
-12.381001
-12.514001
-12.572001
-12.628
-12.683001
-12.737
-12.790001
-12.841001
-12.891001
-12.941001
-12.989
-13.038001
-13.087001
-13.135
-13.181001
-13.225
-13.266001
-13.302001
-13.334001
-13.359
-13.379001
-13.39
-13.394001
-13.389001
-13.374001
-13.349001
-13.313001
-13.266001
-13.325001
-13.378
-13.424001
-13.464001
-13.496
-13.609
-13.719001
-13.826
-13.931001
-13.93
-13.929001
-13.885
-13.842001
-13.8
-13.758
-13.717001
-13.676001
-13.636001
-13.597001
-13.558001
-13.521001
-13.486001
-13.452001
-13.419001
-13.387001
-13.353001
-13.370001
-13.387001
-13.403001
-13.419001
-13.433001
-13.446001
-13.457001
-13.465001
-13.475
-13.486001
-13.496
-13.450001
-13.405001
-13.360001
-13.316001
-13.273001
-13.23
-13.188001
-13.146001
-13.105
-13.065001
-13.025001
-12.957001
-12.89
-12.823001
-12.782001
-12.741
-12.700001
-12.660001
-12.621
-12.582001
-12.544001
-12.506001
-12.468
-12.432
-12.395
-12.359
-12.324
-12.289001
-12.254001
-12.22
-12.187
-12.154
-12.121
-12.089001
-12.057
-12.026001
-11.995001
-11.964001
-11.934001
-11.904
-11.875001
-11.846001
-11.817
-11.789001
-11.761001
-11.734
-11.707001
-11.68
-11.654
-11.628
-11.664001
-11.699
-11.734
-11.768001
-11.802001
-11.835001
-11.868001
-11.901001
-11.933001
-11.913
-11.893001
-11.874001
-11.854
-11.836
-11.817
-11.799001
-11.780001
-11.762
-11.745001
-11.727
-11.710001
-11.693001
-11.676001
-11.660001
-11.644001
-11.627001
-11.612
-11.596001
-11.581
-11.616
-11.651001
-11.686001
-11.72
-11.753
-11.787001
-11.819
-11.852
-11.884001
-11.859
-11.836
-11.812
-11.789001
-11.766001
-11.743001
-11.721001
-11.699
-11.677001
-11.656
-11.635
-11.614
-11.593
-11.573001
-11.609
-11.644001
-11.679001
-11.713
-11.746
-11.780001
-11.813001
-11.845
-11.877001
-11.908001
-11.940001
-11.97
-12.118001
-12.262001
-12.403001
-12.540001
-12.675
-12.807
-12.935
-13.061001
-13.183001
-13.302001
-13.418
-13.530001
-13.639001
-13.744
-13.704
-13.660001
-13.610001
-13.553
-13.488001
-13.415001
-13.332001
-13.240001
-13.137001
-13.022
-12.895
-12.755001
-12.602
-12.434001
-12.252001
-12.054001
-11.841001
-11.611001
-11.364
-11.101001
-10.819
-10.52
-10.202001
-9.866
-9.511001
-9.138
-8.745001
-8.334001
-7.904
-7.455
-7.366
-7.278
-7.192
-7.109
-7.027
-6.947001
-6.868001
-7.059
-7.245
-7.427001
-7.605
-7.792
-7.988
-8.192
-8.404
-8.624001
-8.852
-8.998
-9.153001
-9.316
-9.485001
-9.661
-9.843
-10.031
-10.223001
-10.42
-10.619
-10.822001
-11.027
-11.234
-11.441001
-11.648001
-11.855
-12.061001
-12.264001
-12.465
-12.662001
-12.854001
-13.041
-13.222001
-13.396001
-13.562
-13.719001
-13.867001
-14.005001
-14.131001
-14.246
-14.347001
-14.434001
-14.507001
-14.564001
-14.605
-14.629001
-14.635
-14.622001
-14.590001
-14.538001
-14.465001
-14.371
-14.255001
-14.117001
-13.955001
-13.77
-13.561001
-13.328001
-13.071001
-13.045001
-13.019001
-12.994
-12.97
-12.945001
-12.960001
-12.974001
-12.988001
-13.001
-13.015
-13.028001
-13.041
-13.054001
-13.067
-13.080001
-13.092001
-13.104001
-13.117001
-13.129001
-13.14
-13.152
-13.164001
-13.175
-13.137001
-13.095
-12.941001
-12.782001
-12.620001
-12.453001
-12.281
-12.103001
-11.920001
-11.731001
-11.535001
-11.332001
-11.121
-10.902
-10.675
-10.440001
-10.195001
-9.941001
-9.589001
-9.225
-8.849
-8.46
-8.059
-7.644001
-7.215
-6.773
-6.318
-5.849
-5.367
-4.871
-4.363
-3.842
-3.309
-3.113
-2.921
-2.734
-3.072
-3.402
-3.724
-4.04
-4.348
-4.65
-4.944
-5.232
-5.514
-5.789001
-6.058
-6.32
-6.577
-6.828001
-7.074
-7.314
-7.548
-7.778
-8.002001
-8.221001
-8.435
-8.644
-8.849
-9.049001
-9.235001
-9.203
-9.162001
-9.110001
-9.048
-8.975
-8.891001
-8.794001
-8.686001
-8.566
-8.433001
-8.288
-8.129001
-7.957
-7.771
-7.571001
-7.357
-7.128
-6.885
-6.606
-6.315001
-6.014
-5.7
-5.375
-5.039
-4.692
-4.333
-3.963
-3.583
-3.544
-3.505
-3.468
-3.431
-3.395
-3.36
-3.325
-3.291
-3.258
-3.225
-3.193
-3.148
-3.089
-3.017
-2.932
-2.835
-2.724
-2.601
-2.466
-2.319
-2.159
-1.987
-1.803
-1.608
-1.4
-1.182
-0.952
-0.711
-0.459
-0.196
0.077
0.36
0.654
0.957
1.261
1.573
1.89
1.897
1.904
1.91
1.916
1.922
1.928
1.933
1.939
1.944
1.832
1.721
1.611
1.503
1.397
1.292
1.188
1.086
0.985
0.886
0.787
0.69
0.595
0.5
0.407
0.316
0.225
0.136
0.047
0.089
0.129
0.169
0.207
0.245
0.282
0.319
0.354
0.389
0.423
0.457
0.579
0.701
0.82
0.938
1.083
1.227
1.368
1.508
1.645
1.781
1.915
2.047
2.178
2.318
2.467
2.626
2.793
2.846
2.91
2.984
3.07
3.165
3.271
3.387
3.513
3.649
3.795
3.95
4.114
4.117
4.12
4.122
4.125
4.128
4.13
4.133
4.136
4.138
4.141
4.144
4.146
4.149
4.152
4.166
4.192
4.229
4.277
4.336
4.406
4.487
4.578
4.68
4.792
4.915
5.046
5.188
5.338
5.498
5.666
5.843
6.028
6.22
6.42
6.626
6.84
7.059
7.065001
7.072001
7.078001
7.085001
7.091001
7.097
7.074
7.051
7.028
7.005
6.983
6.961
6.939
6.918
6.897
6.876
6.856
6.835001
6.816
6.796
6.777
6.757
6.739
6.72
6.712
6.714
6.726
6.748
6.809
6.88
6.960001
7.049
7.147
-2.461
3.897
-1.393
2.107
-0.649
1.129
-0.237
0.648
-0.04
0.405
0.065
0.283
0.121
0.276
0.124
0.201
0.124
0.161
0.121
0.138
0.117
0.124
0.308
-0.018
0.203
0.386
0.567
0.746
0.922
1.096
1.267
1.436
1.603
1.768
1.898
2.027
2.155
2.28
2.405
2.527
2.648
2.768
2.886
3.002
3.117
3.231
3.343
3.407
3.471
3.533
3.595
3.656
3.717
3.776
3.835
3.893
3.951
4.008
4.064
4.119
4.174
4.228
4.281
4.334
4.386
4.437
4.488
4.538
4.587
4.636
4.685
4.732
4.779
4.867
4.954
5.04
5.125
5.208
5.327
5.446
5.565
5.683
5.801
5.919
6.035
6.15
6.264
6.376
6.485
6.568
6.653
6.738
6.81
6.881001
6.951
7.02
6.983
6.946
6.91
6.874001
6.839
6.804
6.77
6.736001
6.703001
6.670001
6.637
6.605
6.574
6.543
6.624001
6.704
6.783
6.861001
6.938
7.014
7.088
7.162
7.239
7.318
7.401
7.486001
7.585001
7.685
7.786
7.886
7.987
8.086
8.185
8.281
8.376
8.467
8.556001
8.641001
8.721001
8.777
8.832001
8.886001
8.907001
8.929001
8.932
8.935
8.937
8.940001
8.943001
8.946
8.949
8.952001
8.956
8.959001
8.962001
8.965
8.968
8.972
8.975
8.978001
8.982
8.985001
8.989
8.992001
8.995001
8.999001
9.002001
9.006001
9.062
9.117001
9.172001
9.225
9.279
9.327001
9.374001
9.421
9.467
9.513
9.558001
9.602
9.646001
9.689
9.732
9.774
9.816001
9.858001
9.900001
9.942
9.982
10.021001
10.058001
10.093
10.126
10.156
10.182
10.204
10.222
10.236
10.244
10.247001
10.243
10.233001
10.215
10.190001
10.157001
10.116
10.065001
10.005
9.98
9.952001
9.919001
9.802
9.685
9.669001
9.654
9.638
9.623
9.608001
9.593
9.578
9.563001
9.549001
9.535001
9.521001
9.507001
9.494
9.48
9.467
9.454
9.441
9.429001
9.416
9.404
9.392
9.38
9.368
9.356001
9.421
9.486
9.549001
9.612
9.674001
9.735001
9.795
9.854
9.913
9.971001
10.028001
10.084001
10.14
10.194
10.248
10.302
10.354
10.406
10.458
10.453
10.447001
10.443001
10.438001
10.433001
10.428
10.423
10.419001
10.414001
10.410001
10.405001
10.401
10.396001
10.392
10.388
10.384001
10.38
10.431001
10.482
10.532001
10.582001
10.631001
10.679001
10.726001
10.773001
10.820001
10.865001
10.910001
10.955001
10.999001
11.042001
11.085001
11.127001
11.168
11.209001
11.250001
11.290001
11.329
11.368001
11.407001
11.444
11.482
11.519001
11.555
11.591001
11.626
11.661
11.695001
11.729
11.763
11.796
11.829
11.861001
11.893001
11.924001
11.955001
11.985001
12.016001
12.045001
12.075001
12.104001
12.132001
12.160001
12.188001
12.215
12.242001
12.269001
12.295001
12.321001
12.347
12.372001
12.397
12.422001
12.446001
12.47
12.494
12.517
12.540001
12.563001
12.585001
12.607
12.629001
12.651001
12.672001
12.693001
12.714001
12.734
12.754001
12.774
12.794001
12.813001
12.776001
12.740001
12.705001
12.670001
12.635
12.601001
12.567
12.534
12.501
12.468
12.437
12.405001
12.374001
12.343
12.313001
12.283001
12.253
12.224001
12.196001
12.167001
12.139001
12.112
12.085001
12.058001
12.031
12.005
11.979001
11.954
11.929001
11.904
11.88
11.855
11.832001
11.808001
11.785001
11.762
11.740001
11.717001
11.695001
11.674001
11.652
11.631001
11.610001
11.59
11.570001
11.55
11.530001
11.566001
11.602
11.637
11.672001
11.706
11.740001
11.773001
11.806001
11.839001
11.871
11.902
11.934001
11.964001
11.995001
12.025001
12.054001
12.083
12.112
12.141001
12.169001
12.196001
12.224001
12.250001
12.277
12.303
12.329
12.355
12.38
12.405001
12.429001
12.453001
12.477
12.501
12.524
12.547001
12.569
12.592001
12.614
12.635
12.657001
12.678
12.699
12.719001
12.740001
12.76
12.779
12.799001
12.818001
12.837001
12.856001
12.874001
12.893001
12.911
12.928
12.946001
12.963
12.98
12.997001
13.014001
13.030001
13.046
13.062
13.078001
13.093
13.109
13.124001
13.139001
13.153001
13.168
13.182
13.196001
13.210001
13.224001
13.238001
13.251
13.264001
13.277
13.290001
13.303
13.315001
13.328001
13.340001
13.352
13.364
13.376
13.387001
13.398001
13.410001
13.421
13.432001
13.443001
13.453001
13.464001
13.474001
13.484
13.494
13.504001
13.514001
13.524
13.534
13.543
13.552001
13.562
13.571001
13.580001
13.588
13.597001
13.606001
13.614
13.623001
13.631001
13.639001
13.647
13.655001
13.663001
13.670001
13.678
13.686001
13.693001
13.700001
13.708
13.715001
13.722001
13.729001
13.736001
13.742001
13.749001
13.755001
13.762001
13.768001
13.775001
13.781001
13.787001
13.793
13.799001
13.805
13.811001
13.817
13.822001
13.828001
13.833
13.839001
13.844001
13.85
13.855
13.860001
13.865001
13.870001
13.875001
9.773001
9.832001
9.891001
9.949
10.006001
10.063001
10.119
10.174001
10.172001
10.171
10.169001
10.168
10.167001
10.166
10.164001
10.163
10.162001
10.161
10.159
10.158001
10.157001
10.156
10.155001
10.154
10.153001
10.151
10.150001
10.149
10.148001
10.203
10.257001
10.31
10.362
10.414001
10.465
10.515
10.565001
10.614
10.662001
10.71
10.757001
10.804001
10.85
10.895
10.939
10.983001
11.027
11.070001
11.112
11.154
11.195001
11.236
11.276001
11.315001
11.354
11.393001
11.431001
11.468
11.505
11.542001
11.578001
11.613001
11.648001
11.683001
11.717001
11.751
11.784
11.817
11.849001
11.881001
11.912001
11.943001
11.974001
12.004001
12.034
12.064
12.093
12.121
12.150001
12.177001
12.205001
12.232
12.259001
12.285001
12.311001
12.451
12.588
12.721001
12.852
12.98
13.104001
13.226001
13.345
13.462001
13.576
13.687
13.796
13.902
14.006001
14.108001
14.207001
14.304001
14.399001
14.492001
14.582001
14.671
14.758
14.842001
14.925001
15.006001
15.085001
15.162001
15.238001
15.312
15.384001
15.454
15.523001
15.591001
15.657001
15.721001
15.784
15.845001
15.906001
15.964001
16.022001
16.078001
16.133001
16.187
16.239
16.290001
16.34
16.389
16.437
16.484001
16.530001
16.575001
16.618
16.661001
16.703001
16.744001
16.784
16.823
16.861
16.898001
16.822001
16.747002
16.663
16.579
16.497002
16.415001
16.335001
16.256001
16.178001
16.101
16.025002
15.950001
15.927001
15.904
15.881001
15.859001
15.837001
15.816001
15.794001
15.773001
15.753001
15.732
15.712001
15.692
15.672001
15.653001
15.634001
15.615001
15.596001
15.578001
15.56
15.542001
15.525001
15.507001
15.490001
15.473001
15.457001
15.440001
15.424001
15.408001
15.392001
15.377001
15.361001
15.346001
15.331
15.315001
15.300001
15.283001
15.267001
15.250001
15.232
15.213
15.139001
15.066001
14.995001
14.925001
14.857
14.789001
14.723001
14.658001
14.594001
14.530001
14.466001
14.402
14.338
14.273001
14.241001
14.208001
14.177001
14.145
14.141001
14.137001
14.133
14.129001
14.125001
14.122001
14.118001
14.115001
14.111001
14.108001
14.105
14.047001
13.990001
13.934001
13.878
13.824
13.77
13.717001
13.664001
13.613001
13.562
13.511001
13.462001
13.413001
13.365001
13.317
13.27
13.224001
13.178
13.134001
13.089001
13.045001
13.002001
12.960001
12.918
12.876
12.836
12.795001
12.756001
12.717001
12.678
12.64
12.603001
12.620001
12.556001
12.490001
12.423
12.353001
12.280001
12.205001
12.125001
12.041
11.953001
11.859
11.76
11.655001
11.543
11.423
11.297001
11.162001
11.019
10.866
10.704
10.533001
10.351001
10.158001
9.954
9.739
9.63
9.513
9.385
9.248
9.1
9.147
9.192
9.237
9.281
9.324
9.366
9.408
9.449
9.489
9.529
9.568001
9.607
9.644
9.682
9.718
9.754001
9.790001
9.824
9.859
9.892
9.925
9.911
9.897
9.916
9.936001
9.955001
9.974001
9.992001
10.01
10.029
10.046
10.064
10.081
10.098001
10.115001
10.132001
10.182
10.232
10.254001
10.276
10.297001
10.318001
10.339001
10.360001
10.374001
10.382001
10.384001
10.379001
10.368
10.35
10.326
10.294001
10.256001
10.21
10.157001
10.097
10.028001
9.951
9.866
9.772
9.67
9.558001
9.436001
9.305
9.164001
9.013
8.851001
8.678
8.494
8.504001
8.514
8.523001
8.533
8.543
8.552
8.562
8.571
8.580001
8.589001
8.629001
8.669001
8.708
8.747001
8.785001
8.823
8.860001
8.896001
8.932
8.896001
8.860001
8.824
8.826
8.827001
8.829
8.831
8.833
8.835
8.837001
8.839001
8.841001
8.835
8.820001
8.662001
8.497001
8.325001
8.145
7.957
7.761
7.557
7.435
7.314
7.195
7.221
7.245
7.27
7.294
7.317
7.341001
7.363
7.351
7.339
7.327
7.316
7.304
7.293
7.281
7.27
7.259
7.247
7.236001
7.226
7.215
7.204
7.193
7.183001
7.173
7.162
7.152
7.142
7.167
7.191
7.215
7.239
7.262001
7.285
7.298
7.302001
7.296
7.28
7.255
7.22
7.175
7.121
7.056
6.982
6.898
6.804
6.7
6.586
6.461
6.326
6.18
6.023
5.856
5.677
5.488
5.288
5.076
4.854
4.62
4.374
4.385
4.395
4.405
4.415
4.425
4.435
4.444
4.453
4.463
4.472
4.481
4.49
4.498
4.507
4.515
4.523
4.532
4.54
4.548
4.555
4.563
4.571
4.578
4.585
4.593
4.6
4.607
4.614
4.62
4.627
4.634
4.64
4.647
4.653
4.659
4.665
4.671
4.677
4.683
4.689
4.694
4.7
4.706
4.711
4.716
4.722
4.727
4.732
4.737
4.742
4.747
4.739
4.719
4.687
4.643
4.587
4.52
4.44
4.348
4.245
4.13
4.004
3.866
3.716
3.555
3.382
3.198
3.002
2.795
2.577
2.348
2.107
1.856
1.594
1.321
1.037
0.743
0.439
0.125
-0.198
-0.531
-0.873
-1.223
-1.582
-1.948
-2.322
-2.703
-3.09
-3.483
-3.88
-4.283
-4.689
-5.098
-5.51
-5.923
-6.336
-6.75
-7.162
-7.572001
-7.98
-8.383
-8.781
-9.172001
-9.557
-9.933001
-10.3
-10.655001
-10.999001
-11.330001
-11.647
-11.949
-12.233001
-12.500001
-12.749001
-12.977
-13.183001
-13.368001
-13.529
-13.666
-13.777
-13.862
-13.919001
-13.949
-13.949
-13.953001
-13.957001
-13.961
-13.965001
-13.969001
-13.972001
-13.920001
-13.869
-13.818001
-13.768001
-13.719001
-13.671
-13.623001
-13.575001
-13.529
-13.483001
-13.437
-13.392
-13.348001
-13.304001
-13.261001
-13.219001
-13.177001
-13.135
-13.095
-13.054001
-13.015
-12.975
-12.937
-12.898001
-12.861001
-12.824
-12.787001
-12.751
-12.715
-12.68
-12.645
-12.611001
-12.577001
-12.544001
-12.511001
-12.478001
-12.446001
-12.414001
-12.383
-12.352
-12.322001
-12.292001
-12.318001
-12.344001
-12.369
-12.394001
-12.419001
-12.443001
-12.467001
-12.491
-12.514001
-12.537001
-12.56
-12.583
-12.605
-12.627001
-12.648001
-12.669001
-12.690001
-12.711
-12.732
-12.752001
-12.772
-12.791
-12.811001
-12.830001
-12.849001
-12.867001
-12.886001
-12.904
-12.922001
-12.939001
-12.957001
-12.974001
-12.991
-13.008
-13.024
-13.040001
-13.057
-13.072001
-13.088
-13.103001
-13.119
-13.134001
-13.149
-13.163001
-13.178
-13.192
-13.206
-13.22
-13.233001
-13.247001
-13.26
-13.273001
-13.286
-13.299001
-13.312
-13.324
-13.336
-13.348001
-13.360001
-13.372001
-13.384001
-13.395
-13.407001
-13.418
-13.429001
-13.440001
-13.451
-13.461
-13.472001
-13.482
-13.492001
-13.502001
-13.512001
-13.522
-13.531001
-13.541
-13.55
-13.56
-13.569
-13.578001
-13.587001
-13.595
-13.604001
-13.613001
-13.621
-13.629001
-13.638
-13.646001
-13.654
-13.662001
-13.669001
-13.677001
-13.685
-13.692
-13.699
-13.707001
-13.714001
-13.721001
-13.672001
-13.624001
-13.577001
-13.530001
-13.484
-13.439001
-13.394001
-13.35
-13.306001
-13.263
-13.22
-13.178
-13.137001
-13.096001
-13.056001
-13.016001
-12.977
-12.938001
-12.900001
-12.862
-12.825001
-12.788001
-12.752001
-12.716001
-12.681001
-12.646001
-12.612
-12.578001
-12.545001
-12.512001
-12.647
-12.779
-12.909
-13.035001
-13.159
-13.279
-13.398001
-13.513
-13.626
-13.736001
-13.844001
-13.949
-14.052001
-14.153001
-14.251
-14.347001
-14.441001
-14.533001
-14.623001
-14.711
-14.796
-14.880001
-14.962001
-15.042001
-15.121
-15.197001
-15.272
-15.345
-15.417001
-15.487
-15.555
-15.622001
-15.687
-15.751
-15.813001
-15.874001
-15.934001
-15.992001
-16.049002
-16.105001
-16.159
-16.212
-16.264
-16.315001
-16.365002
-16.413
-16.461
-16.507
-16.552
-16.597
-16.640001
-16.682001
-16.724001
-16.764
-16.804001
-16.842001
-16.880001
-16.917002
-16.953001
-16.988001
-17.023001
-16.986
-16.949001
-16.913
-16.878
-16.842001
-16.808001
-16.774
-16.740002
-16.707001
-16.674002
-16.641001
-16.610001
-16.578001
-16.547001
-16.516001
-16.486
-16.456001
-16.427
-16.397001
-16.369001
-16.34
-16.313002
-16.285
-16.258001
-16.231001
-16.204
-16.179001
-16.154001
-16.129002
-16.106001
-16.082001
-16.058001
-16.035
-16.011002
-15.986001
-15.960001
-15.932001
-15.903001
-15.871
-15.837001
-15.799001
-15.757001
-15.712001
-15.661001
-15.606001
-15.544001
-15.477001
-15.402
-15.320001
-15.23
-15.131001
-15.023001
-14.905001
-14.777
-14.638
-14.488001
-14.326
-14.151001
-13.963
-13.762001
-13.547001
-13.317
-13.073001
-13.059001
-13.046
-13.033001
-13.02
-13.007001
-12.995001
-12.982
-12.97
-12.958
-12.946001
-12.926001
-12.899
-12.864
-12.821001
-12.771001
-12.713
-12.647
-12.573001
-12.491
-12.401001
-12.303
-12.196001
-12.081
-11.956
-11.822001
-11.679001
-11.527
-11.364
-11.191001
-11.007001
-10.813001
-10.608001
-10.392
-10.164001
-9.924001
-9.673
-9.409
-9.133
-8.845
-8.544001
-8.087001
-7.618001
-7.137001
-6.645
-6.14
-5.625
-5.099
-4.562
-4.016
-3.461
-2.897
-2.325
-1.746
-1.161
-0.571
0.024
0.622
1.222
1.824
2.425
3.025
2.976
2.926
2.876
2.828
2.78
2.734
2.688
2.643
2.599
2.556
2.514
2.473
2.432
2.393
2.354
2.315
2.278
2.143
2.009
1.877
1.747
1.618
1.491
1.366
1.243
1.121
1.001
0.882
0.765
0.65
0.536
0.534
0.532
0.53
0.528
0.526
0.524
0.522
0.52
0.519
0.517
0.515
0.513
0.512
0.51
0.508
0.507
0.505
0.504
0.502
0.501
0.499
0.498
0.496
0.495
0.493
0.492
0.491
0.489
0.488
0.487
0.486
0.484
0.483
0.482
0.481
0.48
0.478
0.477
0.476
0.475
0.474
0.473
0.472
0.471
0.47
0.469
0.468
0.467
0.466
0.465
0.464
0.463
0.465
0.466
0.467
0.469
0.47
0.471
0.472
0.474
0.475
0.476
0.477
0.478
0.48
0.481
0.482
0.483
0.484
0.485
0.486
0.487
0.488
0.489
0.491
0.492
0.493
0.494
0.495
0.495
0.496
0.497
0.498
0.499
0.5
0.501
0.502
0.503
0.504
0.505
0.505
0.37
0.236
0.104
-0.026
-0.155
-0.281
-0.407
-0.68
-0.948
-1.21
-1.466
-1.716
-1.96
-2.199
-2.433
-2.661
-2.884
-3.102
-3.315
-3.224
-3.134
-3.047
-2.962
-2.878
-2.796
-2.717
-2.639
-2.562
-2.488
-2.415
-2.344
-2.274
-2.206
-2.14
-2.075
-2.011
-1.949
-1.889
-1.829
-1.776
-1.724
-1.674
-1.624
-1.576
-1.528
-1.482
-1.437
-1.392
-1.349
-1.307
-1.266
-1.225
-1.186
-1.147
-1.11
-1.073
-1.28
-1.482
-1.68
-1.873
-2.062
-2.247
-2.427
-2.604
-2.776
-2.945
-3.109
-3.27
-3.332
-3.393
-3.453
-3.512
-3.433
-3.355
-3.279
-3.203
-3.127
-3.054
-2.982
-2.911
-2.842
-2.774
-2.707
-2.642
-2.578
-2.515
-2.454
-2.393
-2.334
-2.277
-2.22
-2.164
-2.11
-2.056
-2.004
-1.953
-1.903
-1.853
-1.805
-1.758
-1.712
-1.666
-1.622
-1.578
-1.535
-1.493
-1.334
-1.202
-1.072
-0.944
-0.817
-0.692
-0.569
-0.447
-0.327
-0.209
-0.092
0.023
0.137
0.249
0.36
0.469
0.577
0.683
0.788
0.891
0.994
1.094
1.194
1.292
1.414
1.397
1.38
1.365
1.351
1.338
1.324
1.311
1.298
1.286
1.274
1.262
1.25
1.239
1.228
1.217
1.206
1.196
1.185
1.175
1.166
1.156
1.147
1.138
1.129
1.12
1.112
1.104
1.095
1.088
1.08
1.072
1.065
1.058
1.051
1.044
1.037
1.03
1.024
1.018
1.011
1.005
0.999
0.994
0.983
0.973
0.963
0.953
0.943
0.934
0.925
0.916
0.907
0.898
0.89
0.882
0.874
0.871
0.868
0.865
0.862
0.86
0.857
0.855
0.849
0.844
0.839
0.834
0.829
0.825
0.82
0.815
0.811
0.806
0.802
0.798
0.794
0.79
0.785
0.782
0.778
0.774
0.77
0.767
0.763
0.759
0.756
0.753
0.749
0.746
0.743
0.74
0.737
0.516
0.516
0.516
0.516
0.516
0.517
0.517
0.517
0.517
0.518
0.518
0.518
0.518
