0.0
0.189
0.377
0.562
0.744
0.925
1.102
1.277
1.45
1.621
1.789
1.956
2.12
2.281
2.441
2.598
2.754
2.907
3.058
3.207
3.355
3.5
3.643
3.785
3.924
4.062
4.198
4.332
4.464
4.594
4.723
4.85
4.975
5.099
5.221
5.341
5.46
5.577
5.693
5.807
5.92
6.031
6.14
6.248
6.355
6.460001
6.564
6.667
6.768
6.868001
6.966001
7.063
7.159
7.254
7.347
7.439
7.53
7.619
7.708
7.795001
7.881001
7.966001
8.05
8.132
8.214001
8.294001
8.374001
8.452001
8.529
8.606
8.681001
8.755
8.828
8.901
8.972
9.042001
9.112
9.18
9.248
9.315001
9.38
9.445001
9.509001
9.573001
9.635
9.696
9.757001
9.817
9.876
9.934
9.992001
10.049001
10.105
10.160001
10.215
10.268001
10.321
10.374001
10.425
10.476001
10.527
10.576
10.625001
10.674001
10.721001
10.768001
10.815001
10.861
10.906
10.950001
10.994
11.038
11.081
11.123
11.165001
11.206
11.246
11.286
11.326
11.365001
11.403001
11.441001
11.479
11.516001
11.552001
11.588
11.624001
11.659
11.693001
11.727
11.761001
11.794001
11.827001
11.859
11.891001
11.922001
11.953001
11.984
12.014001
12.044001
12.073001
12.102
12.131001
12.159
12.187
12.215
12.242001
12.269001
12.295001
12.321001
12.347
12.372001
12.397
12.422001
12.446001
12.47
12.494
12.517
12.540001
12.563001
12.586
12.608001
12.630001
12.651001
12.673
12.694
12.714001
12.735001
12.755001
12.775001
12.795001
12.814001
12.833
12.852
12.871
12.889001
12.907001
12.925
12.943001
12.960001
12.977
12.994
13.011001
13.028001
13.044001
13.06
13.076
13.092001
13.107
13.122001
13.137001
13.152
13.167001
13.181001
13.195001
13.209001
13.223001
13.237
13.250001
13.264001
13.277
13.290001
13.303
13.315001
13.328001
13.340001
13.352
13.364
13.376
13.388
13.399
13.410001
13.422001
13.433001
13.444
13.399
13.354001
13.311001
13.268001
13.225
13.183001
13.142
13.101001
13.06
13.021001
12.981001
12.943001
12.903001
12.862
12.818001
12.773001
12.726001
12.675
12.620001
12.562
12.500001
12.433001
12.360001
12.282001
12.197001
12.106001
12.007001
11.901001
11.786
11.663
11.531
11.389001
11.236
11.074
10.900001
10.715
10.518001
10.31
10.088
9.854
9.607
9.346001
9.072001
8.784
8.481
8.165
7.835001
7.778
7.722001
7.667
7.612
7.558001
7.505001
7.586
7.665
7.744
7.82
7.896
7.97
8.043
8.114
8.185
8.254001
8.322001
8.388
8.454
8.518001
8.581
8.643001
8.704
8.764001
8.823
8.881001
8.938001
8.994
9.049001
9.103001
9.156
9.208
9.259001
9.31
9.359
9.408
9.455001
9.494
9.398001
9.294001
9.182
9.062
8.934
8.797001
8.652
8.499001
8.336
8.164001
7.982
7.791
7.59
7.38
7.159
6.927001
6.686
6.434
6.171
5.897
5.612
5.317
5.167
5.008
4.837
4.657
4.465
4.263
4.051
3.828
3.594
3.349
3.094
2.828
2.551
2.265
1.967
2.039
2.11
2.179
2.247
2.313
2.378
2.443
2.505
2.567
2.627
2.687
2.745
2.802
2.858
2.913
2.967
3.02
3.072
3.123
3.173
3.222
3.27
3.317
3.363
3.408
3.453
3.497
3.539
3.582
3.623
3.663
3.703
3.742
3.78
3.818
3.854
3.891
3.926
3.806
3.675
3.533
3.381
3.219
3.046
4.208
1.357
1.919
0.551
0.821
0.163
0.29
-0.028
0.03
-0.053
-0.14
-0.23
-0.324
-0.423
-0.525
-0.632
-0.744
-0.861
-0.982
-1.108
-1.239
-1.374
-1.478
-1.58
-1.749
-1.915
-2.08
-2.243
-2.403
-2.561
-2.717
-2.871
-3.022
-3.172
-3.32
-3.466
-3.609
-3.751
-3.891
-4.029
-4.165
-4.3
-4.364
-4.428
-4.49
-4.382
-4.277
-4.173
-4.071
-3.971
-3.873
-3.777
-3.683
-3.59
-3.5
-3.411
-3.323
-3.238
-3.154
-2.966
-2.78
-2.597
-2.417
-2.239
-2.063
-1.889
-1.718
-1.549
-1.383
-1.218
-1.056
-0.896
-0.738
-0.583
-0.551
-0.52
-0.489
-0.459
-0.43
-0.401
-0.372
-0.344
-0.317
-0.289
-0.263
-0.237
-0.211
-0.186
-0.161
-0.137
-0.113
-0.09
-0.066
-0.044
-0.022
0.0
0.022
0.043
0.064
0.084
0.104
0.124
0.143
0.162
0.181
0.199
0.217
0.235
0.378
0.519
0.658
0.795
0.93
1.064
1.196
1.326
1.454
1.58
1.705
1.829
1.95
2.07
2.188
2.305
2.42
2.534
2.506
2.478
2.451
2.424
2.398
2.373
2.348
2.324
2.3
2.277
2.254
2.232
2.21
2.189
2.168
2.148
2.128
2.108
2.089
2.071
1.921
1.774
1.629
1.485
1.344
1.204
1.067
0.931
0.797
0.664
0.534
0.405
0.278
0.153
0.029
-0.093
-0.214
-0.332
-0.45
-0.417
-0.386
-0.355
-0.324
-0.295
-0.265
-0.237
-0.209
-0.181
-0.154
-0.127
-0.101
-0.076
-0.05
-0.026
-0.002
0.022
0.168
0.311
0.453
0.593
0.731
0.867
1.002
1.134
1.265
1.394
1.522
1.647
1.771
1.894
2.014
2.133
2.251
2.367
2.481
2.455
2.43
2.405
2.38
2.356
2.333
2.31
2.288
2.266
2.244
2.223
2.203
2.183
2.163
2.144
2.125
2.106
2.088
2.071
2.053
2.036
2.02
2.004
1.988
1.972
1.957
1.942
1.927
1.913
1.899
1.886
1.872
1.859
1.846
1.834
1.822
1.81
1.798
1.786
1.775
1.764
1.753
1.743
1.732
1.722
1.713
1.703
1.693
1.684
1.808
1.93
2.05
2.168
2.285
2.401
2.515
2.627
2.738
2.848
2.956
3.062
3.167
3.271
3.373
3.474
3.574
3.672
3.769
3.865
3.959
4.052
4.144
4.235
4.325
4.413
4.5
4.586
4.671
4.754
4.837
4.918
4.999
5.078
5.156
5.233
5.31
5.385
5.459
5.532
5.604
5.676
5.746
5.815
5.884
5.951
6.018
6.083
6.148
6.212
6.275
6.338
6.399
6.460001
6.519001
6.579
6.637
6.694
6.751
6.807
6.862
6.916
6.97
7.023
7.076
7.127
7.178
7.228
7.278
7.327
7.375
7.423
7.47
7.516
7.562
7.607
7.651
7.695
7.739
7.781
7.824
7.865
7.906
7.947001
7.987
8.026
8.065001
8.104
7.965
7.83
7.697001
7.567
7.344
7.114
6.878
6.634
6.383
6.125
5.86
5.588
5.309
5.024
4.731
4.431
4.125
3.811
3.491
3.164
2.831
2.492
2.146
1.794
1.437
1.074
0.706
0.333
-0.044
-0.426
-0.811
-1.199
-1.346
-1.49
-1.633
-1.662
-1.691
-1.719
-1.747
-1.774
-1.801
-1.827
-1.853
-1.879
-1.904
-1.928
-1.953
-1.976
-2.0
-1.874
-1.751
-1.629
-1.508
-1.39
-1.272
-1.157
-1.061
-0.966
-0.873
-0.781
-0.69
-0.6
-0.511
-0.424
-0.478
-0.531
-0.582
-0.633
-0.683
-0.732
-0.78
-0.827
-0.874
-0.919
-1.069
-1.217
-1.363
-1.508
-1.65
-1.79
-1.929
-2.066
-2.2
-2.333
-2.465
-2.594
-2.722
-2.848
-2.973
-3.095
-3.216
-3.215
-3.213
-3.211
-3.21
-3.209
-3.207
-3.206
-3.205
-3.204
-3.203
-3.202
-3.201
-3.201
-3.059
-2.92
-2.782
-2.647
-2.513
-2.38
-2.25
-2.121
-1.995
-2.018
-2.041
-2.063
-2.085
-2.107
-2.128
-2.149
-2.169
-2.189
-2.209
-2.229
-2.248
-2.267
-2.285
-2.303
-2.321
-2.339
-2.356
-2.373
-2.39
-2.406
-2.422
-2.438
-2.453
-2.469
-2.484
-2.498
-2.513
-2.527
-2.541
-2.555
-2.569
-2.582
-2.595
-2.723
-2.849
-2.973
-3.096
-3.217
-3.337
-3.454
-3.571
-3.686
-3.799
-3.911
-3.897
-3.883
-3.87
-3.857
-3.844
-3.831
-3.819
-3.67
-3.522
-3.377
-3.233
-3.091
-2.951
-2.813
-2.677
-2.543
-2.41
-2.28
-2.169
-2.059
-1.951
-1.963
-1.974
-1.985
-1.996
-2.007
-2.017
-2.027
-2.037
-2.046
-2.056
-2.065
-2.074
-2.083
-2.091
-2.099
-2.108
-2.129
-2.149
-2.17
-2.19
-2.21
-2.343
-2.474
-2.603
-2.731
-2.857
-2.981
-3.104
-3.225
-3.344
-3.462
-3.578
-3.693
-3.776
-3.858
-3.94
-4.02
-4.099
-4.066
-4.035
-4.003
-3.973
-3.943
-3.914
-3.885
-3.857
-3.829
-3.802
-3.775
-3.644
-3.515
-3.388
-3.262
-3.138
-3.016
-2.895
-2.776
-2.658
-2.542
-2.554
-2.565
-2.575
-2.586
-2.597
-2.607
-2.618
-2.628
-2.638
-2.648
-2.658
-2.667
-2.677
-2.686
-2.695
-2.704
-2.714
-2.722
-2.731
-2.74
-2.748
-2.757
-2.765
-2.773
-2.781
-2.789
-2.797
-2.805
-2.813
-2.82
-2.828
-2.835
-2.843
-2.85
-2.857
-2.864
-2.871
-2.877
-2.884
-2.891
-2.897
-2.904
-2.91
-2.916
-2.923
-2.929
-2.935
-2.941
-2.947
-2.952
-2.958
-2.964
-2.969
-2.975
-2.98
-2.986
-2.991
-2.996
-3.001
-3.006
-3.011
-3.016
-3.021
-3.026
-3.031
-3.035
-3.04
-3.044
-3.049
-3.053
-3.058
-3.062
-3.066
-3.07
-3.075
-3.079
-3.083
-3.087
-3.091
-3.094
-3.098
-3.102
-3.106
-3.109
-3.113
-3.117
-3.12
-3.124
-3.127
-3.13
-3.134
-3.137
-3.14
-3.143
-3.147
-3.137
-3.115
-3.081
-3.034
-2.975
-2.904
-2.821
-2.726
-2.619
-2.5
-2.37
-2.228
-2.074
-1.909
-1.732
-1.545
-1.346
-1.135
-0.914
-0.683
-0.44
-0.44
-0.441
-0.441
-0.441
-0.442
-0.442
-0.442
-0.443
-0.443
-0.443
-0.443
-0.444
-0.444
-0.444
-0.444
-0.445
-0.445
-0.445
-0.445
-0.446
-0.446
-0.446
-0.446
-0.447
-0.447
-0.447
-0.447
-0.448
-0.448
-0.448
-0.448
-0.448
-0.449
-0.449
-0.449
-0.449
-0.449
-0.45
-0.45
-0.45
-0.45
-0.45
-0.451
-0.451
-0.451
-0.451
-0.451
-0.451
-0.452
-0.452
-0.452
-0.452
-0.452
-0.452
-0.453
-0.453
-0.453
-0.453
-0.453
-0.453
-0.453
-0.454
-0.454
-0.454
-0.454
-0.454
-0.454
-0.454
-0.454
-0.455
-0.455
-0.455
-0.455
-0.455
-0.455
-0.455
-0.455
-0.455
-0.456
-0.456
-0.456
-0.456
-0.456
-0.456
-0.456
-0.456
-0.456
-0.456
-0.457
-0.457
-0.457
-0.457
-0.457
-0.457
-0.457
-0.457
-0.457
-0.457
-0.457
-0.457
-0.458
-0.458
-0.458
-0.458
-0.458
-0.458
-0.458
-0.458
-0.458
-0.458
-0.458
-0.458
-0.458
-0.458
-0.459
-0.459
-0.445
-0.418
-0.377
-0.323
-0.256
-0.176
-0.083
0.022
0.022
0.022
0.022
0.022
0.022
0.022
0.022
0.022
0.022
0.022
0.022
0.022
0.022
0.022
0.022
0.022
0.022
0.022
0.022
0.022
0.022
0.022
0.022
0.022
0.022
0.022
0.022
0.022
0.022
0.022
0.022
0.022
0.022
0.022
0.022
0.022
0.022
0.022
0.022
0.022
0.023
0.023
0.023
0.023
0.036
0.064
0.105
0.159
0.227
0.307
0.4
0.506
0.629
0.765
0.915
1.08
1.258
1.449
1.655
1.874
2.106
2.352
2.611
2.882
3.166
3.462
3.771
3.788
3.804
3.821
3.836
3.852
3.867
3.882
3.896
3.911
3.924
3.938
3.951
3.964
3.992
4.035
4.094
4.167
4.254
4.357
4.474
4.605
4.75
4.909
5.082
5.268
5.468
5.68
5.905
6.142
6.391
6.651
6.922
7.204
7.496
7.797
8.107
8.426001
8.753
9.087001
9.427
9.442
9.457001
9.472
9.486
9.5
9.513
9.490001
9.482
9.487
9.506001
9.539001
9.585
9.644
9.715
9.798
9.893001
9.998
10.114
10.240001
10.376
10.52
10.673
10.834001
11.003
11.178
11.359
11.546
11.738001
11.934001
12.133
12.335001
12.539001
12.745001
12.951
13.157001
13.361001
13.564001
13.764001
13.961
14.153001
14.340001
14.52
14.694
14.859001
15.015
15.162001
15.298
15.421
15.533001
15.630001
15.713
15.781001
15.832001
15.866001
15.882001
15.879001
15.857
15.814001
15.749001
15.663001
15.554001
15.422001
15.267001
15.086
14.882001
14.652
14.396001
14.115001
13.807001
13.474001
13.115001
12.684001
12.23
11.754001
11.700001
11.647
11.594001
11.543
11.491
11.441001
11.391001
11.342001
11.294001
11.246
11.199
11.152
11.106001
11.061001
11.016001
10.972
10.928
10.886001
10.843
10.801001
10.76
10.719001
10.679001
10.64
10.601001
10.553
10.498
10.435
10.364
10.328
10.292001
10.257001
10.222
10.187
10.154
10.120001
10.087001
10.054001
10.022
9.991
9.959001
9.928
9.808001
9.68
9.546
9.405001
9.257
9.101001
8.939
8.769
8.591001
8.21
7.826
7.440001
7.051
6.659
6.264
5.867
5.468
5.065
4.66
4.253
3.844
3.432
3.019
2.604
2.188
1.77
1.352
0.934
0.515
0.098
-0.319
-0.734
-1.148
-1.558
-1.965
-2.368
-2.767
-3.16
-3.547
-3.927
-4.192
-4.459
-4.727
-4.995
-4.879
-4.766
-4.655
-4.546
-4.439
-4.334
-4.232
-4.131
-4.033
-3.936
-3.841
-3.748
-3.657
-3.568
-3.481
-3.395
-3.311
-3.228
-3.148
-3.068
-2.991
-2.915
-2.84
-2.767
-2.695
-2.625
-2.556
-2.489
-2.423
-2.358
-2.294
-2.232
-2.171
-2.111
-2.052
-1.995
-1.938
-1.878
-1.819
-1.761
-1.592
-1.425
-1.26
-1.098
-0.938
-0.78
-0.624
-0.47
-0.318
-0.168
-0.02
0.126
0.27
0.412
0.552
0.69
0.827
0.961
1.094
1.225
1.355
1.456
1.555
1.653
1.75
1.846
1.94
2.033
2.125
2.215
2.305
2.393
2.48
2.452
2.425
2.271
2.118
1.968
1.82
1.674
1.529
1.387
1.246
1.108
0.971
0.836
0.703
0.571
0.442
0.314
0.188
0.063
-0.06
-0.181
-0.301
-0.419
-0.535
-0.65
-0.763
-0.875
-0.985
-0.944
-0.903
-0.862
-0.823
-0.784
-0.746
-0.591
-0.437
-0.286
-0.136
0.011
0.157
0.3
0.415
0.529
0.641
0.751
0.86
0.967
1.073
1.178
1.281
1.383
1.373
1.363
1.353
1.343
1.338
1.334
1.33
1.19
1.052
0.916
0.782
0.649
0.519
0.39
0.263
0.137
0.013
-0.109
-0.229
-0.348
-0.466
-0.582
-0.696
-0.809
-0.92
-1.03
-0.987
-0.944
-0.903
-0.772
-0.643
-0.515
-0.389
-0.265
-0.143
-0.022
0.097
0.215
0.331
0.445
0.558
0.67
0.807
0.941
1.075
1.206
1.204
1.203
1.201
1.199
1.198
1.197
1.195
1.057
0.921
0.787
0.654
0.372
0.095
-0.175
-0.439
-0.697
-0.95
-1.196
-1.132
-1.07
-1.009
-0.95
-0.892
-0.835
-0.779
-0.725
-0.672
-0.632
-0.606
-0.593
-0.594
-0.608
-0.637
-0.68
-0.738
-0.809
-0.895
-0.996
-1.11
-1.24
-1.383
-1.542
-1.714
-1.9
-2.101
-2.316
-2.544
-2.786
-3.041
-3.31
-3.591
-3.583
-3.264
-2.952
-2.647
-2.349
-2.057
-1.773
-1.494
-1.222
-0.956
-0.696
-0.456
-0.236
-0.035
0.146
0.308
0.451
0.576
0.682
0.771
0.841
0.611
0.281
-0.058
-0.403
-0.756
-1.115
-1.479
-1.85
-2.225
-2.604
-2.988
-3.374
-3.763
-4.155
-4.547
-4.94
-5.333
-5.724
-6.114
-6.502
-6.886
-7.266
-7.64
-8.008
-8.369
-8.723001
-9.067
-9.401
-9.724001
-10.035001
-10.333
-10.616
-10.885
-11.137
-11.372001
-11.589001
-11.786
-11.964001
-12.120001
-12.254001
-12.365001
-12.452001
-12.514001
-12.552001
-12.563001
-12.547001
-12.503
-12.432
-12.333
-12.204
-12.047001
-11.928
-11.792001
-11.637
-11.672001
-11.706
-11.740001
-11.774
-11.772
-11.77
-11.769001
-11.767
-11.765
-11.764001
-11.762
-11.761001
-11.759001
-11.757001
-11.756001
-11.754001
-11.753
-11.752001
-11.750001
-11.749001
-11.719001
-11.689
-11.660001
-11.631001
-11.603001
-11.575001
-11.548
-11.52
-11.494
-11.467001
-11.441001
-11.415001
-11.39
-11.365001
-11.34
-11.315001
-11.291
-11.267
-11.244
-11.221001
-11.198001
-11.175
-11.153001
-11.131001
-11.110001
-11.088
-11.067
-11.046
-11.026001
-11.006001
-10.986
-10.966001
-10.946
-10.956
-10.965
-10.974001
-10.983001
-10.992001
-11.000001
-11.037001
-11.073001
-11.035001
-10.998
-10.960001
-10.924001
-10.888
-10.852
-10.817
-10.782001
-10.748
-10.790001
-10.832001
-10.873
-10.914001
-10.954
-10.993001
-10.979
-10.964001
-10.950001
-10.936001
-10.922001
-10.908001
-10.895
-10.873
-10.85
-10.829
-10.807
-10.786
-10.765
-10.744
-10.724001
-10.704
-10.684001
-10.664001
-10.653001
-10.643001
-10.632001
-10.622001
-10.611
-10.601001
-10.592001
-10.582001
-10.572001
-10.563001
-10.554001
-10.545
-10.591001
-10.637
-10.811001
-10.981001
-11.148001
-11.311001
-11.47
-11.625001
-11.777
-11.926001
-12.071
-12.213
-12.352
-12.488001
-12.620001
-12.750001
-12.877001
-13.001
-13.122001
-13.119
-13.116
-13.113001
-13.110001
-13.108001
-13.105
-13.102
-13.1
-13.098001
-13.095
-13.093
-13.091001
-13.088
-13.086
-13.084001
-13.059001
-13.035001
-13.011001
-12.988001
-12.965
-12.943001
-12.921
-12.900001
-12.940001
-12.979001
-13.017
-13.054001
-13.09
-13.126
-13.244
-13.360001
-13.389001
-13.501
-13.452001
-13.404
-13.357
-13.311001
-13.219001
-13.129001
-13.042001
-12.956
-12.872001
-12.790001
-12.710001
-12.636001
-12.562
-12.489
-12.417001
-12.346001
-12.277
-12.246
-12.217001
-12.242001
-12.268001
-12.293
-12.279
-12.266001
-12.253
-12.240001
-12.227
-12.215
-12.202001
-12.190001
-12.178
-12.166
-12.154
-12.143001
-12.131001
-12.120001
-12.109
-12.098001
-12.087001
-12.076
-12.102
-12.128
-12.153001
-12.177001
-12.202001
-12.226001
-12.250001
-12.203001
-12.156
-12.089001
-12.022
-11.957001
-11.892
-11.866
-11.84
-11.815001
-11.790001
-11.765
-11.741
-11.717001
-11.693001
-11.670001
-11.647
-11.624001
-11.602
-11.580001
-11.558001
-11.537001
-11.516001
-11.495001
-11.530001
-11.564
-11.597
-11.631001
-11.664001
-11.696
-11.728001
-11.76
-11.791
-11.766001
-11.742001
-11.719001
-11.695001
-11.672001
-11.649
-11.627001
-11.605
-11.573001
-11.541
-11.51
-11.48
-11.449
-11.42
-11.39
-11.389001
-11.387
-11.386001
-11.385
-11.42
-11.455001
-11.489
-11.523001
-11.557
-11.59
-11.622001
-11.655001
-11.687
-11.718
-11.749001
-11.780001
-11.81
-11.84
-11.870001
-11.899
-11.927001
-12.073001
-12.215
-12.353001
-12.489
-12.622001
-12.751
-12.878
-13.002001
-13.123001
-13.158001
-13.192
-13.225
-13.258
-13.289001
-13.320001
-13.351001
-13.381001
-13.410001
-13.438001
-13.466001
-13.493001
-13.519001
-13.629001
-13.736001
-13.840001
-13.942
-14.042001
-14.14
-14.235001
-14.328001
-14.420001
-14.509001
-14.596001
-14.522
-14.449
-14.379001
-14.31
-14.242001
-14.176001
-14.112
-14.049001
-13.987
-13.927001
-13.868001
-13.969001
-14.069
-14.166
-14.26
-14.353001
-14.360001
-14.367001
-14.374001
-14.381001
-14.387001
-14.394001
-14.400001
-14.406001
-14.412001
-14.418
-14.423
-14.429001
-14.387001
-14.346001
-14.305
-14.265
-14.225
-14.221001
-14.217001
-14.213
-14.209001
-14.206
-14.202001
-14.199
-14.195001
-14.192
-14.189001
-14.116001
-14.044001
-13.972001
-13.902
-13.833
-13.764001
-13.696001
-13.626
-13.556001
-13.484
-13.410001
-13.334001
-13.253
-13.170001
-13.081
-12.988001
-12.889001
-12.783001
-12.671
-12.552001
-12.424001
-12.289001
-12.144001
-11.989
-11.825001
-11.650001
-11.464001
-11.266001
-11.057
-10.835
-10.601001
-10.353001
-10.092
-9.818001
-9.529
-9.355
-9.169001
-9.21
-9.251
-9.291
-9.330001
-9.369
-9.407001
-9.445001
-9.482
-9.518001
-9.553
-9.588
-9.623
-9.657001
-9.690001
-9.723001
-9.755
-9.795
-9.842
-9.897
-9.959001
-10.029
-10.104
-10.187
-10.275001
-10.369
-10.469001
-10.574
-10.683001
-10.797001
-10.915001
-11.036
-11.160001
-11.286
-11.414001
-11.544001
-11.675
-11.806001
-11.936001
-12.066001
-12.194
-12.320001
-12.338
-12.258
-12.18
-12.103001
-12.027
-11.952001
-11.878
-11.805
-11.733001
-11.667001
-11.609
-11.557
-11.512
-11.475
-11.444
-11.421
-11.404
-11.394001
-11.391001
-11.394001
-11.404
-11.42
-11.442
-11.47
-11.503
-11.541
-11.584001
-11.631001
-11.683001
-11.738001
-11.797001
-11.858001
-11.922001
-11.988001
-12.055
-12.124001
-12.192
-12.261001
-12.330001
-12.397
-12.462001
-12.447001
-12.432
-12.417001
-12.402
-12.388
-12.373
-12.359
-12.345
-12.335001
-12.329
-12.326
-12.328001
-12.334001
-12.344001
-12.357
-12.375001
-12.396001
-12.420001
-12.448001
-12.478001
-12.512001
-12.547001
-12.585001
-12.625001
-12.666
-12.708
-12.751
-12.794001
-12.836
-12.878
-12.919001
-12.958
-12.995001
-13.028001
-13.029
-13.018001
-12.995001
-12.959001
-12.910001
-12.846001
-12.767
-12.673
-12.563001
-12.437
-12.293
-12.132001
-11.953001
-11.756001
-11.541
-11.306001
-11.052001
-10.779
-10.487
-10.175
-9.843
-9.492001
-9.121
-8.731
-8.322001
-7.895
-7.449
-6.985
-6.503
-6.005
-5.491
-4.961
-4.417
-3.86
-3.289
-2.707
-2.114
-1.512
-0.902
-0.839
-0.776
-0.715
-0.655
-0.596
-0.538
-0.482
-0.585
-0.687
-0.788
-0.888
-0.986
-1.083
-1.178
-1.273
-1.366
-1.458
-1.548
-1.472
-1.397
-1.323
-1.251
-1.181
-1.112
-1.044
-0.977
-0.912
-0.848
-0.785
-0.724
-0.664
-0.605
-0.547
-0.49
-0.434
-0.38
-0.326
-0.274
-0.222
-0.172
-0.122
-0.074
-0.026
0.02
0.066
0.111
0.168
0.236
0.316
0.408
0.511
0.625
0.751
0.887
1.035
1.193
1.207
1.233
1.272
1.322
1.384
1.457
1.541
1.637
1.743
1.86
1.987
2.125
2.273
2.431
2.598
2.775
2.961
3.156
3.359
3.572
3.792
4.02
4.255
4.498
4.748
5.003
5.265
5.533
5.805
6.082
6.363
6.647
6.935
7.225
7.516
7.808001
8.101001
8.394
8.685
8.974
9.261001
9.544001
9.823001
10.097
10.365001
10.625001
10.878
11.122001
11.356001
11.579
11.790001
11.989
12.209001
12.399
12.415001
12.431001
12.447001
12.463
12.478001
12.494
12.509001
12.525001
12.540001
12.555
12.571001
12.586
12.601001
12.615001
12.630001
12.645
12.659
12.672001
12.683001
12.692
12.699
12.706
12.711
12.714001
12.717001
12.718
12.717001
12.715
12.711
12.705001
12.696001
12.686001
12.672001
12.655001
12.635
12.610001
12.582001
12.549001
12.511001
12.400001
12.277
12.144001
11.998
11.84
11.670001
11.486001
11.288
11.076
10.85
10.608001
10.352
10.189
10.017
9.833
9.639001
9.434
9.216001
8.987
8.746
8.491
8.225
7.945
7.652
7.2
6.732
6.249
5.75
5.237
4.709
4.169
3.616
3.051
2.476
1.892
1.299
0.699
0.264
-0.179
-0.096
-0.016
0.063
0.141
0.217
0.291
0.364
0.436
0.506
0.667
0.825
0.994
1.173
-0.618
0.617
-0.238
0.35
-0.059
0.21
0.024
0.152
0.064
0.125
0.083
0.112
0.102
0.109
0.104
0.283
0.46
0.634
0.805
0.975
1.142
1.307
1.47
1.631
1.789
1.851
1.911
1.971
2.03
1.928
1.829
1.73
1.634
1.539
1.445
1.353
1.263
1.174
1.086
1.0
0.915
0.832
0.906
0.979
1.051
1.122
1.294
1.464
1.631
1.795
1.958
2.101
2.243
2.383
2.521
2.657
2.792
2.924
2.922
2.921
2.919
2.919
2.918
2.919
2.919
2.92
2.921
2.923
2.926
2.928
2.93
2.932
2.931
2.929
2.924
2.917
2.906
2.89
2.871
2.847
2.817
2.782
2.741
2.694
2.64
2.579
2.51
2.434
2.35
2.258
2.158
2.049
1.932
1.805
1.772
1.739
1.707
1.676
1.645
1.615
1.585
1.556
1.528
1.5
1.473
1.447
1.42
1.395
1.37
1.339
1.302
1.26
1.211
1.155
1.092
1.023
0.946
0.862
0.771
0.672
0.565
0.45
0.328
0.197
0.059
-0.088
-0.117
-0.146
-0.173
-0.201
-0.228
-0.254
-0.281
-0.299
-0.317
-0.335
-0.236
-0.138
-0.041
0.055
0.149
0.242
0.333
0.424
0.513
0.601
0.688
0.795
0.901
1.005
0.954
0.903
0.854
0.805
0.758
0.711
0.665
0.62
0.576
0.532
0.49
0.448
0.407
0.367
0.328
0.173
0.02
-0.13
-0.279
-0.425
-0.57
-0.713
-0.731
-0.748
-0.766
-0.776
-0.785
-0.795
-0.804
-0.814
-0.823
-0.832
-0.84
-0.856
-0.728
-0.602
-0.478
-0.355
-0.234
-0.115
0.003
0.119
0.234
0.347
0.459
0.569
0.525
0.482
0.44
0.398
0.358
0.318
0.279
0.24
0.203
0.166
0.13
0.094
0.059
0.025
-0.009
-0.041
-0.074
-0.105
-0.137
-0.167
-0.197
-0.219
-0.241
-0.263
-0.284
-0.304
-0.325
-0.344
-0.371
-0.397
-0.422
-0.447
-0.471
-0.495
-0.519
-0.542
-0.565
-0.587
-0.609
-0.63
-0.652
-0.672
-0.693
-0.712
-0.732
-0.751
-0.77
-0.789
-0.807
-0.825
-0.842
-0.859
-0.876
-0.886
-0.903
-0.92
-0.937
-0.953
-0.969
-0.984
-1.0
-1.015
-1.029
-1.059
-1.088
-1.116
-1.144
-1.171
-1.197
-1.223
-0.94
-0.664
-0.393
-0.129
0.129
0.382
0.629
0.87
1.106
1.336
1.561
1.473
1.387
1.303
1.221
1.141
1.062
0.985
0.926
0.867
0.811
0.755
0.701
0.647
0.595
0.545
0.495
0.446
0.399
0.12
-0.152
-0.479
-0.798
-1.11
-1.415
-1.436
-1.457
-1.477
-1.496
-1.516
-1.534
-1.553
-1.57
-1.588
-1.605
-1.609
-1.613
-1.617
-1.48
-1.344
-1.209
-1.077
-0.946
-0.817
-0.69
-0.565
-0.441
-0.319
-0.198
-0.08
-0.114
-0.147
-0.18
-0.212
-0.244
-0.275
-0.305
-0.335
-0.364
-0.392
-0.413
-0.434
-0.454
-0.473
-0.492
-0.511
-0.529
-0.547
-0.565
-0.582
-0.598
-0.615
-0.631
-0.646
-0.662
-0.676
-0.691
-0.705
-0.719
-0.733
-0.746
-0.766
-0.786
-0.805
-0.824
-0.843
-0.861
-0.879
-0.896
-0.914
-0.93
-0.947
-0.963
-0.979
-0.995
-1.01
-1.025
-1.04
-1.054
-1.068
-1.082
-1.096
-1.109
-1.122
-1.135
-1.148
-1.16
-1.172
-1.184
-1.196
-1.207
-1.218
-1.229
-1.24
-1.264
-1.3
-1.349
-1.41
-1.484
-1.57
-1.668
-1.777
-1.898
-2.031
-2.175
-2.33
-2.495
-2.671
-2.858
-3.055
-3.261
-3.477
-3.702
-3.937
-4.179
-4.43
-4.689
-4.956
-5.229
-5.509
-5.794
-6.086
-6.094
-6.102
-6.11
-6.117
-6.125
-6.132
-6.14
-6.147
-6.166
-6.197001
-6.239
-6.293
-6.358
-6.434
-6.52
-6.617
-6.724
-6.841001
-6.968
-7.103
-7.248
-7.401
-7.563
-7.732
-7.909
-8.092
-8.282001
-8.479
-8.68
-8.887
-9.098001
-9.313001
-9.532001
-9.753
-9.976001
-10.201
-10.427
-10.652
-10.877001
-11.101001
-11.322001
-11.541
-11.756001
-11.966001
-12.171
-12.369
-12.561001
-12.744
-12.919001
-13.083
-13.238001
-13.380001
-13.51
-13.514001
-13.518001
-13.522
-13.526001
-13.530001
-13.534
-13.537001
-13.541
-13.545001
-13.548
-13.552001
-13.501
-13.451
-13.402
-13.354001
-13.306001
-13.259001
-13.212001
-13.166
-13.121
-13.076
-13.032001
-12.992001
-12.955001
-12.977
-13.001
-13.027
-13.056001
-13.087001
-13.121
-13.155001
-13.192
-13.229001
-13.266001
-13.304001
-13.342001
-13.379001
-13.415001
-13.450001
-13.482
-13.512001
-13.538001
-13.561001
-13.580001
-13.594001
-13.602
-13.605
-13.601001
-13.590001
-13.570001
-13.543
-13.506001
-13.460001
-13.403001
-13.335001
-13.256001
-13.165001
-13.061001
-12.944
-12.813001
-12.667001
-12.507001
-12.332001
-12.14
-11.933001
-11.708
-11.467001
-11.209001
-10.933001
-10.639001
-10.644
-10.648001
-10.652
-10.657001
-10.661
-10.665001
-10.67
-10.674001
-10.678
-10.682
-10.686001
-10.690001
-10.694
-10.697001
-10.701
-10.705001
-10.709001
-10.712001
-10.716001
-10.719001
-10.723001
-10.726001
-10.73
-10.733001
-10.737
-10.740001
-10.743001
-10.746
-10.749001
-10.744
-10.73
-10.707001
-10.675
-10.636001
-10.587001
-10.530001
-10.464001
-10.389001
-10.305
-10.212001
-10.110001
-9.999001
-9.877001
-9.746
-9.605
-9.454
-9.293
-9.121
-8.938001
-8.744
-8.539001
-8.323
-8.095
-7.856
-7.605
-7.342
-7.067
-6.78
-6.48
-6.169
-5.845
-5.509
-5.161
-4.801
-4.428
-4.045
-3.649
-3.242
-2.825
-2.396
-1.957
-1.509
-1.509
-1.509
-1.509
-1.509
-1.51
-1.51
-1.51
-1.51
-1.51
-1.51
-1.51
-1.51
-1.511
-1.371
-1.234
-1.098
-0.964
-0.832
-0.702
-0.573
-0.713
-0.852
-0.988
-1.123
-1.229
-1.333
-1.436
-0.54
-0.908
-0.46
-0.656
-0.433
-0.536
-0.425
-0.479
-0.423
-0.452
-0.423
-0.45
-0.425
-0.54
-0.654
-0.766
-0.904
-1.039
-0.906
-0.705
-0.506
-0.309
-0.115
0.076
0.265
0.451
0.634
0.815
0.994
1.129
1.262
1.256
1.251
1.246
1.241
1.237
1.233
1.229
1.225
1.357
1.329
1.303
1.277
1.251
1.226
1.202
1.164
1.127
0.991
0.957
0.924
0.891
0.859
0.827
0.796
0.766
0.736
0.706
0.677
0.411
0.388
0.365
0.343
0.321
0.299
0.278
0.251
0.224
0.198
0.173
0.147
0.123
0.098
0.074
0.05
0.027
0.004
-0.019
-0.041
-0.063
-0.085
-0.106
-0.127
-0.148
-0.168
-0.188
-0.208
-0.227
-0.246
-0.265
-0.284
-0.302
-0.32
-0.337
-0.355
-0.372
-0.389
-0.406
-0.422
-0.438
-0.454
-0.47
-0.485
-0.494
-0.503
-0.512
-0.521
-0.53
-0.538
-0.547
-0.555
-0.563
-0.571
-0.579
-0.587
-0.594
-0.602
-0.609
-0.616
-0.623
-0.63
-0.637
-0.644
-0.651
-0.657
-0.664
-0.67
-0.564
-0.459
-0.356
-0.253
-0.153
-0.053
0.045
0.141
0.237
0.331
0.424
0.516
0.606
0.574
0.543
0.512
0.482
0.453
0.418
0.384
0.35
0.317
0.285
0.253
0.222
0.191
0.161
0.132
0.103
0.074
0.046
0.019
-0.008
-0.035
-0.061
-0.086
-0.111
-0.136
-0.16
-0.178
-0.195
-0.213
-0.229
-0.246
-0.262
-0.278
-0.293
-0.192
-0.092
0.007
0.104
0.222
0.338
0.453
0.566
0.678
0.788
0.897
1.004
1.11
1.214
1.163
1.113
1.063
1.015
0.967
0.921
0.875
0.83
0.786
0.743
0.701
0.659
0.619
0.579
0.54
0.501
0.464
0.427
0.39
0.355
0.32
0.286
0.252
0.219
0.187
0.155
0.124
0.093
0.063
0.034
0.005
-0.023
-0.051
-0.078
-0.105
-0.131
-0.157
-0.182
-0.207
-0.231
-0.255
-0.278
-0.301
-0.323
-0.345
-0.367
-0.388
-0.409
-0.43
-0.45
-0.469
-0.489
-0.508
-0.526
-0.544
-0.562
-0.58
-0.597
-0.614
-0.631
-0.647
-0.663
-0.678
-0.694
-0.709
-0.58
-0.453
-0.328
-0.204
-0.082
0.038
0.157
0.274
0.389
0.503
0.465
0.427
0.389
0.358
0.328
0.299
0.27
0.242
0.214
0.187
0.161
0.135
0.109
0.084
0.06
0.036
0.012
-0.01
-0.033
-0.061
-0.088
-0.115
-0.141
-0.167
-0.193
-0.218
-0.242
-0.266
-0.289
-0.312
-0.335
-0.357
-0.379
-0.4
-0.421
-0.442
-0.462
-0.493
-0.537
-0.591
-0.657
-0.735
-0.823
-0.923
-1.033
-1.155
-1.287
-1.43
-1.583
-1.746
-1.92
-2.103
-2.296
-2.499
-2.711
-2.932
-3.162
-3.401
-3.647
-3.902
-4.164
-4.433
-4.708
-4.99
-5.278
-5.571
-5.869
-6.171
-6.477
-6.786
-7.097
-7.41
-7.724
-8.038
-8.351001
-8.664001
-8.974
-9.281
-9.585
-9.883
-10.177
-10.193001
-10.208
-10.224001
-10.239
-10.255
-10.278001
-10.308001
-10.347
-10.393001
-10.446
-10.506001
-10.573001
-10.646001
-10.726001
-10.812
-10.903001
-10.999001
-11.1
-11.205001
-11.314
-11.427001
-11.543
-11.661
-11.781
-11.902
-12.025001
-12.147
-12.27
-12.391001
-12.511001
-12.628
-12.743001
-12.854001
-12.960001
-13.062
-13.158001
-13.247001
-13.329
-13.403001
-13.469001
-13.525001
-13.570001
-13.605
-13.628
-13.638
-13.635
-13.619
-13.587001
-13.540001
-13.477
-13.397
-13.3
-13.185
-13.051001
-12.898001
-12.726001
-12.534
-12.321001
-12.088
-11.834001
-11.558001
-11.261001
-10.943001
-10.946
-10.950001
-10.954
-10.958
-10.961
-10.965
-10.969001
-10.964001
-10.951
-10.93
-10.901001
-10.864
-10.818001
-10.764001
-10.702001
-10.631001
-10.552
-10.464001
-10.367001
-10.26
-10.145
-10.02
-9.885
-9.740001
-9.585
-9.42
-9.244
-9.057
-8.859
-8.650001
-8.43
-8.198
-7.954
-7.698
-7.431
-7.151
-6.859
-6.554
-6.237
-5.908
-5.567
-5.213
-4.847
-4.469
-4.08
-3.678
-3.679
-3.679
-3.679
-3.679
-3.679
-3.679
-3.68
-3.68
-3.68
-3.68
-3.68
-3.68
-3.681
-3.554
-3.429
-3.306
-3.185
-3.065
-2.947
-2.83
-2.715
-2.602
-2.489
-2.379
-2.27
-2.162
-2.056
-1.951
-1.773
-1.598
-1.425
-1.255
-1.088
-0.87
-0.655
-0.443
-0.234
-0.029
0.173
0.372
0.569
0.762
0.952
1.139
1.324
1.506
1.685
1.861
2.035
2.206
2.374
2.54
2.704
2.865
3.023
3.179
3.333
3.485
3.634
3.781
3.926
4.068
4.209
4.347
4.26
4.175
4.092
3.918
3.746
3.576
3.408
3.242
3.079
2.917
2.744
2.573
2.404
2.312
2.221
2.133
2.045
1.96
1.876
1.794
1.713
1.634
1.556
1.48
1.405
1.332
1.26
1.189
1.12
1.052
1.115
1.178
1.239
1.3
1.36
1.419
1.478
1.402
4.398
-0.367
1.814
-0.415
0.806
-0.224
0.396
-0.087
0.216
-0.013
0.134
0.025
0.096
0.044
0.079
0.039
-0.031
-0.195
-0.358
-0.517
-0.675
-0.831
-0.985
-1.136
-1.286
-1.433
-1.579
-1.722
-1.864
-2.004
-2.142
-2.278
-2.412
-2.545
-2.416
-2.289
-2.164
-2.038
-1.912
-1.784
-1.655
-1.525
-1.392
-1.256
-1.118
-0.976
-0.831
-0.683
-0.531
-0.374
-0.214
-0.049
0.12
0.293
0.449
0.423
0.397
0.371
0.346
0.322
0.298
0.173
0.05
-0.072
-0.192
-0.31
-0.427
-0.542
-0.656
-0.768
-0.879
-0.988
-0.986
-0.985
-0.983
-0.982
-0.98
-0.979
-0.978
-0.868
-0.759
-0.652
-0.546
-0.441
-0.338
-0.236
-0.114
0.006
0.125
0.243
0.359
0.473
0.586
0.697
0.658
0.62
0.582
0.546
0.51
0.355
0.202
0.051
-0.07
-0.19
-0.309
-0.426
-0.541
-0.549
-0.558
-0.566
-0.574
-0.589
-0.602
-0.616
-0.63
-0.643
-0.515
-0.389
-0.265
-0.142
-0.021
0.098
0.216
0.332
0.447
0.56
0.671
0.76
0.724
0.69
0.656
0.622
0.589
0.557
0.526
0.495
0.465
0.435
0.406
0.378
0.35
0.322
0.289
0.257
0.225
0.194
0.164
0.134
0.104
0.075
0.047
0.019
-0.008
-0.035
-0.061
-0.087
-0.113
-0.138
-0.162
-0.186
-0.21
-0.233
-0.256
-0.278
-0.3
-0.322
-0.343
-0.364
-0.384
-0.404
-0.418
-0.431
-0.445
-0.457
-0.47
-0.482
-0.495
-0.507
-0.518
-0.53
-0.541
-0.552
-0.562
-0.573
-0.583
-0.593
-0.609
-0.625
-0.64
-0.655
-0.528
-0.401
-0.277
-0.154
-0.033
0.086
0.204
0.321
0.436
0.549
0.661
0.771
0.88
0.834
0.79
0.746
0.703
0.667
0.631
0.597
0.563
0.529
0.497
0.465
0.434
0.403
0.373
0.343
0.315
0.286
0.259
0.231
0.199
0.167
0.135
0.105
0.074
0.045
0.016
-0.007
-0.029
-0.051
-0.072
-0.093
-0.113
-0.133
-0.158
-0.183
-0.208
-0.232
-0.256
-0.279
-0.302
-0.324
-0.346
-0.368
-0.389
-0.41
-0.43
-0.45
-0.47
-0.489
-0.508
-0.52
-0.533
-0.545
-0.556
-0.568
-0.579
-0.59
-0.601
-0.612
-0.63
-0.661
-0.691
-0.72
-0.749
-0.777
-0.804
-0.831
-0.858
-0.883
-0.908
-0.933
-0.957
-0.98
-1.003
-1.026
-1.047
-1.069
-1.09
-1.11
-1.13
-1.15
-1.169
-1.187
-1.206
-1.224
-1.241
-1.258
-1.275
-1.291
-1.307
-1.322
-1.338
-1.352
-1.367
-1.381
-1.395
-1.409
-1.422
-1.435
-1.447
-1.46
-1.472
-1.484
-1.495
-1.507
-1.518
-1.528
-1.539
-1.243
-0.953
-0.67
-0.393
-0.123
0.142
0.4
0.653
0.9
1.141
1.377
1.608
1.705
1.802
1.734
1.668
1.603
1.54
1.478
1.417
1.357
1.298
1.241
1.185
1.13
1.076
1.023
0.971
0.921
0.871
0.822
0.663
0.506
0.351
0.199
0.048
-0.101
-0.247
-0.392
-0.535
-0.676
-0.693
-0.71
-0.727
-0.743
-0.759
-0.775
-0.79
-0.805
-0.82
-0.834
-0.848
-0.862
-0.876
-0.889
-0.902
-0.915
-0.927
-0.94
-0.952
-0.963
-0.975
-0.986
-0.997
-1.008
-1.019
-1.029
-1.039
-1.05
-1.059
-1.069
-1.078
-1.088
-1.097
-1.105
-1.114
-1.123
-1.131
-1.139
-1.147
-1.155
-1.163
-1.17
-1.178
-1.043
-0.91
-0.779
-0.649
-0.521
-0.395
-0.271
-0.148
-0.027
0.092
0.21
0.326
0.441
0.554
0.666
0.776
0.885
0.837
0.79
0.744
0.699
0.655
0.612
0.569
0.528
0.487
0.447
0.408
0.37
0.332
0.295
0.259
0.223
0.189
0.155
0.121
0.089
0.057
0.025
-0.006
-0.036
-0.065
-0.094
-0.123
-0.151
-0.178
-0.205
-0.231
-0.27
-0.322
-0.506
-0.7
-0.905
-1.119
-1.343
-1.577
-1.819
-2.069
-2.328
-2.594
-2.868
-3.149
-3.436
-3.729
-4.028
-4.332
-4.641
-4.954
-5.27
-5.59
-5.912
-6.235
-6.56
-6.884
-7.209
-7.532001
-7.854001
-8.173
-8.488001
-8.559
-8.527
-8.496
-8.466001
-8.537001
-8.607
-8.685
-8.772
-8.865001
-8.966001
-9.074
-9.188001
-9.308001
-9.433001
-9.563001
-9.698001
-9.836
-9.979
-10.124001
-10.271001
-10.42
-10.570001
-10.721001
-10.873
-11.023001
-11.172001
-11.319
-11.464001
-11.605
-11.743001
-11.875001
-12.002001
-12.057
-12.199
-12.343
-12.490001
-12.638
-12.788001
-12.938001
-13.087001
-13.235001
-13.302001
-13.367001
-13.432001
-13.494
-13.556001
-13.615001
-13.674001
-13.731001
-13.787001
-13.842001
-13.900001
-13.960001
-14.024001
-14.092001
-14.162001
-14.237
-14.315001
-14.396001
-14.481001
-14.569
-14.660001
-14.753
-14.849001
-14.946001
-15.046
-15.147
-15.248001
-15.35
-15.451001
-15.551001
-15.650001
-15.747001
-15.842001
-15.932001
-16.019001
-16.101
-16.177
-16.246
-16.309
-16.363001
-16.409
-16.444
-16.469
-16.483002
-16.484001
-16.472
-16.446001
-16.405001
-16.451
-16.492001
-16.529001
-16.571001
-16.609001
-16.571001
-16.531
-16.487001
-16.442001
-16.393002
-16.342001
-16.313002
-16.285
-16.220001
-16.156
-16.092001
-16.030001
-15.968
-15.907001
-15.847001
-15.788001
-15.73
-15.672001
-15.615001
-15.559001
-15.504001
-15.449
-15.396001
-15.342001
-15.290001
-15.238001
-15.187
-15.137001
-15.087001
-15.072001
-15.058001
-15.044001
-15.030001
-15.016001
-15.002001
-14.987
-14.971001
-14.881001
-14.790001
-14.696001
-14.601001
-14.502001
-14.401001
-14.295001
-14.184001
-14.068001
-13.946001
-13.818001
-13.683001
-13.540001
-13.389001
-13.229001
-13.06
-12.881001
-12.692
-12.492001
-12.281
-12.057
-11.822001
-11.574
-11.313001
-11.039001
-10.751
-10.449
-10.133
-9.803
-9.458
-9.098001
-8.724
-8.336
-7.932
-7.515
-7.083
-6.637
-6.33
-6.011
-5.68
-5.735
-5.789001
-5.9
-6.01
-6.118001
-6.225
-6.33
-6.434
-6.537
-6.638
-6.738
-6.836
-6.934
-7.03
-7.275001
-7.505001
-7.721
-7.76
-7.477
-7.188
-6.892
-6.589
-6.278
-5.959
-5.631
-5.295
-4.949
-4.594
-4.23
-3.856
-3.472
-3.078
-2.674
-2.26
-1.836
-1.403
-0.96
-0.507
-0.046
0.425
0.903
1.39
1.884
2.385
2.892
3.405
3.923
4.444
4.282
4.123
3.968
3.816
3.668
3.523
3.381
3.243
3.107
2.975
2.846
2.719
2.595
2.475
2.357
2.241
1.855
1.477
1.093
0.704
0.309
-0.092
-0.497
-0.908
-1.322
-1.742
-2.165
-2.423
-2.69
-2.964
-3.247
-3.536
-3.535
-3.533
-3.532
-3.531
-3.529
-3.528
-3.527
-3.525
-3.524
-3.523
-3.522
-3.521
-3.52
-3.505
-3.379
-3.254
-3.131
-3.01
-2.89
-2.772
-2.656
-2.541
-2.427
-2.315
-2.205
-2.096
-1.988
-1.864
-1.895
-1.925
-1.954
-1.982
-2.011
-2.038
-2.065
-2.092
-2.118
-2.143
-2.168
-2.193
-2.217
-2.241
-2.264
-2.287
-2.309
-2.331
-2.352
-2.374
-2.394
-2.414
-2.434
-2.454
-2.473
-2.492
-2.51
-2.64
-2.768
-2.894
-3.018
-3.141
-3.263
-3.382
-3.5
-3.617
-3.732
-3.845
-3.957
-3.945
-3.934
-3.922
-3.912
-3.901
-3.891
-3.88
-3.87
-3.861
-3.838
-3.815
-3.793
-3.771
-3.749
-3.728
-3.707
-3.687
-3.667
-3.66
-3.654
-3.648
-3.643
-3.637
-3.632
-3.626
-3.621
-3.616
-3.611
-3.607
-3.602
-3.598
-3.593
-3.589
-3.585
-3.581
-3.577
-3.573
-3.569
-3.565
-3.562
-3.558
-3.555
-3.552
-3.549
-3.546
-3.543
-3.54
-3.523
-3.507
-3.491
-3.475
-3.46
-3.445
-3.43
-3.415
-3.503
-3.619
-3.734
-3.859
-3.995
-4.139
-4.294
-4.457
-4.629
-4.809
-4.997
-5.192
-5.395
-5.604
-5.819
-6.04
-6.267
-6.647
-7.026
-7.405
-7.783
-8.160001
-8.535001
-8.907001
-9.275001
-9.64
-9.999001
-10.353001
-10.701
-11.041
-11.374001
-11.697001
-12.01
-12.313001
-12.456
-12.605
-12.758
-12.915001
-12.917001
-12.920001
-12.922001
-12.924001
-12.926001
-12.928
-12.93
-12.932
-12.934001
-12.935
-12.937
-12.939001
-12.941001
-12.942
-12.951
-12.969001
-12.994
-13.027
-13.068001
-13.117001
-13.175
-13.240001
-13.314001
-13.395
-13.483001
-13.579
-13.681001
-13.791
-13.906001
-14.027
-14.154
-14.285001
-14.421
-14.56
-14.703001
-14.848001
-14.994
-15.142001
-15.291
-15.439001
-15.52
-15.598001
-15.672001
-15.743001
-15.809001
-15.870001
-15.924001
-15.971001
-16.01
-16.040001
-16.061001
-16.071001
-16.042
-16.013
-15.985001
-15.957001
-15.93
-15.903001
-15.876
-15.85
-15.824
-15.799001
-15.775001
-15.753001
-15.733001
-15.714001
-15.697001
-15.681001
-15.667001
-15.653001
-15.631001
-15.610001
-15.516001
-15.424001
-15.332001
-15.242001
-15.153001
-15.066001
-14.979001
-14.894001
-14.81
-14.726001
-14.644001
-14.564001
-14.484001
-14.405001
-14.327001
-14.251
-14.175001
-14.1
-14.102
-14.103001
-14.104001
-14.105
-14.107
-14.108001
-14.109
-14.073001
-14.037001
-14.001
-13.966001
-13.932001
-13.898001
-13.864
-13.831
-13.798
-13.766001
-13.734
-13.703001
-13.672001
-13.642
-13.611001
-13.582001
-13.552001
-13.523001
-13.495001
-13.467001
-13.439001
-13.411
-13.384001
-13.358001
-13.303
-13.250001
-13.197001
-13.145
-13.094001
-13.043
-12.993001
-12.951
-12.964001
-12.977
-12.990001
-13.003
-13.015
-13.028001
-13.040001
-13.052001
-13.065001
-13.077001
-13.089001
-13.028001
-12.969001
-12.911
-12.853001
-12.796
-12.739
-12.684001
-12.629001
-12.575001
-12.522
-12.469001
-12.417001
-12.440001
-12.462001
-12.484
-12.505001
-12.527
-12.547001
-12.568001
-12.589001
-12.609
-12.629001
-12.648001
-12.668
-12.687
-12.706
-12.724001
-12.743001
-12.761001
-12.779
-12.796
-12.814001
-12.831
-12.848001
-12.865001
-12.881001
-12.898001
-12.914001
-12.929001
-12.945001
-12.961
-12.976001
-12.991
-13.006001
-13.02
-13.035001
-13.049001
-13.063001
-13.077001
-13.091001
-13.104001
-13.118001
-13.131001
-13.144001
-13.157001
-13.169001
-13.182
-13.194
-13.206
-13.218
-13.23
-13.242001
-13.253
-13.263
-13.271001
-13.276001
-13.280001
-13.281001
-13.280001
-13.277
-13.271001
-13.261001
-13.249001
-13.233001
-13.213
-13.188001
-13.160001
-13.126
-13.087001
-13.042001
-12.991
-12.933001
-12.869
-12.796
-12.716001
-12.628
-12.531
-12.424001
-12.307
-12.181001
-12.043
-11.895
-11.735001
-11.562
-11.378
-11.181001
-10.97
-10.746
-10.508
-10.256001
-9.990001
-9.709001
-9.413
-9.102
-8.776
-8.435
-8.078
-7.707
-7.32
-6.918
-6.501
-6.07
-5.624
-5.164
-4.69
-4.204
-3.704
-3.193
-2.67
-2.136
-1.593
-1.04
-0.479
0.089
0.09
0.09
0.091
0.091
0.091
0.092
0.092
0.093
0.093
0.093
0.094
0.094
0.094
0.095
0.095
0.095
0.096
0.096
0.096
0.097
0.097
0.097
0.097
0.098
0.098
0.098
0.099
0.099
0.099
0.099
0.1
0.1
0.1
0.1
0.1
0.1
0.1
0.1
0.1
0.099
0.099
0.099
0.099
0.099
0.098
0.098
0.098
0.099
0.099
0.099
0.099
0.1
0.1
0.1
0.1
0.1
0.101
0.101
0.101
0.101
0.101
0.102
0.102
0.102
0.102
0.102
0.102
0.103
0.103
0.103
0.103
0.103
0.103
0.104
0.104
0.104
0.104
0.104
0.104
0.104
0.105
0.105
0.105
0.105
0.105
0.105
0.105
0.105
0.106
0.106
0.106
0.106
0.106
0.106
0.106
0.106
0.106
0.107
0.107
0.107
0.107
0.107
0.107
0.107
0.107
0.107
0.107
0.107
0.108
0.108
0.108
0.108
0.108
0.108
0.108
0.108
0.108
0.108
0.108
0.108
0.108
0.109
0.109
0.109
0.109
0.109
0.109
0.109
0.109
0.109
0.109
0.109
0.109
0.109
0.109
0.109
0.109
0.11
0.11
0.11
0.11
0.11
0.11
0.11
0.11
0.11
0.11
0.11
0.11
0.11
0.11
0.11
0.11
0.11
0.11
0.11
0.11
0.11
0.111
0.111
0.111
0.111
0.111
0.112
0.112
0.113
0.114
0.115
0.115
0.116
0.117
0.117
0.118
0.119
0.119
0.12
0.121
0.121
0.122
0.122
0.123
0.123
0.124
0.125
0.125
0.126
0.126
0.126
0.127
0.127
-0.168
-0.457
-0.74
-1.016
-1.301
-1.596
-1.899
-2.21
-2.53
-2.858
-3.194
-3.537
-3.887
-4.244
-4.608
-4.977
-5.353
-5.734
-6.119
-6.509
-6.903
-7.3
-7.7
-8.102
-8.506001
-8.910001
-9.061001
-9.209001
-9.353001
-9.494
-9.632001
-9.767
-9.637
-9.51
-9.383
-9.257
-9.134001
-9.014001
-8.896001
-8.780001
-8.667001
-8.556001
-8.447001
-8.34
-8.235001
-8.133
-8.032001
-7.934
-7.837
-7.743001
-7.650001
-7.559
-7.47
-7.531
-7.603
-7.688
-7.783
-7.89
-8.006001
-8.133
-8.27
-8.415
-8.569
-8.731
-8.901
-9.077001
-9.261001
-9.450001
-9.644
-9.843
-10.047001
-10.254001
-10.463
-10.675
-10.888
-11.103001
-11.317
-11.530001
-11.558001
-11.585001
-11.474001
-11.356001
-11.231001
-11.099001
-10.960001
-10.701
-10.435
-10.162001
-9.882001
-9.594001
-9.299001
-8.995001
-8.684
-8.365001
-8.037001
-7.7
-7.355
-7.002
-6.64
-6.269001
-5.889
-5.334
-4.773
-4.205
-3.63
-3.05
-2.464
-1.873
-1.276
-0.676
-0.072
0.535
1.145
1.756
2.368
2.979
3.589
4.197
4.801
5.033
5.259
5.48
5.425
5.371
5.319
4.957
4.602
4.256
3.917
3.586
3.263
2.947
2.638
2.336
2.028
1.713
1.393
1.067
0.734
0.395
0.049
-0.303
-0.662
-1.027
-1.399
-1.777
-2.161
-2.55
-2.946
-3.347
-3.753
-3.868
-3.998
-4.143
-4.303
-4.477
-4.401
-4.328
-4.255
-4.185
-3.814
-3.451
-3.279
-3.109
-2.942
-2.777
-2.614
-2.453
-2.294
-2.138
-1.983
-1.818
-1.641
-1.454
-1.256
-1.048
-0.831
-0.738
-0.632
-0.515
-0.387
-0.246
-0.094
0.069
0.243
0.249
0.254
0.259
0.262
0.265
0.268
0.27
0.273
0.276
0.278
0.281
0.283
0.286
0.288
0.398
0.506
0.613
0.744
0.873
1.001
1.127
1.251
1.373
1.494
1.613
1.731
1.847
1.961
2.074
2.186
2.296
2.404
2.512
2.617
2.721
2.824
2.926
3.026
3.125
3.222
3.318
3.413
3.507
3.599
3.691
3.78
3.869
3.957
4.043
4.128
4.212
4.295
4.377
4.3
4.223
4.149
4.075
4.004
3.934
3.865
3.797
3.731
3.552
3.375
3.201
3.029
2.859
2.692
2.526
2.363
2.202
2.044
1.887
1.732
1.58
1.43
1.281
1.135
0.99
0.848
0.707
0.568
0.566
0.565
0.563
0.562
0.56
0.559
0.558
0.556
0.555
0.552
0.548
0.545
0.542
0.539
0.536
0.533
0.53
0.527
0.524
0.521
0.519
0.516
0.513
0.513
0.512
0.512
0.511
0.511
0.51
0.51
0.51
0.509
0.509
0.509
0.508
0.512
0.516
0.519
0.523
0.526
0.529
0.533
0.536
0.552
0.581
0.623
0.678
0.747
0.83
1.212
1.6
1.993
2.391
2.793
3.199
3.609
4.023
4.44
4.86
5.283
5.707
6.133
6.56
6.988
7.415
7.842
8.267
8.689
9.109
9.525001
9.936001
10.341001
10.739
11.131001
11.513
11.886001
12.249001
12.6
12.938001
13.057
13.172001
13.286
13.396001
13.504001
13.610001
13.713
13.639001
13.566001
13.495001
13.426001
13.35
13.268001
13.179001
13.082001
12.978001
12.865001
12.705001
12.537001
12.362
12.178
11.987
11.786
11.577001
11.358001
11.129001
10.891001
10.643001
10.384001
10.115001
9.834001
9.543
9.240001
8.926001
8.6
8.262
7.913001
7.552001
7.178
6.793
6.396
5.987
5.567
5.135
4.692
4.237
3.773
3.297
2.812
2.317
1.814
1.302
0.782
0.255
-0.279
-0.818
-1.362
-1.909
-2.46
-3.013
-3.567
-4.121
-4.674
-5.224
-5.771
-6.313
-6.349
-6.384
-6.419
-6.452
-6.485
-6.364
-6.245
-6.127
-6.011
-5.897
-5.783
-5.672
-5.562
-5.453
-5.346
-5.24
-5.136
-5.033
-4.932
-4.831
-4.733
-4.635
-4.539
-4.619
-4.711
-4.873
-5.044
-5.224
-5.412
-5.609
-5.812
-6.022
-6.238
-6.460001
-6.686
-6.917
-7.151
-7.389
-7.628
-7.87
-8.112
-8.506001
-8.892
-9.27
-9.639001
-9.997001
-10.345
-10.681001
-11.004001
-11.314
-11.609
-11.889001
-12.153001
-12.399
-12.627001
-12.836
-12.947001
-13.054001
-13.159
-12.984
-12.813001
-12.646001
-12.483001
-12.323001
-12.167001
-12.014001
-11.865001
-11.719001
-11.577001
-11.438001
-11.302001
-11.168
-11.038
-10.911
-10.787001
-10.665001
-10.547001
-10.431001
-10.317
-10.206
-10.098001
-9.992001
-9.888
-9.796
-9.962001
-10.133
-10.309
-10.490001
-10.676001
-10.866
-11.061001
-11.259001
-11.461
-11.666
-11.874001
-12.084001
-12.297001
-12.51
-12.724001
-12.939001
-13.153001
-13.367001
-13.490001
-13.612
-13.732
-13.85
-13.964001
-14.075001
-14.181001
-14.281001
-14.375001
-14.462001
-14.460001
-14.457001
-14.455001
-14.452001
-14.449
-14.447001
-14.444
-14.442
-14.439001
-14.437
-14.434001
-14.435
-14.438001
-14.445001
-14.453001
-14.464001
-14.477
-14.491001
-14.507001
-14.524001
-14.541
-14.558001
-14.574
-14.590001
-14.604001
-14.617001
-14.627001
-14.634001
-14.638
-14.637001
-14.632001
-14.622001
-14.606001
-14.583001
-14.499001
-14.407001
-14.309001
-14.249001
-14.190001
-14.131001
-14.073001
-14.016001
-13.960001
-13.905001
-13.85
-13.797001
-13.741001
-13.687
-13.633
-13.580001
-13.528001
-13.477
-13.426001
-13.376
-13.326
-13.277
-13.229001
-13.182
-13.135
-13.088
-13.043
-12.998
-12.953001
-12.909
-12.866
-12.823001
-12.781
-12.739
-12.698001
-12.658001
-12.618001
-12.579
-12.540001
-12.502001
-12.465
-12.428
-12.349001
-12.27
-12.193001
-12.117001
-12.061001
-12.006001
-11.952001
-11.899
-11.846001
-11.794001
-11.742001
-11.691001
-11.641001
-11.59
-11.536
-11.48
-11.421
-11.442
-11.460001
-11.474001
-11.484
-11.491
-11.493001
-11.491
-11.485001
-11.474001
-11.457001
-11.435
-11.408001
-11.437
-11.465
-11.493001
-11.521001
-11.549001
-11.576
-11.602
-11.629001
-11.655001
-11.68
-11.705001
-11.73
-11.755
-11.779
-11.799001
-11.814
-11.825001
-11.832001
-11.834001
-11.831
-11.824
-11.812
-11.795001
-11.772
-11.744
-11.710001
-11.669001
-11.623
-11.570001
-11.51
-11.442
-11.367001
-11.284
-11.193001
-11.092001
-10.983001
-10.864
-10.881001
-10.897
-10.912001
-10.928
-10.943001
-10.958
-10.926001
-10.895
-10.863001
-10.833
-10.802
-10.772
-10.742001
-10.713
-10.684001
-10.656
-10.628
-10.6
-10.572001
-10.545
-10.519
-10.492001
-10.466001
-10.441001
-10.409
-10.371
-10.327001
-10.277
-10.267
-10.251
-10.227
-10.197001
-10.159
-8.351001
-4.784
-4.145
-2.399
-2.22
-1.376
-1.322
-0.906
-0.894
-0.692
-0.687
-0.588
-0.583
-0.398
-0.32
-0.225
-0.182
-0.129
-0.101
-0.068
-0.047
-0.022
0.016
-0.023
0.028
0.066
0.104
0.141
0.178
0.214
0.25
0.285
0.32
0.355
0.239
0.124
0.012
-0.099
-0.209
-0.317
-0.423
-0.528
-0.631
-0.733
-0.833
-0.932
-1.029
-1.094
-1.159
-1.222
-1.285
-1.346
-1.407
-1.467
-1.526
-1.584
-1.641
-1.697
-1.752
-1.807
-1.861
-1.914
-1.966
-2.017
-2.068
-2.118
-2.167
-2.215
-2.263
-2.31
-2.357
-2.402
-2.447
-2.383
-2.32
-2.257
-2.195
-2.135
-2.062
-1.985
-1.904
-1.817
-1.725
-1.627
-1.523
-1.413
-1.297
-1.175
-1.046
-1.068
-1.081
-1.086
-1.172
-1.258
-1.342
-1.424
-1.587
-1.747
-1.905
-2.061
-2.215
-2.367
-2.517
-2.665
-2.81
-2.954
-3.096
-3.237
-3.375
-3.511
-3.552
-3.593
-3.633
-3.673
-3.712
-3.75
-3.788
-3.826
-3.856
-3.878
-3.892
-3.899
-3.753
-3.6
-3.441
-3.275
-3.102
-2.922
-2.735
-2.541
-2.34
-2.131
-1.914
-1.69
-1.459
-1.358
-1.259
-1.161
-1.08
-0.999
-1.044
-1.088
-1.131
-1.174
-1.216
-1.257
-1.297
-1.336
-1.375
-1.412
-1.45
-1.486
-1.522
-1.557
-1.591
-1.625
-1.658
-1.69
-1.722
-1.754
-1.784
-1.814
-1.844
-1.873
-1.92
-1.966
-2.012
-2.057
-2.101
-1.992
-1.884
-1.778
-1.673
-1.569
-1.467
-1.367
-1.267
-1.169
-1.073
-0.977
-0.873
-0.761
-0.641
-0.512
-0.375
-0.23
-0.076
0.086
0.257
0.435
0.622
0.816
1.019
1.229
1.447
1.673
1.906
2.146
2.393
2.646
2.906
3.173
3.444
3.722
3.837
3.961
4.094
4.155
4.221
4.058
3.898
3.74
3.584
3.43
3.279
3.129
2.981
2.835
2.691
2.549
2.409
2.271
2.135
2.0
1.867
1.736
1.607
1.48
1.354
1.23
1.107
0.986
0.867
0.858
0.849
0.84
0.832
0.823
0.815
0.807
0.799
0.792
0.784
0.777
0.77
0.763
0.756
0.749
0.742
0.736
0.73
0.724
0.716
0.708
0.701
0.693
0.686
0.679
0.672
0.665
0.658
0.652
0.645
0.639
0.633
0.627
0.621
0.615
0.61
0.606
0.602
0.599
0.595
0.592
0.588
0.585
0.582
0.579
0.576
0.573
0.57
0.567
0.564
0.561
0.559
0.556
0.554
0.551
0.549
0.547
0.544
0.542
0.54
0.538
0.536
0.534
0.532
0.53
0.528
0.526
0.524
0.522
0.521
0.519
0.517
0.516
0.514
0.513
0.511
0.51
0.508
0.507
0.506
0.504
0.503
0.502
0.501
0.499
0.498
0.497
0.496
0.495
0.494
0.493
0.492
0.491
0.49
0.489
0.488
0.487
0.487
0.486
0.485
0.484
0.483
0.483
0.482
0.481
0.481
0.48
0.479
0.479
0.478
0.476
0.473
0.471
0.469
0.466
0.464
0.462
0.46
0.458
0.456
0.454
0.452
0.45
0.448
0.446
0.444
0.442
0.44
0.439
0.437
0.435
0.433
0.432
0.43
0.429
0.427
0.425
0.424
0.422
0.421
0.419
0.418
0.417
0.415
0.414
0.412
0.411
0.41
0.409
0.407
0.406
0.405
0.404
0.403
0.401
0.4
0.399
0.4
0.401
0.401
0.402
0.403
0.403
0.404
0.405
0.405
0.406
0.407
0.407
0.408
0.409
0.409
0.41
0.41
0.411
0.412
0.412
0.413
0.413
0.414
0.414
0.415
0.416
0.416
0.417
0.417
0.418
0.418
0.419
0.419
0.42
0.42
0.421
0.421
0.422
0.422
0.423
0.423
0.424
0.424
0.425
0.425
0.426
0.426
0.427
0.427
0.427
0.428
0.428
0.429
0.429
0.43
0.43
0.43
0.431
0.431
0.431
0.432
0.432
0.433
0.433
0.433
0.434
0.434
0.434
0.435
0.435
0.436
0.436
0.436
0.437
0.437
0.437
0.438
0.438
0.438
0.438
0.439
0.439
0.439
0.44
0.44
0.44
0.441
0.441
0.441
0.441
0.442
0.442
0.442
0.442
0.443
0.443
0.443
0.444
0.444
0.444
0.444
0.445
0.445
0.445
0.445
0.445
0.446
0.446
0.446
0.446
0.447
0.447
0.447
0.447
0.447
0.448
0.448
0.448
0.448
0.448
0.449
0.449
0.449
0.449
0.449
0.45
0.45
0.45
0.45
0.45
0.45
0.451
0.451
0.451
0.451
0.451
0.451
0.452
0.452
0.452
0.452
0.452
0.452
0.452
0.453
0.453
0.453
0.453
0.453
0.319
0.321
0.323
0.325
0.327
0.328
0.33
0.332
0.332
0.332
0.332
0.332
0.332
0.332
0.332
0.332
0.332
0.331
0.331
0.331
0.331
0.331
0.331
0.331
0.331
0.331
0.331
0.331
0.331
0.333
0.334
0.336
0.338
0.34
0.341
0.343
0.344
0.346
0.348
0.349
0.351
0.352
0.354
0.355
0.357
0.358
0.359
0.361
0.362
0.364
0.365
0.366
0.368
0.369
0.37
0.371
0.373
0.374
0.375
0.376
0.377
0.378
0.38
0.381
0.382
0.383
0.384
0.385
0.386
0.387
0.388
0.389
0.39
0.391
0.392
0.393
0.394
0.395
0.396
0.397
0.398
0.399
0.399
0.4
0.401
0.406
0.41
0.415
0.419
0.423
0.427
0.431
0.435
0.439
0.442
0.446
0.45
0.453
0.456
0.46
0.463
0.466
0.469
0.472
0.475
0.478
0.481
0.484
0.486
0.489
0.492
0.494
0.497
0.499
0.501
0.504
0.506
0.508
0.51
0.512
0.514
0.516
0.518
0.52
0.522
0.524
0.526
0.527
0.529
0.531
0.532
0.534
0.536
0.537
0.539
0.54
0.542
0.543
0.544
0.546
0.547
0.548
0.549
0.551
0.253
-0.038
-0.168
-0.295
-0.421
-0.546
-0.668
-0.789
-0.909
-1.026
-1.143
-1.257
-1.222
-1.188
-1.155
-1.122
-1.09
-1.059
-1.028
-0.998
-0.968
-0.939
-0.911
-0.883
-0.856
-0.829
-0.803
-0.777
-0.752
-0.727
-0.703
-0.68
-0.657
-0.634
-0.612
-0.59
-0.568
-0.548
-0.527
-0.507
-0.487
-0.468
-0.449
-0.431
-0.427
-0.439
-0.466
-0.508
-0.563
-0.633
-0.717
-0.815
-0.796
-0.791
-0.8
-0.822
-0.856
-0.903
-0.963
-1.034
-1.117
-1.212
-1.318
-1.434
-1.562
-1.7
-1.571
-1.444
-1.319
-1.195
-1.226
-1.256
-1.285
-1.314
-1.342
-1.37
-1.397
-1.424
-1.45
-1.475
-1.5
-1.514
-1.528
-1.541
-1.554
-1.566
-1.578
-1.59
-1.602
-1.613
-1.624
-1.635
-1.645
-1.655
-1.665
-1.675
-1.684
-1.694
-1.702
-1.711
-1.72
-1.728
-1.736
-1.744
-1.751
-1.759
-1.766
-1.773
-1.78
-1.786
-1.793
-1.799
-1.805
-1.822
-1.967
-2.123
-2.289
-2.464
-2.648
-2.841
-3.043
-3.253
-3.47
-3.695
-3.927
-4.166
-4.412
-4.663
-4.919
-5.18
-5.446
-5.716
-5.99
-6.266
-6.545
-6.825
-7.106
-7.388
-7.563
-7.744
-7.93
-8.121
-8.317
-8.296
-8.277
-8.258
-8.239
-8.221001
-8.203
-8.186001
-8.169001
-8.152
-8.136001
-8.121
-8.106
-8.091001
-8.076
-8.062
-8.049001
-8.035001
-8.022
-8.01
-7.997
-7.985001
-7.944
-7.903
-7.764
-7.627
-7.493001
-7.359
-7.228
-7.099
-6.971
-6.845
-6.72
-6.597
-6.476
-6.357
-6.239
-6.115
-5.993001
-6.018
-6.043
-6.067
-6.091
-6.115
-6.138
-6.172
-6.214
-6.267
-6.329
-6.4
-6.48
-6.57
-6.668
-6.775
-6.89
-7.013
-7.144001
-7.282001
-7.428
-7.581
-7.74
-7.905
-8.077001
-8.253
-8.435
-8.621
-8.811001
-9.004001
-9.201
-9.400001
-9.419001
-9.438001
-9.457001
-9.475
-9.493
-9.511001
-9.529
-9.546
-9.563001
-9.580001
-9.463
-9.348001
-9.234
-9.122001
-9.012
-8.902
-8.795
-8.688001
-8.583
-8.575001
-8.567
-8.559
-8.593
-8.627001
-8.659
-8.692
-8.724
-8.755
-8.786
-8.816
-8.846001
-8.884001
-8.93
-9.026
-9.127001
-9.235001
-9.347
-9.464001
-9.586
-9.71
-9.769
-9.828
-9.886001
-9.900001
-9.915001
-9.929001
-9.943001
-9.957001
-9.971001
-9.985001
-9.955001
-9.926001
-9.897
-9.868
-9.84
-9.812
-9.785001
-9.758
-9.731001
-9.705001
-9.679001
-9.653001
-9.628
-9.604
-9.579
-9.555
-9.532001
-9.508
-9.485001
-9.463
-9.484
-9.505
-9.525001
-9.546
-9.566
-9.586
-9.613001
-9.647
-9.687
-9.734
-9.788
-9.848001
-9.914001
-9.986
-10.064
-10.147
-10.235001
-10.328
-10.426001
-10.528001
-10.633
-10.742001
-10.854
-10.969001
-11.085001
-11.203
-11.322001
-11.441001
-11.561001
-11.679001
-11.797001
-11.912001
-11.931001
-11.949
-11.967001
-11.984
-12.002001
-12.019001
-12.036
-12.052001
-12.069
-12.085001
-12.101001
-12.117001
-12.133
-12.148001
-12.163
-12.179001
-12.193001
-12.208
-12.223001
-12.237
-12.251
-12.265
-12.279
-12.292001
-12.306001
-12.319
-12.332001
-12.345
-12.357
-12.370001
-12.382001
-12.395
-12.407001
-12.418
-12.43
-12.442
-12.453001
-12.465
-12.476001
-12.487
-12.498
-12.508
-12.519001
-12.529
-12.540001
-12.55
-12.56
-12.570001
-12.579
-12.589001
-12.599001
-12.613001
-12.631001
-12.654
-12.681001
-12.712001
-12.747001
-12.785001
-12.826
-12.871
-12.918
-12.967001
-13.019001
-13.071001
-13.125001
-13.18
-13.235001
-13.289001
-13.343
-13.395
-13.445001
-13.493001
-13.538001
-13.579
-13.616
-13.648001
-13.675
-13.696001
-13.709001
-13.716001
-13.714001
-13.704
-13.684001
-13.654
-13.613001
-13.561001
-13.497001
-13.420001
-13.331
-13.227
-13.109
-12.975
-12.827001
-12.662001
-12.481001
-12.282001
-12.067
-11.833
-11.582001
-11.312
-11.023001
-10.716001
-10.389001
-10.044001
-9.68
-9.296
-8.894
-8.473001
-8.033
-7.576
-7.1
-6.607
-6.097
-5.571
-5.03
-4.473
-3.903
-3.32
-2.724
-2.118
-1.501
-0.876
-0.244
0.395
0.395
0.395
0.395
0.394
0.394
0.394
0.393
0.391
0.389
0.388
0.386
0.385
0.383
0.382
0.38
0.379
0.377
0.376
0.374
0.373
0.372
0.37
0.369
0.368
0.366
0.365
0.364
0.363
0.362
0.36
0.359
0.358
0.357
0.356
0.355
0.354
0.353
0.351
0.35
0.349
0.348
0.347
0.346
0.345
0.344
0.344
0.343
0.342
0.342
0.343
0.344
0.344
0.345
0.345
0.346
0.346
0.347
0.348
0.348
0.349
0.349
0.35
0.35
0.351
0.351
0.352
0.352
0.353
0.353
0.354
0.354
0.355
0.355
0.356
0.356
0.356
0.357
0.357
0.358
0.358
0.359
0.359
0.359
0.36
0.36
0.361
0.361
0.361
0.362
0.362
0.363
0.363
0.363
0.364
0.364
0.364
0.365
0.365
0.365
0.366
0.366
0.366
0.367
0.367
0.367
0.368
0.368
0.368
0.368
0.369
0.369
0.369
0.37
0.37
0.37
0.37
0.371
0.371
0.371
0.371
0.372
0.372
0.372
0.372
0.373
0.373
0.373
0.373
0.374
0.374
0.374
0.374
0.375
0.375
0.375
0.375
0.375
0.376
0.376
0.376
0.376
0.376
0.377
0.377
0.377
0.377
0.376
0.375
0.373
0.372
0.371
0.369
0.368
0.367
0.366
0.365
0.363
0.362
0.361
0.36
0.359
0.358
0.357
0.356
0.355
0.353
0.352
0.351
0.35
0.349
0.349
0.348
0.347
0.346
0.345
0.344
0.348
0.351
0.355
0.358
0.362
0.365
0.368
0.371
0.374
0.377
0.38
0.383
0.386
0.389
0.392
0.394
0.397
0.399
0.402
0.404
0.407
0.409
0.411
0.413
0.415
0.418
0.42
0.422
0.424
0.425
0.427
0.429
0.431
0.433
0.434
0.436
0.438
0.439
0.441
0.442
0.444
0.445
0.447
0.448
0.45
0.451
0.452
0.453
0.455
0.456
0.457
0.458
0.459
0.461
0.462
0.463
0.464
0.465
0.466
0.467
0.468
0.467
0.466
0.465
0.464
0.463
0.462
0.461
0.46
0.459
0.458
0.457
0.456
0.455
0.455
0.454
0.453
0.452
0.451
0.45
0.45
0.449
0.448
0.447
0.447
0.446
0.445
0.429
0.397
0.349
0.287
0.21
0.119
0.013
-0.106
-0.24
-0.386
-0.546
-0.719
-0.904
-1.102
-1.312
-1.533
-1.766
-2.011
-2.266
-2.532
-2.807
-3.093
-3.388
-3.692
-4.005
-4.325
-4.654
-4.989
-5.331
-5.678
-6.031
-6.389
-6.75
-7.115
-7.482
-7.852
-8.222
-8.213
-8.205
-8.197001
-8.189
-8.181001
-8.173
-8.165
-8.157001
-8.150001
-8.142
-8.147
-8.165
-8.195001
-8.237
-8.291
-8.356
-8.432
-8.519
-8.617001
-8.724
-8.842
-8.968
-9.104
-9.247001
-9.399
-9.559
-9.725
-9.898001
-10.077001
-10.261001
-10.450001
-10.643001
-10.84
-11.040001
-11.243001
-11.447001
-11.652
-11.857
-12.062
-12.266001
-12.495001
-12.714001
-12.921
-13.116
-13.297001
-13.464001
-13.616
-13.751
-13.869
-13.97
-14.051001
-14.112
-14.152
-14.171
-14.168
-14.141001
-14.091001
-14.016001
-13.917001
-13.792001
-13.641001
-13.649001
-13.602
-13.556001
-13.51
-13.465001
-13.420001
-13.376
-13.332001
-13.289001
-13.247001
-13.205001
-13.164001
-13.123001
-13.083
-13.043
-13.004001
-12.965
-12.906
-12.848001
-12.791
-12.735001
-12.679001
-12.624001
-12.570001
-12.516001
-12.463
-12.411
-12.359
-12.309001
-12.259001
-12.209001
-12.181001
-12.153001
-12.125001
-12.097
-12.070001
-12.044001
-12.017
-11.991
-11.966001
-11.940001
-11.915001
-11.891001
-11.867001
-11.843
-11.819
-11.796
-11.773001
-11.750001
-11.728001
-11.705001
-11.684001
-11.662001
-11.641001
-11.620001
-11.599001
-11.579
-11.559001
-11.539001
-11.519001
-11.500001
-11.481001
-11.462001
-11.443001
-11.425
-11.407001
-11.389001
-11.372001
-11.354
-11.337001
-11.320001
-11.303
-11.287001
-11.271001
-11.255
-11.239
-11.223001
-11.208
-11.193001
-11.178
-11.163
-11.148001
-11.134001
-11.175
-11.216001
-11.257001
-11.296
-11.336
-11.374001
-11.412001
-11.450001
-11.487
-11.524
-11.56
-11.596001
-11.631001
-11.666
-11.700001
-11.734
-11.768001
-11.801001
-11.833
-11.865001
-11.897
-11.928
-11.959001
-11.989
-12.019001
-12.049001
-12.078001
-12.107
-12.135
-12.163
-12.191001
-12.218
-12.245001
-12.272
-12.298
-12.324
-12.349001
-12.375001
-12.400001
-12.374001
-12.349001
-12.324
-12.299001
-12.275001
-12.251
-12.227
-12.258
-12.289001
-12.319
-12.348001
-12.376
-12.404
-12.432
-12.458
-12.484
-12.51
-12.535001
-12.559001
-12.693001
-12.824
-12.952001
-13.078001
-13.200001
-13.320001
-13.437
-13.551001
-13.663001
-13.772
-13.879001
-13.983001
-14.085001
-14.185
-14.282001
-14.378
-14.471001
-14.562
-14.651001
-14.738001
-14.701001
-14.664001
-14.629001
-14.594001
-14.56
-14.527
-14.495001
-14.463
-14.432001
-14.402
-14.372001
-14.343
-14.315001
-14.287001
-14.26
-14.234
-14.208001
-14.139001
-14.070001
-14.004001
-13.939001
-13.875001
-13.813001
-13.752001
-13.693001
-13.635
-13.578001
-13.523001
-13.469001
-13.403001
-13.338
-13.274
-13.212001
-13.169001
-13.126
-13.084001
-13.099001
-13.113001
-13.127001
-13.141001
-13.155001
-13.168
-13.181001
-13.195001
-13.208
-13.221001
-13.233001
-13.246
-13.258
-13.271001
-13.283001
-13.295001
-13.307
-13.318001
-13.330001
-13.341001
-13.353001
-13.364
-13.375001
-13.386001
-13.396001
-13.407001
-13.418
-13.428
-13.438001
-13.448001
-13.458
-13.408001
-13.334001
-13.262001
-13.190001
-13.119
-13.05
-12.981001
-12.913001
-12.846001
-12.780001
-12.715
-12.650001
-12.587001
-12.524
-12.462001
-12.401001
-12.341001
-12.282001
-12.223001
-12.166
-12.109
-12.052001
-11.997001
-11.942
-11.912001
-11.943001
-11.974001
-12.121
-12.265
-12.406
-12.543
-12.678
-12.809001
-12.938001
-13.063001
-13.186001
-13.306001
-13.423
-13.538001
-13.650001
-13.76
-13.867001
-13.971001
-14.074
-14.174001
-14.271001
-14.367001
-14.460001
-14.551001
-14.641001
-14.728001
-14.813001
-14.896001
-14.978001
-15.057001
-15.135001
-15.211
-15.286
-15.358001
-15.429001
-15.499001
-15.567
-15.633
-15.698001
-15.761001
-15.823001
-15.884001
-15.943001
-15.879001
-15.816001
-15.754001
-15.694001
-15.636001
-15.578001
-15.522
-15.467001
-15.414001
-15.361001
-15.31
-15.260001
-15.211
-15.285001
-15.358001
-15.429001
-15.499001
-15.566001
-15.633
-15.698001
-15.678
-15.659
-15.64
-15.622001
-15.603001
-15.585001
-15.567
-15.550001
-15.532001
-15.515
-15.498001
-15.481001
-15.465001
-15.448001
-15.432001
-15.416
-15.401001
-15.385001
-15.370001
-15.355
-15.340001
-15.326001
-15.311001
-15.297001
-15.283001
-15.269001
-15.255001
-15.242001
-15.228001
-10.708
-10.755
-10.801001
-10.847
-10.892
-10.937
-10.981001
-11.025001
-11.067
-11.110001
-11.152
-11.193001
-11.233001
