0.0
0.0
0.0
0.0
0.0
0.0
0.0
0.0
0.0
0.0
0.0
0.0
0.0
0.0
0.0
0.0
0.0
0.0
0.0
0.0
0.0
0.0
0.0
0.0
0.0
0.0
0.0
0.0
0.0
0.0
0.0
0.0
0.0
0.0
0.0
0.0
0.0
0.0
0.0
0.0
0.0
0.0
0.0
0.0
0.0
0.0
0.0
0.0
0.0
0.0
0.0
0.0
0.0
0.0
0.0
0.0
0.0
0.0
0.0
0.0
0.0
0.0
0.0
0.0
0.0
0.0
0.0
0.0
0.0
0.0
0.0
0.0
0.0
0.0
0.0
0.0
0.0
0.0
0.0
0.0
0.0
0.0
0.0
0.0
0.0
0.0
0.0
0.0
0.0
0.0
0.0
0.0
0.0
0.0
0.0
0.0
0.0
0.0
0.0
0.0
0.0
0.0
0.0
0.0
0.0
0.0
0.0
0.0
0.0
0.0
0.0
0.0
0.0
0.0
0.0
0.0
0.0
0.0
0.0
0.0
0.0
0.0
0.0
0.0
0.0
0.0
0.0
0.0
0.0
0.0
0.0
0.0
0.0
0.0
0.0
0.0
0.0
0.0
0.0
0.0
0.0
0.0
0.0
0.0
0.0
0.0
0.0
0.0
0.0
0.0
0.0
0.0
0.0
0.0
0.0
0.0
0.0
0.0
0.0
0.0
0.0
0.0
0.0
0.0
0.0
0.0
0.0
0.0
0.0
0.0
0.0
0.0
0.0
0.0
0.0
0.0
0.0
0.0
0.0
0.0
0.0
0.0
0.0
0.0
0.0
0.0
0.0
0.0
0.0
0.0
0.0
0.0
0.0
0.0
0.0
0.0
0.0
0.0
0.0
0.0
0.0
0.0
0.0
0.0
0.0
0.0
0.0
0.0
0.0
0.0
0.0
0.0
0.0
0.0
0.0
0.0
0.0
0.0
0.0
0.0
0.0
0.0
0.0
0.0
0.0
0.0
0.0
0.0
0.0
0.0
0.0
0.0
0.0
0.0
0.0
0.0
0.0
0.0
0.0
0.0
0.0
0.0
0.0
0.0
0.0
0.0
0.0
0.0
0.0
0.0
0.0
0.0
0.0
0.0
0.0
0.0
0.0
0.0
0.0
0.0
0.0
0.0
0.0
0.0
0.0
0.0
0.0
0.0
0.0
0.0
0.0
0.0
0.0
0.0
0.0
0.0
0.0
0.0
0.0
0.0
0.0
0.0
0.0
0.0
0.0
0.0
0.0
0.0
0.0
0.0
0.0
0.0
0.0
0.0
0.0
0.0
0.0
0.0
0.0
0.0
0.0
0.0
0.0
0.0
0.0
0.0
0.0
0.0
0.0
0.0
0.0
0.0
0.0
0.0
0.0
0.0
0.0
0.0
0.0
0.0
0.0
0.0
0.0
0.0
0.0
0.0
0.0
0.0
0.0
0.0
0.0
0.0
0.0
0.0
0.0
0.0
0.0
0.0
0.0
0.0
0.0
0.0
0.0
0.0
0.0
0.0
0.0
0.0
0.0
0.0
0.0
0.0
0.0
0.0
0.0
0.0
0.0
0.0
0.0
0.0
0.0
0.0
0.0
0.0
0.0
0.0
0.0
0.0
0.0
0.0
0.0
0.0
0.0
0.0
0.0
0.0
0.0
0.0
0.0
0.0
0.0
0.661
0.007
0.323
0.012
0.163
0.015
0.087
0.016
0.051
0.05
0.049
0.048
0.047
0.046
0.045
0.044
0.043
0.042
0.041
0.04
0.04
0.039
0.038
0.037
0.037
0.036
0.035
0.034
0.034
0.033
0.032
0.032
0.031
0.03
0.03
0.029
0.029
0.028
0.027
0.027
0.026
0.026
0.025
0.025
0.024
0.024
0.023
0.023
0.022
0.022
0.021
0.021
0.021
0.02
0.02
0.019
0.019
0.019
0.018
0.018
0.017
0.017
0.017
0.016
0.016
0.016
0.015
0.015
0.015
0.014
0.014
0.014
0.014
0.013
0.013
0.013
0.012
0.012
0.012
0.012
0.011
0.011
0.011
0.011
0.011
0.01
0.01
0.01
0.01
0.009
0.009
0.009
0.009
0.009
0.009
0.008
0.008
0.008
0.008
0.008
0.007
0.007
0.007
0.007
0.007
0.007
0.007
0.006
0.006
0.006
0.006
0.006
0.006
0.006
0.006
0.005
0.005
0.005
0.005
0.005
0.005
0.005
0.005
0.005
0.004
0.004
0.004
0.004
0.004
0.004
0.004
0.004
0.004
0.004
0.004
0.003
0.003
0.003
0.003
0.003
0.003
0.003
0.003
0.003
0.003
0.003
0.003
0.003
0.003
0.002
0.002
0.002
0.002
0.002
0.002
0.002
0.002
0.002
0.002
0.002
0.002
0.002
0.002
0.002
0.002
0.002
0.002
0.002
0.002
0.001
0.001
0.001
0.001
0.001
0.001
0.001
0.001
0.001
0.001
0.001
0.001
0.001
0.001
0.001
0.001
0.001
0.001
0.001
0.001
0.001
0.001
0.001
0.001
0.001
0.001
0.001
0.001
0.001
0.001
0.001
0.001
0.001
0.001
0.0
0.0
0.0
0.0
0.0
0.0
0.0
0.0
0.0
0.0
0.0
0.0
0.0
0.0
0.0
0.0
0.0
0.0
0.0
0.0
0.0
0.0
0.0
0.0
0.0
0.0
0.0
0.0
0.0
0.0
0.0
0.0
0.0
0.0
0.0
0.0
0.0
0.0
0.0
0.0
0.0
0.0
0.0
0.0
0.0
0.0
0.0
0.0
0.0
0.0
0.0
0.0
0.0
0.0
0.0
0.0
0.0
0.0
0.0
0.0
0.0
0.0
0.0
0.0
0.0
0.0
0.0
0.0
0.0
0.0
0.0
0.0
0.0
0.0
0.0
0.0
0.0
0.0
0.0
0.0
0.0
0.0
0.0
0.0
0.0
0.0
0.0
0.0
0.0
0.0
0.0
0.0
0.0
0.0
0.0
0.0
0.0
0.0
0.0
0.0
0.0
0.0
0.0
0.0
0.0
0.0
0.0
0.0
0.0
0.0
0.0
0.0
0.0
0.0
0.0
0.0
0.0
0.0
0.0
0.0
0.0
0.0
0.0
0.0
0.0
0.0
0.0
0.0
0.0
0.0
0.0
0.0
0.0
0.0
0.0
0.0
0.0
0.0
0.0
0.0
0.0
0.0
0.0
0.0
0.0
0.0
0.0
0.0
0.0
0.0
0.0
0.0
0.0
0.0
0.0
0.0
0.0
0.0
0.0
0.0
0.0
0.0
0.0
0.0
0.0
0.0
0.0
0.0
0.0
0.0
0.0
0.0
0.0
0.0
0.0
0.0
0.0
0.0
0.0
0.0
0.0
0.0
0.0
0.0
0.0
0.0
0.0
0.0
0.0
0.0
0.0
0.109
0.217
0.324
0.43
0.534
0.636
0.737
0.837
0.82
0.804
0.788
0.772
0.757
0.742
0.727
0.712
0.698
0.684
0.67
0.657
0.644
0.631
0.618
0.606
0.594
0.582
0.57
0.559
0.548
0.537
0.526
0.515
0.505
0.495
0.485
0.475
0.466
0.456
0.447
0.438
0.43
0.421
0.413
0.404
0.396
0.388
0.38
0.373
0.365
0.358
0.351
0.344
0.337
0.33
0.324
0.317
0.311
0.305
0.298
0.292
0.287
0.281
0.275
0.27
0.264
0.259
0.254
0.249
0.244
0.239
0.234
0.229
0.225
0.22
0.216
0.212
0.207
0.203
0.199
0.195
0.191
0.187
0.184
0.18
0.176
0.173
0.169
0.166
0.163
0.159
0.156
0.153
0.15
0.147
0.144
0.141
0.138
0.135
0.133
0.13
0.127
0.125
0.122
0.12
0.118
0.115
0.113
0.111
0.108
0.106
0.104
0.102
0.1
0.098
0.096
0.094
0.092
0.09
0.088
0.087
0.195
0.302
0.408
0.537
0.664
0.79
0.913
1.036
1.156
1.275
1.392
1.508
1.622
1.735
1.846
1.956
2.064
2.171
2.276
2.231
2.186
2.143
2.1
2.058
2.017
1.976
1.937
1.898
1.86
1.823
1.786
1.751
1.716
1.681
1.648
1.615
1.483
1.354
1.226
1.1
0.976
0.828
0.683
0.539
0.398
0.258
0.12
-0.015
-0.15
-0.282
-0.413
-0.541
-0.644
-0.745
-0.845
-0.943
-1.04
-1.136
-1.231
-1.324
-1.416
-1.507
-1.477
-1.447
-1.418
-1.39
-1.362
-1.335
-1.308
-1.282
-1.256
-1.231
-1.207
-1.183
-1.159
-1.136
-1.113
-1.091
-1.069
-1.048
-1.027
-1.006
-0.986
-0.966
-0.947
-0.928
-0.91
-0.891
-0.874
-0.856
-0.839
-0.822
-0.806
-0.79
-0.774
-0.758
-0.743
-0.728
-0.714
-0.7
-0.686
-0.672
-0.658
-0.645
-0.632
-0.62
-0.607
-0.595
-0.583
-0.572
-0.56
-0.549
-0.538
-0.527
-0.517
-0.507
-0.496
-0.486
-0.477
-0.467
-0.458
-0.449
-0.44
-0.431
-0.422
-0.414
-0.406
-0.398
-0.39
-0.382
-0.374
-0.367
-0.359
-0.352
-0.345
-0.338
-0.332
-0.325
-0.318
-0.312
-0.306
-0.3
-0.294
-0.288
-0.282
-0.277
-0.271
-0.266
-0.26
-0.255
-0.25
-0.245
-0.24
-0.235
-0.231
-0.226
-0.222
-0.217
-0.213
-0.209
-0.204
-0.2
-0.196
-0.192
-0.189
-0.185
-0.181
-0.177
-0.174
-0.17
-0.167
-0.164
-0.16
-0.157
-0.154
-0.151
-0.148
-0.145
-0.142
-0.139
-0.137
-0.134
-0.131
-0.129
-0.126
-0.124
-0.121
-0.119
-0.116
-0.114
-0.112
-0.109
-0.107
-0.105
-0.103
-0.101
-0.099
-0.097
-0.095
-0.093
-0.091
-0.09
-0.088
-0.086
-0.084
-0.083
-0.081
-0.079
-0.078
-0.076
-0.075
-0.073
-0.072
-0.07
-0.069
-0.068
-0.066
-0.065
-0.064
-0.062
-0.061
-0.06
-0.059
-0.058
-0.056
-0.055
-0.054
-0.053
-0.052
-0.051
-0.05
-0.049
-0.048
-0.047
-0.046
-0.045
-0.044
-0.044
-0.043
-0.042
-0.041
-0.04
-0.039
-0.039
-0.038
-0.037
-0.036
-0.036
-0.035
-0.034
-0.034
-0.033
-0.032
-0.032
-0.031
-0.03
-0.03
-0.029
-0.029
-0.028
-0.028
-0.027
-0.026
-0.026
-0.025
-0.025
-0.024
-0.024
-0.024
-0.023
-0.023
-0.022
-0.022
-0.021
-0.021
-0.02
-0.02
-0.02
-0.019
-0.019
-0.019
-0.018
-0.018
-0.017
-0.017
-0.017
-0.016
-0.016
-0.016
-0.016
-0.015
-0.015
-0.015
-0.014
-0.014
-0.014
-0.014
-0.013
-0.013
-0.013
-0.013
-0.012
-0.012
-0.012
-0.012
-0.011
-0.011
-0.011
-0.011
-0.011
-0.01
-0.01
-0.01
-0.01
-0.01
-0.009
-0.009
-0.009
-0.009
-0.009
-0.009
-0.008
-0.008
-0.008
-0.008
-0.008
-0.008
-0.007
-0.007
-0.007
-0.007
-0.007
-0.007
-0.007
-0.007
-0.006
-0.006
-0.006
-0.006
-0.006
-0.006
-0.006
-0.006
-0.006
-0.005
-0.005
-0.005
-0.005
-0.005
-0.005
-0.005
-0.005
-0.005
-0.005
-0.005
-0.004
-0.004
-0.004
-0.004
-0.004
-0.004
-0.004
-0.004
-0.004
-0.004
-0.004
-0.004
-0.004
-0.003
-0.003
-0.003
-0.003
-0.003
-0.003
-0.003
-0.003
-0.003
-0.003
-0.003
-0.003
-0.003
-0.003
-0.003
-0.003
-0.003
-0.002
-0.002
-0.002
-0.002
-0.002
-0.002
-0.002
-0.002
-0.002
-0.002
-0.002
-0.002
-0.002
-0.002
-0.002
-0.002
-0.002
-0.002
-0.002
-0.002
-0.002
-0.002
-0.002
-0.002
-0.002
-0.002
-0.002
-0.002
-0.002
-0.002
-0.002
-0.001
-0.001
-0.001
-0.001
-0.001
-0.001
-0.001
-0.001
-0.001
-0.001
-0.001
-0.001
-0.001
-0.001
-0.001
-0.001
-0.001
-0.001
-0.001
-0.001
-0.001
-0.001
-0.001
-0.001
-0.001
-0.001
-0.001
-0.001
-0.001
-0.001
-0.001
-0.001
-0.001
-0.001
-0.001
-0.001
-0.001
-0.001
-0.001
-0.001
-0.001
-0.001
-0.001
-0.001
-0.001
-0.001
-0.001
-0.001
-0.001
-0.001
-0.001
-0.001
-0.001
-0.001
-0.001
-0.001
-0.001
-0.001
-0.001
-0.001
-0.001
-0.001
-0.001
-0.001
0.134
0.266
0.397
0.526
0.653
0.779
0.903
1.025
1.146
1.265
1.382
1.498
1.613
1.726
1.837
1.947
2.055
2.162
2.268
2.372
2.474
2.576
2.676
2.774
2.872
2.968
3.063
3.156
3.248
3.339
3.429
3.518
3.605
3.692
3.777
3.861
3.944
4.025
4.106
4.186
4.264
4.342
4.418
4.493
4.568
4.617
4.665
4.712
4.759
4.805
4.851
4.896
4.94
4.984
4.885
4.787
4.691
4.597
4.505
4.415
4.327
4.24
4.156
4.072
3.991
3.911
3.833
3.756
3.681
3.607
3.535
3.465
3.395
3.327
3.261
3.196
3.132
3.069
3.008
2.947
2.889
2.831
2.774
2.719
2.664
2.738
2.812
2.884
2.955
3.05
3.144
3.236
3.327
3.417
3.506
3.594
3.68
3.765
3.849
3.932
4.014
4.095
4.175
4.254
4.331
4.408
4.483
4.558
-3.0
-3.0
4.776
-3.0
4.916
-3.0
-3.0
5.12
-3.0
-3.0
5.315
-3.0
5.442
-3.0
-3.0
5.624
-3.0
-3.0
5.627
-3.0
-3.0
5.297
-3.0
-3.0
4.985
-3.0
4.788
-3.0
-3.0
4.506
-3.0
4.328
-3.0
-3.0
4.073
-3.0
3.912
-3.0
3.757
-3.0
-3.0
3.536
-3.0
3.66
-3.0
3.781
3.84
3.899
3.957
4.013
4.07
4.125
4.18
4.234
4.149
4.066
3.985
3.905
3.827
3.75
3.675
3.602
3.53
3.459
3.39
3.322
3.256
3.191
3.127
3.064
3.003
2.943
2.884
2.826
2.77
2.714
2.66
2.607
2.555
2.504
2.454
2.404
2.356
2.309
2.263
2.218
2.173
2.13
2.087
2.046
2.005
1.965
1.925
1.887
1.849
1.715
1.582
1.451
1.322
1.195
1.069
0.945
0.823
0.702
0.583
0.441
0.301
0.162
0.026
0.025
0.025
0.024
0.024
0.023
0.023
0.022
0.022
0.022
0.021
0.021
0.02
0.02
0.019
0.019
0.019
0.018
0.018
0.018
0.017
0.017
0.016
0.016
0.016
0.015
-0.094
-0.203
-0.31
-0.415
-0.52
-0.622
-0.724
-0.824
-0.923
-1.02
-1.116
-1.211
-1.304
-1.278
-1.253
-1.228
-1.203
-1.179
-1.156
-1.133
-1.11
-1.088
-1.066
-1.045
-1.024
-1.003
-0.983
-0.964
-0.942
-0.921
-0.9
-0.88
-0.86
-0.84
-0.822
-0.803
-0.785
-0.767
-0.75
-0.733
-0.717
-0.7
-0.685
-0.669
-0.654
-0.639
-0.625
-0.611
-0.597
-0.584
-0.571
-0.558
-0.545
-0.533
-0.521
-0.509
-0.498
-0.487
-0.476
-0.465
-0.454
-0.444
-0.434
-0.424
-0.415
-0.406
-0.396
-0.388
-0.379
-0.37
-0.362
-0.354
-0.346
-0.338
-0.33
-0.323
-0.316
-0.309
-0.302
-0.295
-0.288
-0.282
-0.275
-0.269
-0.263
-0.257
-0.251
-0.246
-0.24
-0.236
-0.231
-0.226
-0.222
-0.217
-0.213
-0.209
-0.205
-0.2
-0.196
-0.193
-0.189
-0.185
-0.181
-0.178
-0.174
-0.171
-0.167
-0.164
-0.161
-0.157
-0.154
-0.151
-0.148
-0.145
-0.142
-0.139
-0.137
-0.134
-0.131
-0.129
-0.126
-0.124
-0.121
-0.119
-0.116
-0.114
-0.112
-0.11
-0.107
-0.105
-0.103
-0.101
-0.099
-0.097
-0.095
-0.093
-0.091
-0.09
-0.088
-0.086
-0.084
-0.083
-0.081
-0.079
-0.078
-0.076
-0.075
-0.073
-0.072
-0.07
-0.069
-0.068
-0.066
-0.065
-0.064
-0.062
-0.061
-0.06
-0.059
-0.058
-0.056
-0.055
-0.054
0.056
0.165
0.273
0.379
0.483
0.587
0.688
0.789
0.888
0.986
1.082
1.178
1.272
1.364
1.456
1.546
1.635
1.723
1.81
1.895
1.98
2.063
2.145
2.226
2.306
2.385
2.463
2.54
2.616
2.691
2.765
2.837
2.909
2.851
2.794
2.738
2.683
2.63
2.577
2.526
2.475
2.425
2.377
2.329
2.283
2.237
2.192
2.149
2.106
2.063
2.022
1.982
1.942
1.903
1.865
1.828
1.669
1.512
1.358
1.205
1.055
0.907
0.76
0.64
0.522
0.405
0.29
0.177
0.065
-0.046
-0.155
-0.263
-0.369
-0.474
-0.602
-0.728
-0.853
-0.976
-1.097
-1.217
-1.335
-1.451
-1.566
-1.68
-1.792
-1.902
-1.864
-1.827
-1.786
-1.746
-1.706
-1.668
-1.63
-1.594
-1.558
-1.523
-1.488
-1.455
-1.422
-1.39
-1.359
-1.328
-1.298
-1.269
-1.24
-0.917
-0.601
-0.293
0.009
0.304
0.592
0.874
1.15
1.419
1.682
1.939
2.191
2.437
2.677
2.912
3.087
3.258
3.426
3.59
3.75
3.906
4.059
4.209
4.114
4.021
3.931
3.842
3.756
3.671
3.588
3.507
3.428
3.351
3.275
3.202
3.13
3.059
2.749
2.446
2.15
1.86
1.578
1.301
1.031
0.907
0.785
0.665
0.547
0.43
0.314
0.176
0.039
0.038
0.037
0.037
0.036
0.035
0.034
0.034
0.033
0.032
0.032
0.031
0.03
0.03
0.029
0.029
0.028
0.028
0.027
0.026
0.026
0.025
0.025
0.024
0.024
0.023
0.023
0.022
0.022
0.021
0.021
-0.089
-0.197
-0.305
-0.41
-0.539
-0.666
-0.792
-0.916
-1.038
-1.158
-1.277
-1.394
-1.51
-1.624
-1.737
-1.848
-1.958
-2.066
-2.173
-2.278
-2.382
-2.335
-2.288
-2.242
-2.198
-2.154
-2.111
-2.068
-2.027
-1.986
-2.094
-2.201
-2.306
-2.409
-2.512
-2.612
-2.712
-2.81
-2.882
-2.954
-3.024
-3.093
-3.162
-3.229
-3.296
-3.23
-3.166
-3.102
-3.04
-2.979
-2.92
-2.861
-2.804
-2.748
-2.693
-2.639
-2.587
-2.535
-2.484
-2.434
-2.386
-2.338
-2.291
-2.246
-2.201
-2.157
-2.108
-2.061
-2.014
-1.969
-1.924
-1.881
-1.839
-1.797
-1.757
-1.717
-1.679
-1.641
-1.604
-1.568
-1.532
-1.498
-1.464
-1.431
-1.399
-1.367
-1.337
-1.306
-1.277
-1.248
-1.22
-1.193
-1.166
-1.14
-1.114
-1.089
-1.064
-1.04
-1.017
-0.994
-0.972
-0.95
-0.928
-0.907
-0.887
-0.867
-0.847
-0.828
-0.81
-0.791
-0.774
-0.756
-0.739
-0.723
-0.706
-0.69
-0.675
-0.66
-0.645
-0.63
-0.616
-0.602
-0.589
-0.575
-0.562
-0.55
-0.537
-0.527
-0.516
-0.506
-0.496
-0.486
-0.476
-0.467
-0.457
-0.448
-0.439
-0.43
-0.422
-0.413
-0.405
-0.397
-0.389
-0.381
-0.374
-0.366
-0.359
-0.352
-0.345
-0.338
-0.331
-0.325
-0.318
-0.312
-0.305
-0.299
-0.293
-0.288
-0.282
-0.276
-0.271
-0.265
-0.26
-0.255
-0.25
-0.245
-0.24
-0.235
-0.23
-0.226
-0.221
-0.217
-0.212
-0.208
-0.204
-0.2
-0.196
-0.192
-0.188
-0.185
-0.181
-0.177
-0.174
-0.17
-0.167
-0.164
-0.16
-0.157
-0.154
-0.151
-0.148
-0.145
-0.142
-0.139
-0.136
-0.134
-0.131
-0.128
-0.126
-0.123
-0.121
-0.118
-0.116
-0.114
-0.112
-0.109
-0.107
-0.105
-0.103
-0.101
-0.099
-0.097
-0.095
-0.093
-0.091
-0.089
-0.088
-0.086
-0.084
-0.083
-0.081
-0.079
-0.078
-0.076
-0.075
-0.073
-0.072
-0.07
-0.069
-0.068
-0.066
-0.065
-0.064
-0.062
-0.061
-0.06
-0.059
-0.058
-0.056
-0.055
-0.054
-0.053
-0.052
-0.051
-0.05
-0.049
-0.048
-0.047
-0.046
-0.045
-0.044
-0.043
-0.043
-0.042
-0.041
-0.04
-0.039
-0.039
-0.038
-0.037
-0.036
-0.036
-0.035
-0.034
-0.034
-0.033
-0.032
-0.032
-0.031
-0.03
-0.03
-0.029
-0.029
-0.028
-0.027
-0.027
-0.026
-0.026
-0.025
-0.025
-0.024
-0.024
-0.023
-0.023
-0.023
-0.022
-0.022
-0.021
-0.021
-0.02
-0.02
-0.02
-0.019
-0.019
-0.019
-0.018
-0.018
-0.017
-0.017
-0.017
-0.016
-0.016
-0.016
-0.016
-0.015
-0.015
-0.015
-0.014
-0.014
-0.014
-0.014
-0.013
-0.013
-0.013
-0.013
-0.012
-0.012
-0.012
-0.012
-0.011
-0.011
-0.011
-0.011
-0.011
-0.01
-0.01
-0.01
-0.01
-0.01
-0.009
-0.009
-0.009
-0.009
-0.009
-0.009
-0.008
-0.008
-0.008
-0.008
-0.008
-0.008
-0.007
-0.007
-0.007
-0.007
-0.007
-0.007
-0.007
-0.007
-0.006
-0.006
-0.006
-0.006
-0.006
-0.006
-0.006
-0.006
-0.006
-0.005
-0.005
-0.005
-0.005
-0.005
-0.005
-0.005
-0.005
-0.005
-0.005
-0.005
-0.004
-0.004
-0.004
-0.004
-0.004
-0.004
-0.004
-0.004
-0.004
-0.004
-0.004
-0.004
-0.004
-0.004
-0.003
-0.003
-0.003
-0.003
-0.003
-0.003
-0.003
-0.003
-0.003
-0.003
-0.003
-0.003
-0.003
-0.003
-0.003
-0.003
-0.003
-0.003
-0.003
-0.003
-0.002
-0.002
-0.002
-0.002
-0.002
-0.002
-0.002
-0.002
-0.002
-0.002
-0.002
-0.002
-0.002
-0.002
-0.002
-0.002
-0.002
-0.002
-0.002
-0.002
-0.002
-0.002
-0.002
-0.002
-0.002
-0.002
-0.002
-0.002
-0.002
-0.002
-0.002
-0.002
-0.002
-0.002
-0.002
-0.001
-0.001
-0.001
-0.001
-0.001
-0.001
-0.001
-0.001
-0.001
-0.001
-0.001
-0.001
-0.001
-0.001
-0.001
-0.001
-0.001
-0.001
-0.001
-0.001
-0.001
-0.001
-0.001
-0.001
-0.001
-0.001
-0.001
-0.001
-0.001
-0.001
-0.001
-0.001
-0.001
-0.001
-0.001
-0.001
-0.001
-0.001
-0.001
-0.001
-0.001
-0.001
-0.001
-0.001
-0.001
-0.001
-0.001
-0.001
-0.001
-0.001
-0.001
-0.001
-0.001
-0.001
-0.001
-0.001
-0.001
-0.001
-0.001
-0.001
-0.001
-0.001
-0.001
-0.001
-0.001
-0.001
-0.001
-0.001
-0.001
-0.001
-0.001
-0.001
-0.001
-0.001
-0.001
-0.001
-0.001
-0.001
-0.001
-0.001
-0.001
-0.001
-0.001
-0.001
-0.001
-0.001
-0.001
-0.001
-0.001
-0.001
-0.001
-0.001
-0.001
-0.001
-0.001
-0.001
-0.001
-0.001
-0.001
-0.001
-0.001
-0.001
-0.001
-0.001
-0.001
-0.001
-0.001
-0.001
-0.001
-0.001
-0.001
-0.001
-0.001
-0.001
-0.001
-0.001
-0.001
-0.001
-0.001
-0.001
-0.001
-0.001
-0.001
-0.001
-0.001
-0.001
-0.001
-0.001
-0.001
-0.001
-0.001
-0.001
-0.001
-0.001
-0.001
-0.001
-0.001
-0.001
-0.001
-0.001
-0.001
-0.001
-0.001
-0.001
-0.001
-0.001
-0.001
-0.001
-0.001
-0.001
-0.001
-0.001
-0.001
-0.001
-0.001
-0.001
-0.001
-0.001
-0.001
-0.001
-0.001
-0.001
-0.001
-0.001
-0.001
-0.001
-0.001
-0.001
-0.001
-0.001
-0.001
-0.001
-0.001
-0.001
-0.001
-0.001
-0.001
-0.001
-0.001
-0.001
-0.001
-0.001
-0.001
-0.001
-0.001
-0.001
-0.001
-0.001
-0.001
-0.001
-0.001
-0.001
-0.001
-0.001
-0.001
-0.001
-0.001
-0.001
-0.001
-0.001
-0.001
-0.001
-0.001
-0.001
-0.001
-0.001
-0.001
-0.001
-0.001
-0.001
-0.001
-0.001
-0.001
-0.001
-0.001
-0.001
-0.001
-0.001
-0.001
-0.001
-0.001
-0.001
-0.001
-0.001
-0.001
-0.001
-0.001
-0.001
-0.001
-0.001
0.134
0.266
0.397
0.502
0.605
0.706
0.806
0.905
1.003
1.099
1.194
1.288
1.381
1.472
1.443
1.414
1.385
1.358
1.33
1.304
1.278
1.252
1.227
1.203
1.179
1.155
1.132
1.109
1.087
1.065
1.044
1.023
1.003
0.983
0.963
0.944
0.925
0.906
0.888
0.87
0.853
0.836
0.69
0.547
0.405
0.265
0.127
-0.009
-0.143
-0.275
-0.27
-0.264
-0.259
-0.254
-0.249
-0.244
-0.239
-0.234
-0.23
-0.225
-0.221
-0.216
-0.212
-0.208
-0.203
-0.199
-0.195
-0.192
-0.188
-0.184
-0.18
-0.177
-0.173
-0.17
-0.166
-0.163
-0.16
-0.157
-0.153
-0.15
-0.147
-0.144
-0.142
-0.139
-0.003
0.132
0.264
0.395
0.524
0.652
0.777
0.762
0.746
0.732
0.717
0.703
0.689
0.675
0.661
0.648
0.635
0.622
0.61
0.598
0.586
0.574
0.562
0.551
0.54
0.529
0.519
0.508
0.498
0.488
0.478
0.469
0.328
0.026
-0.27
-0.559
-0.842
-1.118
-1.388
-1.652
-1.91
-2.162
-2.113
-2.066
-2.019
-1.974
-1.929
-1.886
-1.843
-1.802
-1.761
-1.721
-1.683
-1.645
-1.608
-1.571
-1.536
-1.501
-1.468
-1.435
-1.402
-1.371
-1.34
-1.31
-1.28
-1.251
-1.223
-0.9
-0.585
-0.277
0.025
0.319
0.607
0.889
1.164
1.433
1.696
1.953
2.15
2.342
2.289
2.238
2.187
2.138
2.09
2.043
1.997
1.952
1.908
1.865
1.823
1.782
1.741
1.702
1.668
1.635
1.602
1.57
1.539
1.508
1.478
1.448
1.419
1.391
1.363
1.336
1.309
1.283
1.257
1.232
1.207
1.183
1.159
1.136
1.114
1.091
1.069
1.048
1.027
0.879
0.733
0.589
0.447
0.306
0.168
0.031
-0.104
-0.237
-0.368
-0.497
-0.625
-0.751
-0.875
-0.998
-1.119
-1.238
-1.356
-1.473
-1.587
-1.7
-1.666
-1.633
-1.601
-1.569
-1.537
-1.506
-1.476
-1.447
-1.418
-1.39
-1.362
-1.335
-1.308
-1.282
-1.256
-1.231
-1.206
-1.182
-1.159
-1.135
-1.113
-1.09
-1.069
-1.047
-1.026
-1.006
-0.986
-0.966
-0.947
-0.928
-0.909
-0.891
-0.873
-0.856
-0.839
-0.822
-0.806
-0.789
-0.774
-0.758
-0.743
-0.728
-0.714
-0.699
-0.685
-0.672
-0.658
-0.645
-0.632
-0.62
-0.607
-0.595
-0.583
-0.572
-0.56
-0.549
-0.538
-0.527
-0.517
-0.506
-0.496
-0.486
-0.477
-0.467
-0.458
-0.449
-0.44
-0.431
-0.422
-0.414
-0.406
-0.397
-0.389
-0.382
-0.374
-0.367
-0.359
-0.352
-0.345
-0.338
-0.331
-0.325
-0.318
-0.312
-0.306
-0.3
-0.294
-0.288
-0.282
-0.276
-0.271
-0.265
-0.26
-0.255
-0.25
-0.245
-0.24
-0.235
-0.231
-0.226
-0.221
-0.217
-0.213
-0.208
-0.204
-0.2
-0.196
-0.192
-0.188
-0.185
-0.181
-0.177
-0.174
-0.17
-0.167
-0.164
-0.16
-0.157
-0.154
-0.151
-0.148
-0.145
-0.142
-0.139
-0.137
0.0
0.134
0.267
0.397
0.526
0.654
0.779
0.903
1.026
1.146
1.265
1.383
1.499
1.469
1.439
1.411
1.382
1.355
1.328
1.301
1.275
1.249
1.224
1.2
1.176
1.152
1.129
1.107
1.085
1.063
1.042
1.021
1.0
0.98
0.961
0.942
0.923
0.904
0.886
0.868
0.851
0.834
0.817
0.801
0.785
0.769
0.754
0.739
0.724
0.709
0.695
0.681
0.668
0.654
0.641
0.628
0.616
0.603
0.591
0.58
0.568
0.557
0.545
0.535
0.524
0.513
0.503
0.493
0.483
0.473
0.464
0.455
0.446
0.437
0.428
0.419
0.411
0.403
0.395
0.387
0.379
0.371
0.364
0.357
0.35
0.343
0.336
0.329
0.322
0.316
0.31
0.303
0.297
0.291
0.286
0.28
0.274
0.269
0.263
0.258
0.253
0.248
0.243
0.238
0.233
0.229
0.224
0.219
0.215
0.211
0.207
0.202
0.198
0.194
0.19
0.187
0.183
0.179
0.176
0.172
0.169
0.165
0.162
0.159
0.156
0.152
0.149
0.146
0.143
0.141
0.138
0.135
0.132
0.13
0.127
0.124
0.122
0.119
0.117
0.115
0.112
0.11
0.108
0.106
0.104
0.102
0.1
0.098
0.096
0.094
0.092
0.09
0.088
0.086
0.085
-0.026
-0.136
-0.243
-1.028
-0.251
-0.667
-0.269
-0.488
-0.285
-0.399
-0.294
-0.354
-0.297
-0.33
-0.28
-0.314
-0.419
-0.523
-0.626
-0.613
-0.601
-0.589
-0.577
-0.566
-0.555
-0.543
-0.533
-0.522
-0.512
-0.501
-0.491
-0.481
-0.472
-0.462
-0.453
-0.444
-0.435
-0.427
-0.418
-0.41
-0.402
-0.393
-0.386
-0.378
-0.37
-0.363
-0.168
0.024
0.214
0.345
0.475
0.578
0.705
0.83
0.953
1.075
1.195
1.313
1.43
1.545
1.659
1.771
-1.105
-0.956
-0.809
-0.664
-0.52
-0.379
-0.24
-0.235
-0.23
-0.226
-0.221
-0.217
-0.212
-0.208
-0.204
-0.2
-0.196
-0.192
-0.188
-0.185
-0.181
-0.177
-0.174
-0.17
-0.167
-0.164
-0.16
-0.157
-0.154
-0.151
-0.148
-0.145
-0.142
-0.139
-0.136
-0.134
-0.131
-0.128
-0.126
-0.123
-0.121
-0.118
-0.116
-0.114
0.022
0.156
0.288
0.419
0.548
0.675
0.8
0.924
1.046
1.166
1.285
1.402
1.518
1.632
1.744
1.856
1.965
2.073
2.18
2.285
2.389
2.492
2.593
2.693
2.766
2.839
2.911
2.982
3.052
3.121
3.189
3.256
3.322
3.388
3.452
3.516
3.579
3.665
3.751
3.835
3.918
4.0
3.92
3.842
3.765
3.69
3.616
3.544
3.473
3.403
3.335
3.269
3.203
3.139
3.076
3.015
2.954
2.895
2.837
2.781
2.725
2.671
2.617
2.717
2.815
2.912
3.007
3.101
3.194
3.286
3.377
3.441
3.505
3.568
3.63
3.557
3.486
3.417
3.348
3.281
3.216
3.151
3.088
3.027
2.966
2.907
2.848
2.792
2.736
2.681
2.627
2.575
2.523
2.473
2.423
2.375
2.327
2.281
2.235
2.19
2.147
2.104
2.062
2.02
1.98
1.94
1.902
1.863
1.826
1.79
1.754
1.719
1.684
1.651
1.618
1.585
1.554
1.523
1.492
1.462
1.433
1.404
1.376
1.349
1.322
1.295
1.269
1.244
1.219
1.195
1.171
1.147
1.124
1.102
1.08
1.058
1.037
1.016
0.996
0.976
0.956
0.937
0.919
0.9
0.882
0.865
0.847
0.83
0.814
0.797
0.781
0.766
0.75
0.735
0.721
0.706
0.692
0.678
0.665
0.651
0.638
0.626
0.613
0.739
0.864
0.987
1.108
1.227
1.345
1.462
1.577
1.69
1.802
1.912
2.021
2.128
2.234
2.339
2.442
2.393
2.345
2.298
2.252
2.207
2.163
2.12
2.077
2.036
1.995
1.955
1.916
1.878
1.84
1.803
1.767
1.732
1.697
1.663
1.63
1.597
1.566
1.534
1.504
1.473
1.444
1.415
1.387
1.359
1.332
1.305
1.279
1.253
1.228
1.204
1.18
1.156
1.133
1.11
1.088
1.066
1.045
1.024
1.004
0.984
0.964
0.945
0.926
0.907
0.889
0.871
0.854
0.837
0.82
0.804
0.787
0.772
0.756
0.741
0.726
0.712
0.697
0.684
0.67
0.656
0.643
0.63
0.618
0.605
0.593
0.581
0.57
0.558
0.547
0.536
0.526
0.515
0.505
0.495
0.485
0.475
0.465
0.456
0.447
0.438
0.429
0.421
0.412
0.404
0.396
0.388
0.38
0.373
0.365
0.358
0.351
0.344
0.337
0.33
0.323
0.317
0.311
0.304
0.298
0.292
0.286
0.281
0.275
0.27
0.264
0.259
0.254
0.249
0.244
0.239
0.234
0.229
0.225
0.22
0.216
0.211
0.207
0.203
0.199
0.195
0.191
0.187
0.183
0.18
0.176
0.173
0.169
0.166
0.162
0.159
0.156
0.153
0.15
0.147
0.144
0.141
0.138
0.135
0.133
0.13
0.127
0.125
0.122
0.12
0.117
0.115
0.113
0.111
0.108
0.106
0.104
0.102
0.1
0.098
0.096
0.094
0.092
0.09
0.088
0.087
0.085
0.083
0.081
0.08
0.078
0.077
0.075
0.074
0.072
0.071
0.069
0.068
0.066
0.065
0.064
0.063
0.061
0.06
0.059
-0.052
-0.161
-0.268
-0.374
-0.479
-0.582
-0.684
-0.785
-0.884
-0.982
-1.079
-1.174
-1.268
-1.361
-1.452
-1.567
-1.681
-1.793
-1.903
-2.012
-1.972
-1.933
-1.894
-1.856
-1.819
-1.783
-1.747
-1.712
-1.678
-1.644
-1.611
-1.579
-1.548
-1.517
-1.486
-1.457
-1.427
-1.399
-1.371
-1.344
-1.317
-1.29
-1.265
-1.239
-1.214
-1.19
-1.166
-1.143
-1.12
-1.098
-1.076
-1.054
-0.85
-0.649
-0.506
-0.365
-0.226
-0.088
0.047
0.181
0.313
0.418
0.522
0.625
0.751
0.875
0.998
1.119
1.239
1.356
1.473
1.587
1.701
1.812
1.922
2.031
2.138
2.244
2.349
2.452
2.553
2.629
2.704
2.777
2.85
2.922
2.992
3.062
3.156
2.327
1.79
1.367
1.097
0.886
0.753
0.651
0.586
0.537
0.506
0.482
0.468
0.456
0.449
0.444
0.304
0.208
0.204
0.199
0.195
0.192
0.188
0.184
0.18
0.177
0.173
0.17
0.166
0.163
0.16
0.156
0.153
0.15
0.147
0.144
0.141
0.138
0.136
0.133
0.13
0.128
0.125
0.123
0.12
0.118
0.115
0.113
0.111
0.109
0.106
0.104
0.102
0.1
0.098
0.206
0.338
0.468
0.596
0.722
0.847
0.97
1.067
1.162
1.257
1.35
1.441
1.532
1.621
1.709
1.796
1.882
1.966
2.074
2.181
2.286
2.39
2.493
2.594
2.694
2.767
2.84
2.912
2.983
3.053
3.122
3.19
3.126
3.063
3.002
2.942
2.883
2.826
2.769
2.714
2.659
2.606
2.554
2.503
2.453
2.404
2.356
2.309
2.168
2.03
1.893
1.758
1.625
1.469
1.315
1.163
1.013
0.993
0.973
0.953
0.934
0.916
0.897
0.879
0.862
0.844
0.828
0.811
0.795
0.779
0.763
0.748
0.733
0.833
0.956
1.078
1.198
1.316
1.433
1.548
1.662
1.774
1.885
1.994
2.102
2.208
2.313
2.416
2.368
2.321
2.274
2.229
2.184
2.141
2.098
2.056
2.015
1.974
1.935
1.896
1.858
1.821
1.785
1.749
1.714
1.68
1.646
1.613
1.581
1.549
1.518
1.488
1.458
1.429
1.4
1.372
1.488
1.603
1.716
1.827
1.937
2.046
2.153
2.258
2.363
2.466
2.567
2.667
2.766
2.863
2.96
3.054
2.993
2.933
2.875
2.817
2.761
2.706
2.652
2.599
2.547
2.496
2.446
2.397
2.349
2.302
2.256
2.211
2.166
2.123
2.081
2.039
1.998
1.837
1.678
1.522
1.367
1.214
1.064
0.915
0.769
0.624
0.481
0.341
0.202
0.065
-0.071
-0.204
-0.2
-0.196
-0.192
-0.188
-0.184
-0.181
-0.177
-0.309
-0.439
-0.568
-0.695
-0.82
-0.943
-1.065
-1.044
-1.023
-1.002
-0.982
-0.963
-0.943
-0.925
-0.906
-0.888
-0.87
-0.853
-0.836
-0.819
-0.803
-0.787
-0.771
-0.756
-0.611
-0.469
-0.328
-0.189
-0.052
0.083
0.216
0.347
0.477
0.761
0.744
0.727
0.711
0.695
0.679
0.664
0.649
0.634
0.62
0.606
0.592
0.579
0.566
0.553
0.541
0.529
0.517
0.505
0.494
0.483
0.472
0.461
0.451
0.44
0.43
0.421
0.411
0.402
0.393
0.384
0.375
0.367
0.359
0.351
0.343
0.335
0.327
0.32
0.313
0.306
0.299
0.292
0.285
0.279
0.273
0.267
0.261
0.255
0.249
0.243
0.238
0.232
0.227
0.222
0.217
0.212
0.207
0.203
0.198
0.194
0.19
0.186
0.182
0.179
0.175
0.171
0.168
0.165
0.161
0.158
0.155
0.152
0.149
0.146
0.143
0.14
0.137
0.134
0.132
0.129
0.126
0.124
0.121
0.119
0.117
0.114
0.112
0.11
0.108
0.105
0.103
0.101
0.099
0.097
0.095
0.093
0.091
0.09
0.088
0.086
0.084
0.083
0.081
0.079
0.078
0.076
0.075
0.073
0.072
0.07
0.069
0.067
0.066
0.065
0.063
0.062
0.061
0.06
0.058
0.057
0.056
0.055
0.054
0.053
0.052
0.051
0.05
0.049
0.048
0.047
0.046
0.045
0.044
0.043
0.042
0.041
0.04
0.04
0.039
0.038
0.037
0.037
0.036
0.035
0.034
0.034
0.033
0.032
0.032
0.031
0.03
0.03
0.029
0.029
0.028
0.027
0.027
0.026
0.026
0.025
0.025
0.024
0.024
0.023
0.023
0.022
0.022
0.021
0.021
0.021
0.02
0.02
0.019
0.019
0.019
0.018
0.018
0.017
0.017
0.017
0.016
0.016
0.016
0.015
0.015
0.015
0.014
0.014
0.014
0.014
0.013
0.013
0.013
0.012
0.012
0.012
0.012
0.011
0.011
0.011
0.011
0.011
0.01
0.01
0.01
0.01
0.009
0.009
0.009
0.009
0.009
0.009
0.008
0.008
0.008
0.008
0.008
0.007
0.007
0.007
0.007
0.007
0.007
0.007
0.006
0.006
0.006
0.006
0.006
0.006
0.006
0.006
0.005
0.005
0.005
0.005
0.005
0.005
0.005
0.005
0.005
0.004
0.004
0.004
0.004
0.004
0.004
0.004
0.004
0.004
0.004
0.003
0.003
0.003
0.003
0.003
0.003
0.003
0.003
0.003
0.003
0.003
0.003
0.002
0.002
0.002
0.002
0.002
0.002
0.002
0.002
0.002
0.002
0.002
0.002
0.002
0.002
0.002
0.002
0.002
0.002
0.001
0.001
0.001
0.001
0.001
0.001
0.001
0.001
0.001
0.001
0.001
0.001
0.001
0.001
0.001
0.001
0.001
0.001
0.001
0.001
0.001
0.001
0.001
0.001
0.001
0.001
0.001
0.001
0.001
0.001
0.001
0.0
0.0
0.0
0.0
0.0
0.0
0.0
0.0
0.0
0.0
0.0
0.0
0.0
0.0
0.0
0.0
0.0
0.0
0.0
0.0
0.0
0.0
0.0
0.0
0.0
0.0
0.0
0.0
0.0
0.0
0.0
0.0
0.0
0.0
0.0
0.0
0.0
0.0
0.0
0.0
0.0
0.0
0.0
0.0
0.0
0.0
0.0
0.0
0.0
0.0
0.0
0.0
0.0
0.0
0.0
0.0
0.0
0.0
0.0
0.0
0.0
0.0
0.0
0.0
0.0
0.0
0.0
0.0
0.0
0.0
0.0
0.0
0.0
0.0
0.0
0.0
0.0
0.0
0.0
0.0
0.0
0.0
0.0
0.0
0.0
0.0
0.0
0.0
0.0
0.0
0.0
0.0
0.0
0.0
0.0
0.0
0.0
0.0
0.0
0.0
0.0
0.0
0.0
0.0
0.0
0.0
0.0
0.0
0.0
0.0
0.0
0.0
0.0
0.0
0.0
0.0
0.0
0.0
0.0
0.0
0.0
0.0
0.0
0.0
0.0
0.0
0.0
0.0
0.0
0.0
0.0
0.0
0.0
0.0
0.0
0.0
0.0
0.0
0.0
0.0
0.0
0.0
0.0
0.0
0.0
0.0
0.0
0.0
0.0
0.0
0.0
0.0
0.0
0.0
0.0
0.0
0.0
0.0
0.0
0.0
0.0
0.0
0.0
0.134
0.242
0.348
0.453
0.557
0.659
0.76
0.86
0.958
1.055
1.15
1.245
1.338
1.43
1.401
1.373
1.346
1.319
1.292
1.266
1.241
1.216
1.192
1.168
1.145
1.122
1.099
1.077
1.056
1.035
1.014
0.994
0.974
0.954
0.935
0.917
0.898
0.88
0.863
0.845
0.828
0.812
0.796
0.78
0.764
0.749
0.734
0.719
0.705
0.691
0.677
0.663
0.65
0.637
0.624
0.612
0.599
0.587
0.576
0.564
0.553
0.542
0.531
0.658
0.784
0.908
1.03
1.151
1.27
1.387
1.503
1.617
1.585
1.553
1.522
1.492
1.462
1.432
1.404
1.376
1.348
1.321
1.295
1.269
1.243
1.219
1.194
1.17
1.147
1.124
1.101
1.079
1.058
1.037
1.016
0.996
0.976
0.956
0.937
0.918
0.9
0.754
0.609
0.467
0.326
0.187
0.051
-0.085
-0.218
-0.325
-0.318
-0.312
-0.305
-0.299
-0.293
-0.288
-0.282
-0.276
-0.271
-0.265
-0.26
-0.255
-0.25
-0.245
-0.24
-0.235
-0.23
-0.225
-0.22
-0.215
-0.21
-0.205
-0.2
-0.196
-0.192
-0.187
-0.183
-0.179
-0.175
-0.171
-0.167
-0.163
-0.16
-0.156
-0.153
-0.149
-0.146
-0.143
-0.139
-0.136
-0.133
-0.13
-0.127
-0.124
-0.122
-0.119
-0.116
-0.114
-0.111
-0.109
-0.106
-0.104
-0.101
-0.099
-0.097
-0.095
-0.093
-0.091
-0.089
-0.087
-0.085
-0.083
-0.081
-0.079
-0.077
-0.076
-0.074
-0.072
-0.071
-0.069
-0.067
-0.066
-0.064
-0.063
-0.062
-0.06
-0.059
-0.058
-0.057
-0.055
-0.054
-0.053
-0.052
-0.051
-0.05
-0.049
-0.048
-0.047
-0.046
-0.045
-0.045
-0.044
-0.043
-0.042
-0.041
-0.04
-0.039
-0.039
-0.038
-0.037
-0.036
-0.036
-0.035
-0.034
-0.034
-0.033
-0.032
-0.032
-0.031
-0.03
-0.03
-0.029
-0.029
-0.028
-0.028
-0.027
-0.027
-0.026
-0.025
-0.025
-0.025
-0.024
-0.024
-0.023
-0.023
-0.022
-0.022
-0.021
-0.021
-0.021
-0.02
-0.02
-0.019
-0.019
-0.019
-0.018
-0.018
-0.018
-0.017
-0.017
-0.017
-0.016
-0.016
-0.016
-0.015
-0.015
-0.015
-0.014
-0.014
-0.014
-0.014
-0.013
-0.013
-0.013
-0.013
-0.012
-0.012
-0.012
-0.121
-0.229
-0.336
-0.441
-0.545
-0.648
-0.749
-0.873
-0.856
-0.839
-0.822
-0.805
-0.789
-0.773
-0.758
-0.743
-0.728
-0.713
-0.699
-0.685
-0.672
-0.658
-0.645
-0.632
-0.619
-0.607
-0.595
-0.583
-0.571
-0.56
-0.549
-0.538
-0.527
-0.517
-0.506
-0.496
-0.486
-0.476
-0.467
-0.458
-0.448
-0.44
-0.431
-0.422
-0.414
-0.405
-0.397
-0.389
-0.382
-0.374
-0.367
-0.359
-0.352
-0.345
-0.338
-0.331
-0.325
-0.318
-0.312
-0.306
-0.3
-0.294
-0.288
-0.282
-0.276
-0.271
-0.265
-0.26
-0.255
-0.25
-0.245
-0.24
-0.235
-0.23
-0.226
-0.221
-0.217
-0.213
-0.208
-0.204
-0.2
-0.196
-0.192
-0.188
-0.185
-0.181
-0.177
-0.174
-0.17
-0.167
-0.164
-0.16
-0.157
-0.154
-0.151
-0.148
-0.145
-0.142
-0.139
-0.137
-0.134
-0.131
-0.129
-0.126
-0.123
-0.121
-0.119
-0.116
-0.114
-0.112
-0.109
-0.107
-0.105
-0.103
-0.101
-0.099
-0.097
-0.095
-0.093
-0.091
-0.089
-0.088
-0.086
-0.084
-0.083
-0.081
-0.079
-0.078
-0.076
-0.075
-0.073
-0.072
-0.07
-0.069
-0.068
-0.066
-0.065
-0.064
-0.062
-0.061
-0.06
-0.059
-0.058
-0.056
-0.055
-0.054
-0.053
-0.052
-0.051
-0.05
-0.049
-0.048
-0.047
-0.046
-0.045
-0.044
-0.044
-0.043
-0.042
-0.041
-0.04
-0.039
-0.039
-0.038
-0.037
-0.036
-0.036
-0.035
-0.034
-0.034
-0.033
-0.032
-0.032
-0.031
-0.03
-0.03
-0.029
-0.029
0.106
0.239
0.37
0.5
0.627
0.753
0.878
1.0
1.121
1.241
1.358
1.331
1.305
1.278
1.253
1.228
1.203
1.179
1.156
1.132
1.11
1.088
1.066
1.045
1.024
1.003
0.983
0.963
0.944
0.925
0.907
0.889
0.871
0.853
0.836
0.82
0.803
0.787
0.771
0.756
0.741
0.726
0.711
0.697
0.683
0.67
0.656
0.643
0.63
0.618
0.605
0.593
0.581
0.57
0.558
0.547
0.536
0.525
0.515
0.504
0.494
0.484
0.475
0.465
0.456
0.447
0.438
0.429
0.421
0.412
0.404
0.396
0.388
0.38
0.372
0.365
0.358
0.351
0.344
0.337
0.33
0.323
0.317
0.31
0.304
0.298
0.292
0.286
0.281
0.275
0.269
0.264
0.259
0.254
0.248
0.244
0.239
0.234
0.229
0.225
0.22
0.216
0.211
0.207
0.203
0.199
0.195
0.191
0.187
0.183
0.18
0.176
0.173
0.169
0.166
0.162
0.159
0.156
0.153
0.15
0.147
0.144
0.141
0.138
0.135
0.133
0.13
0.127
0.124
0.122
0.119
0.116
0.114
0.111
0.108
0.106
0.104
0.101
0.099
0.097
0.095
0.092
0.09
0.088
0.086
0.084
0.082
0.081
0.079
0.077
0.075
0.073
0.072
0.07
0.069
0.067
0.066
0.064
0.063
0.061
0.06
0.058
0.057
0.056
0.055
0.053
0.052
0.051
0.05
0.049
0.047
0.046
0.045
0.044
0.043
0.042
0.041
0.04
0.039
0.039
0.038
0.037
0.036
0.035
0.034
0.034
0.033
0.032
0.031
0.031
0.03
0.029
0.029
0.028
0.028
0.027
0.027
0.026
0.026
0.025
0.024
0.024
0.023
0.023
0.023
0.022
0.022
0.021
0.021
0.02
0.02
0.02
0.019
0.019
0.018
0.018
0.018
0.017
0.017
0.017
0.016
0.016
0.016
0.015
0.015
0.015
0.014
0.014
0.014
0.013
0.013
0.013
0.013
0.012
0.012
0.012
0.012
0.011
0.011
0.011
0.011
0.01
0.01
0.01
0.01
0.01
0.009
0.009
0.009
0.009
0.009
0.008
0.008
0.008
0.008
0.008
0.008
0.007
0.007
0.007
0.007
0.007
0.007
0.006
0.006
0.006
0.006
0.006
0.006
0.005
0.005
0.005
0.005
0.005
0.005
0.005
0.005
0.004
0.004
0.004
0.004
0.004
0.004
0.004
0.004
0.004
0.004
0.003
0.003
0.003
0.003
0.003
0.003
0.003
0.003
0.003
0.003
0.003
0.003
0.003
0.002
0.002
0.002
0.002
0.002
0.002
0.002
0.002
0.002
0.002
0.002
0.002
0.002
0.002
0.002
0.002
0.002
0.002
0.001
0.001
0.001
0.001
0.001
0.001
0.001
0.001
0.001
0.001
0.001
0.001
0.001
0.001
0.001
0.001
0.001
0.001
0.001
0.001
0.001
0.001
0.001
0.001
0.001
0.135
0.268
0.398
0.527
0.655
0.78
0.904
1.027
1.147
1.266
1.384
1.475
1.565
1.654
1.621
1.588
1.557
1.525
1.495
1.465
1.436
1.407
1.379
1.351
1.324
1.298
1.272
1.246
1.221
1.197
1.173
1.149
1.126
1.104
1.082
1.06
1.039
1.018
0.998
0.978
0.958
0.939
0.92
0.902
0.884
0.866
0.849
0.832
0.815
0.799
0.783
0.767
0.752
0.737
0.722
0.708
0.693
0.68
0.666
0.653
0.64
0.627
0.614
0.602
0.59
0.578
0.567
0.555
0.544
0.533
0.522
0.512
0.502
0.492
0.482
0.472
0.463
0.454
0.444
0.436
0.427
0.418
0.41
0.402
0.394
0.386
0.378
0.37
0.231
0.094
-0.042
-0.176
-0.308
-0.438
-0.566
-0.693
-0.818
-0.942
-1.064
-1.184
-1.302
-1.419
-1.391
-1.363
-1.336
-1.309
-1.283
-1.257
-1.232
-1.208
-1.183
-1.16
-1.137
-1.114
-1.089
-1.064
-1.04
-1.017
-0.994
-0.972
-0.95
-0.928
-0.907
-0.887
-0.867
-0.847
-0.828
-0.81
-0.792
-0.774
-0.756
-0.739
-0.723
-0.706
-0.69
-0.675
-0.66
-0.645
-0.63
-0.616
-0.602
-0.589
-0.575
-0.562
-0.55
-0.537
-0.525
-0.514
-0.502
-0.491
-0.48
-0.469
-0.458
-0.448
-0.438
-0.428
-0.418
-0.409
-0.4
-0.391
-0.382
-0.373
-0.365
-0.357
-0.349
-0.341
-0.333
-0.326
-0.318
-0.311
-0.304
-0.297
-0.291
-0.284
-0.278
-0.272
-0.267
-0.261
-0.256
-0.251
-0.246
-0.241
-0.236
-0.232
-0.227
-0.223
-0.218
-0.214
-0.209
-0.205
-0.201
-0.197
-0.193
-0.189
-0.186
-0.182
-0.178
-0.175
-0.171
-0.168
-0.164
-0.161
-0.158
-0.155
-0.152
-0.149
-0.146
-0.143
-0.14
-0.137
-0.134
-0.132
-0.129
-0.127
-0.124
-0.122
-0.119
-0.117
-0.114
-0.112
-0.11
-0.108
-0.106
-0.104
-0.101
-0.099
-0.097
-0.096
-0.094
-0.092
-0.09
-0.088
-0.086
-0.085
-0.083
-0.081
-0.08
-0.078
-0.077
-0.075
-0.074
-0.072
-0.071
-0.069
-0.068
-0.067
-0.065
-0.064
-0.063
-0.061
-0.06
-0.059
-0.058
-0.057
-0.056
-0.054
-0.053
-0.052
-0.051
-0.05
-0.049
-0.048
-0.047
-0.046
-0.046
-0.044
-0.043
-0.043
-0.042
-0.041
-0.04
-0.039
-0.038
-0.037
-0.036
-0.036
-0.035
-0.034
-0.033
-0.032
-0.032
-0.031
-0.03
-0.03
-0.029
-0.028
-0.028
-0.027
-0.027
-0.026
-0.025
-0.025
-0.024
-0.024
-0.023
-0.023
-0.022
-0.022
-0.021
-0.021
-0.02
-0.02
-0.019
-0.019
-0.019
-0.018
-0.018
-0.017
-0.017
-0.017
-0.016
-0.016
-0.016
-0.015
-0.015
-0.015
-0.014
-0.014
-0.014
-0.013
-0.013
-0.013
-0.012
-0.012
-0.012
-0.012
-0.011
-0.011
-0.011
-0.011
-0.011
-0.01
-0.01
-0.01
-0.01
-0.01
-0.009
-0.009
-0.009
-0.009
-0.009
-0.009
-0.008
-0.008
-0.008
-0.008
-0.008
-0.008
-0.008
-0.007
-0.007
-0.007
-0.007
-0.007
-0.007
-0.007
-0.006
-0.006
-0.006
-0.006
-0.006
-0.006
-0.006
-0.006
-0.006
-0.005
-0.005
-0.005
-0.005
-0.005
0.129
0.262
0.393
0.522
0.649
0.775
0.899
1.021
1.142
1.261
1.379
1.495
1.584
1.673
1.76
1.847
1.932
2.016
2.098
2.18
2.261
2.34
2.419
2.496
2.573
2.648
2.722
2.796
2.868
2.94
3.01
3.104
3.197
3.289
3.379
3.469
3.557
3.644
3.73
3.814
3.898
3.98
4.037
4.093
4.148
4.202
4.118
4.036
3.955
3.876
3.798
3.722
3.648
3.575
3.503
3.433
3.365
3.297
3.231
3.167
3.103
3.041
2.98
2.921
2.862
2.805
2.749
2.694
2.64
2.587
2.536
2.485
2.435
2.386
2.339
2.292
2.246
2.201
2.157
2.114
2.072
2.03
1.99
1.95
1.911
1.873
1.835
1.798
1.762
1.727
1.693
1.659
1.626
1.593
1.561
1.53
1.499
1.469
1.44
1.411
1.383
1.355
1.328
1.302
1.275
1.25
1.225
1.2
1.176
1.153
1.13
1.107
1.085
1.063
1.184
1.302
1.419
1.534
1.648
1.761
1.872
1.981
2.089
2.195
2.3
2.404
2.506
2.607
2.707
2.805
2.902
2.998
3.092
3.185
3.277
3.368
3.3
3.234
3.17
3.106
3.044
1.883
1.432
0.868
0.67
0.401
0.312
0.184
0.143
0.082
0.063
0.034
0.026
0.012
0.008
-0.002
-0.003
-0.008
-0.008
-0.011
-0.011
-0.012
-0.012
-0.012
-0.019
-0.013
-0.012
-0.012
-0.012
-0.012
-0.011
-0.011
-0.011
-0.011
-0.011
-0.01
-0.01
-0.01
-0.01
-0.01
-0.009
-0.009
-0.009
-0.009
-0.009
-0.009
-0.008
-0.008
0.126
0.259
0.39
0.519
0.646
0.772
0.896
1.018
1.139
1.258
1.376
1.492
1.606
1.719
1.831
1.941
2.049
2.156
2.262
2.366
2.469
2.57
2.67
2.769
2.866
2.963
3.033
3.102
3.17
3.238
3.304
3.238
3.173
3.11
3.048
2.987
2.927
2.868
2.811
2.755
2.7
2.646
2.593
2.541
2.49
2.44
2.391
2.344
2.297
2.251
2.206
2.162
2.118
2.076
2.034
1.994
1.954
1.915
1.877
1.839
1.802
1.766
1.731
1.696
1.662
1.629
1.596
1.564
1.533
1.502
1.472
1.443
1.414
1.386
1.358
1.331
1.304
1.278
1.253
1.228
1.203
1.179
1.155
1.132
1.11
1.087
1.066
1.044
1.023
1.003
0.983
0.86
0.739
0.595
0.452
0.312
0.173
0.037
-0.098
-0.231
-0.362
-0.492
-0.62
-0.746
-0.87
-0.993
-1.114
-1.234
-1.351
-1.468
-1.583
-1.696
-1.808
-1.918
-2.027
-2.134
-2.24
-2.195
-2.151
-2.108
-2.066
-2.025
-1.984
-1.945
-1.906
-1.868
-1.83
-1.794
-1.758
-1.723
-1.688
-1.654
-1.621
-1.589
-1.557
-1.526
-1.496
-1.466
-1.436
-1.408
-1.379
-1.352
-1.325
-1.298
-1.272
-1.247
-1.222
-1.198
-1.174
-1.15
-1.127
-1.105
-1.083
-1.061
-1.04
-1.019
-0.999
-0.979
-0.959
-0.94
-0.818
-0.697
-0.578
-0.461
-0.345
-0.231
-0.118
-0.007
0.103
0.212
0.318
0.424
0.528
0.631
0.732
0.832
0.93
1.028
1.124
1.218
1.312
1.404
1.495
1.585
1.673
1.761
1.725
1.691
1.657
1.624
1.591
1.56
1.528
1.498
1.468
1.438
1.41
1.381
1.354
1.327
1.3
1.274
1.249
1.224
1.199
1.318
1.434
1.55
1.663
1.775
1.886
1.995
2.103
2.209
2.314
2.418
2.52
2.621
2.72
2.818
2.915
3.01
2.95
2.891
2.833
2.777
2.721
2.667
2.613
2.561
2.51
2.46
2.41
2.362
2.315
2.269
2.223
2.179
2.135
2.092
2.051
2.01
1.969
1.93
1.891
1.853
1.816
1.78
1.744
1.71
1.675
1.642
1.609
1.577
1.545
1.514
1.484
1.454
1.425
1.397
1.369
1.341
1.315
1.288
1.263
1.237
1.212
1.188
1.164
1.141
1.118
1.096
1.074
1.053
1.031
1.011
0.991
0.971
0.951
0.932
0.914
0.895
0.877
0.86
0.843
0.826
0.809
0.793
0.777
0.762
0.746
0.731
0.717
0.703
0.688
0.675
0.531
0.39
0.25
0.113
-0.023
-0.157
-0.29
-0.42
-0.549
-0.676
-0.801
-0.925
-1.047
-1.167
-1.286
-1.403
-1.519
-1.633
-1.746
-1.857
-1.966
-2.074
-2.181
-2.286
-2.39
-2.493
-2.594
-2.694
-2.792
-2.889
-2.985
-3.08
-3.173
-3.265
-3.356
-3.445
-3.534
-3.621
-3.707
-3.792
-3.876
-3.959
-4.04
-4.121
-4.2
-4.278
-4.356
-4.269
-4.183
-4.1
-4.018
-3.937
-3.859
-3.781
-3.706
-3.632
-3.559
-3.488
-3.418
-3.35
-3.283
-3.217
-3.153
-3.09
-3.028
-2.967
-2.908
-2.85
-2.793
-2.737
-2.682
-2.629
-2.576
-2.525
-2.474
-2.425
-2.376
-2.329
-2.282
-2.236
-2.192
-2.148
-2.105
-2.063
-2.022
-1.981
-1.942
-1.903
-1.865
-1.827
-1.791
-1.755
-1.72
-1.686
-1.652
-1.619
-1.587
-1.555
-1.524
-1.493
-1.463
-1.434
-1.405
-1.377
-1.35
-1.323
-1.296
-1.27
-1.245
-1.22
-1.196
-1.172
-1.148
-1.126
-1.103
-1.081
-1.059
-1.038
-1.017
-0.997
-0.977
-0.958
-0.938
-0.92
-0.901
-0.883
-0.866
-0.848
-0.831
-0.815
-0.798
-0.783
-0.767
-0.752
-0.737
-0.722
-0.707
-0.693
-0.679
-0.666
-0.653
-0.639
-0.627
-0.614
-0.602
-0.59
-0.578
-0.567
-0.555
-0.544
-0.533
-0.523
-0.512
-0.502
-0.492
-0.482
-0.472
-0.463
-0.454
-0.445
-0.436
-0.427
-0.419
-0.41
-0.402
-0.394
-0.386
-0.378
-0.371
-0.363
-0.356
-0.349
-0.342
-0.335
-0.329
-0.322
-0.316
-0.309
-0.303
-0.297
-0.291
-0.285
-0.28
-0.274
-0.269
-0.263
-0.258
-0.253
-0.248
-0.243
-0.238
-0.233
-0.229
-0.224
-0.22
-0.215
0.147
0.144
0.141
0.138
0.135
0.133
0.13
0.127
0.26
0.391
0.52
0.647
0.773
0.897
1.02
1.14
1.259
1.377
1.493
1.607
1.72
1.832
1.942
2.05
2.157
2.263
2.367
2.47
2.571
2.52
2.469
2.42
2.371
2.324
2.277
2.232
2.187
2.144
2.101
2.059
2.017
1.977
1.938
1.899
1.861
1.824
1.787
1.751
1.716
1.682
1.648
1.615
1.583
1.551
1.52
1.49
1.46
1.431
1.402
1.374
1.347
1.32
1.293
1.267
1.242
1.217
1.193
1.169
1.146
1.123
1.1
1.078
1.057
1.036
1.015
0.994
0.975
0.955
0.936
0.917
0.899
0.881
0.863
0.846
0.829
0.81
0.792
0.774
0.757
0.74
0.723
0.707
0.691
0.675
0.66
0.645
0.631
0.616
0.602
0.589
0.576
0.563
0.55
0.538
0.525
0.514
0.502
0.491
0.48
0.469
0.458
0.448
0.438
0.428
0.418
0.409
0.4
0.391
0.382
0.373
0.365
0.356
0.348
0.341
0.333
0.325
0.318
0.311
0.304
0.297
0.29
0.284
0.277
0.271
0.265
0.259
0.253
0.247
0.242
0.236
0.231
0.226
0.221
0.216
0.211
0.206
0.202
0.198
0.194
0.19
0.186
0.182
0.179
0.175
0.172
0.168
0.165
0.162
0.158
0.155
0.152
0.149
0.146
0.143
0.14
0.137
0.135
0.132
0.129
0.127
0.124
0.122
0.119
0.117
0.114
0.112
0.11
0.108
0.106
0.103
0.101
0.099
0.097
0.095
0.093
0.092
0.09
0.088
0.086
0.084
0.083
0.081
0.079
0.078
0.076
0.075
0.073
0.072
0.07
0.069
0.067
0.066
0.065
0.064
0.062
0.061
0.06
0.059
0.057
0.056
0.055
0.054
0.053
0.052
0.051
0.05
0.049
0.048
0.047
0.046
0.045
0.044
0.043
0.042
0.041
0.175
0.307
0.437
0.566
0.693
0.818
0.941
1.063
1.183
1.302
1.419
1.534
1.648
1.76
1.871
1.981
2.089
2.195
2.3
2.404
2.506
2.607
2.707
2.805
2.902
2.998
3.092
3.185
3.277
3.368
3.457
3.545
3.474
3.405
3.337
3.27
3.205
3.141
3.078
3.016
2.956
2.897
2.839
2.782
2.726
2.672
2.618
2.566
2.515
2.464
2.415
2.367
2.319
2.273
2.227
2.183
2.139
2.096
2.055
2.013
1.973
1.934
1.895
1.857
1.82
1.784
1.748
1.713
1.679
1.645
1.612
1.58
1.548
1.517
1.487
1.457
1.428
1.399
1.371
1.344
1.317
1.291
1.265
1.382
1.498
1.588
1.677
1.764
1.85
1.935
2.019
2.102
2.183
2.264
2.343
2.422
2.499
2.576
2.524
2.474
2.424
2.376
2.328
2.282
2.236
2.191
2.147
2.104
2.062
2.021
1.981
1.941
1.902
1.864
1.827
1.79
1.754
1.719
1.685
1.651
1.618
1.586
1.554
1.523
1.493
1.463
1.433
1.405
1.377
1.349
1.322
1.296
1.27
1.244
1.219
1.195
1.171
1.148
1.125
1.102
1.08
1.175
1.269
1.362
1.454
1.544
1.633
1.721
1.808
1.893
2.003
2.11
2.216
2.172
2.129
2.086
2.044
2.003
1.963
1.924
1.886
1.848
1.811
1.775
1.739
1.704
1.67
1.637
1.604
1.572
1.541
1.51
1.48
1.45
1.421
1.392
1.365
1.337
1.311
1.284
1.259
1.376
1.492
1.607
1.72
1.831
1.941
2.049
2.156
2.262
2.366
2.469
2.57
2.67
2.769
2.867
2.963
3.058
3.151
3.243
3.335
3.268
3.203
3.138
3.076
3.014
2.954
2.895
2.837
2.78
2.725
2.67
2.617
2.564
2.513
2.463
2.413
2.365
2.318
2.271
2.226
2.181
2.138
2.095
2.053
2.012
1.972
1.932
1.894
1.856
1.819
1.782
1.747
1.712
1.678
1.644
1.611
1.579
1.547
1.516
1.486
1.456
1.427
1.399
1.371
1.343
1.316
1.29
1.264
1.239
1.214
1.19
1.166
1.143
1.12
1.097
1.075
1.054
1.033
1.012
0.992
0.972
0.953
0.934
0.915
0.897
0.879
0.861
0.844
0.827
0.81
0.794
0.778
0.763
0.747
0.732
0.718
0.703
0.689
0.676
0.662
0.649
0.636
0.623
0.611
0.598
0.586
0.575
0.563
0.552
0.541
0.53
0.519
0.509
0.499
0.489
0.479
0.469
0.46
0.451
0.442
0.433
0.424
0.416
0.407
0.399
0.391
0.383
0.376
0.368
0.361
0.354
0.347
0.34
0.333
0.326
0.32
0.313
0.307
0.301
0.295
0.289
0.283
0.277
0.272
0.266
0.261
0.256
0.251
0.246
0.241
0.236
0.231
0.227
0.222
0.218
0.213
0.209
0.205
0.201
0.197
0.193
0.189
0.185
0.181
0.178
0.174
0.171
0.167
0.164
0.161
0.157
0.154
0.151
0.148
0.145
0.142
0.139
0.137
0.134
0.131
0.128
0.126
0.259
0.389
0.519
0.646
0.772
0.896
1.018
1.139
1.258
1.376
1.492
1.606
1.719
1.831
1.94
2.049
2.156
2.262
2.366
2.469
2.57
2.67
2.769
2.866
2.962
3.057
3.151
3.243
3.334
3.424
3.513
3.6
3.687
3.772
3.856
3.939
4.021
4.101
4.181
4.26
4.337
4.414
4.325
4.239
4.154
4.071
3.99
3.91
3.832
3.755
3.68
3.606
3.534
3.463
3.394
3.326
3.26
3.194
3.131
3.068
3.007
2.946
2.888
2.83
2.773
2.718
2.663
2.61
2.558
2.507
2.457
2.407
2.359
2.312
2.266
2.22
2.176
2.132
2.09
2.048
2.007
1.967
1.928
1.889
1.851
1.814
1.778
1.742
1.707
1.673
1.64
1.607
1.575
1.543
1.512
1.482
1.453
1.424
1.395
1.367
1.34
1.313
1.287
1.261
1.236
1.211
1.187
1.163
1.14
1.117
1.095
1.073
1.051
1.03
1.01
0.989
0.97
0.95
0.931
0.913
0.894
0.876
0.859
0.842
0.825
0.808
0.792
0.776
0.761
0.746
0.731
0.716
0.702
0.688
0.674
0.66
0.647
0.634
0.621
0.609
0.467
0.326
0.187
0.05
-0.085
-0.218
-0.349
-0.479
-0.607
-0.733
-0.858
-0.981
-1.102
-1.222
-1.34
-1.456
-1.571
-1.685
-1.796
-1.907
-2.016
-2.123
-2.229
-2.334
-2.437
-2.539
-2.64
-2.739
-2.837
-2.933
-2.867
-2.802
-2.739
-2.678
-2.617
-2.558
-2.501
-2.444
-2.389
-2.335
-2.283
-2.231
-2.181
-2.132
-2.084
-2.037
-1.991
-1.946
-1.902
-1.86
-1.818
-1.777
-1.737
-1.698
-1.659
-1.622
-1.585
-1.55
-1.515
-1.481
-1.447
-1.415
-1.383
-1.352
-1.321
-1.291
-1.262
-1.234
-1.206
-1.179
-1.152
-1.126
-1.101
-1.076
-1.052
-1.028
-1.005
-0.983
-0.96
-0.939
-0.918
-0.897
-0.877
-0.857
-0.838
-0.819
-0.8
-0.782
-0.765
-0.748
-0.731
-0.716
-0.702
-0.688
-0.674
-0.661
-0.647
-0.634
-0.622
-0.609
-0.597
-0.585
-0.574
-0.562
-0.551
-0.54
-0.529
-0.518
-0.508
-0.498
-0.488
-0.478
-0.469
-0.459
-0.45
-0.441
-0.432
-0.424
-0.415
-0.407
-0.399
-0.391
-0.383
-0.375
-0.368
-0.361
-0.353
-0.346
-0.339
-0.333
-0.326
-0.319
-0.313
-0.307
-0.301
-0.295
-0.289
-0.283
-0.277
-0.272
-0.266
-0.261
-0.256
-0.251
-0.246
-0.241
-0.236
-0.231
-0.227
-0.222
-0.218
-0.213
-0.209
-0.205
-0.201
-0.197
-0.193
-0.189
-0.185
-0.182
-0.178
-0.174
-0.171
-0.168
-0.164
-0.161
-0.158
-0.155
-0.152
-0.149
-0.146
-0.143
-0.14
-0.137
-0.134
-0.132
-0.129
-0.126
-0.124
-0.121
-0.119
-0.117
-0.114
-0.112
-0.11
-0.108
-0.105
-0.103
-0.101
-0.099
-0.097
-0.095
-0.094
-0.092
-0.09
-0.088
-0.086
-0.085
-0.083
-0.081
-0.08
-0.078
-0.076
-0.075
-0.073
-0.072
-0.071
-0.069
-0.068
-0.066
-0.065
-0.064
-0.063
-0.061
-0.06
-0.059
0.076
0.21
0.341
0.471
0.599
0.725
0.85
0.973
1.094
1.214
1.332
1.449
1.564
1.677
1.789
1.9
1.984
2.067
2.15
2.231
2.311
2.389
2.467
2.544
2.62
2.695
2.768
2.841
2.913
2.984
3.078
3.172
3.264
3.354
3.444
3.533
3.62
3.706
3.791
3.875
3.957
4.039
4.119
4.199
4.277
4.354
4.431
4.506
4.58
4.654
4.726
4.797
4.868
4.937
5.005
5.073
5.14
5.206
5.271
5.335
5.398
5.46
5.522
5.582
5.642
5.701
5.76
5.817
5.874
5.93
5.985
6.04
6.094
6.147
6.199
6.251
6.302001
6.352
6.402
6.451
6.499
6.547
6.416
6.288
6.162
6.039001
5.918
5.799
5.683
5.57
5.458
5.349
5.242
5.137
5.035
4.934
4.835
4.739
4.644
4.551
4.46
4.371
4.283
4.198
4.114
4.031
3.951
3.872
3.794
3.718
3.644
3.571
3.5
3.43
3.361
3.294
3.228
3.163
3.1
3.038
2.977
2.918
2.859
2.802
2.746
2.691
2.637
2.585
2.526
2.469
2.414
2.359
2.306
2.254
2.203
2.154
2.105
2.058
2.011
1.966
1.922
1.878
1.836
1.795
1.754
1.715
1.676
1.638
1.601
1.565
1.53
1.495
1.462
1.429
1.397
1.365
1.334
1.304
1.275
1.246
1.513
1.774
2.029
2.279
2.523
2.761
2.994
3.222
3.444
3.662
3.874
4.082
4.285
4.484
4.678
4.868
5.053
5.18
5.305
5.426
5.545
5.661
5.774
5.885
5.994
6.1
6.203
6.304
6.403
6.428
6.452
6.475
6.499
6.546
6.593
6.64
6.507
6.377
6.249
6.124
6.002
5.882
5.764
5.649
5.536
5.425
5.317
5.21
5.106
5.004
4.904
4.806
4.71
4.615
4.523
4.433
4.344
4.257
4.172
4.088
4.007
3.927
3.848
3.771
3.696
3.622
3.549
3.478
3.322
3.168
3.016
2.866
2.718
2.572
2.428
2.286
2.146
2.008
1.871
1.737
1.604
1.473
1.343
1.216
1.09
0.966
0.843
0.722
0.603
0.485
0.369
0.361
0.354
0.347
0.339
0.332
0.324
0.317
0.31
0.303
0.296
0.289
0.283
0.276
0.27
0.264
0.258
0.252
0.246
0.241
0.235
0.23
0.225
0.22
0.215
0.21
0.205
0.201
0.196
0.192
0.187
0.183
0.179
0.175
0.171
0.167
0.163
0.16
0.156
0.153
0.149
0.146
0.142
0.139
0.136
-0.162
-0.454
-0.739
-1.017
-1.289
-1.556
-1.816
-2.07
-2.319
-2.561
-2.799
-3.031
-3.258
-3.184
-3.113
-3.043
-2.974
-2.907
-2.842
-2.778
-2.722
-2.668
-2.614
-2.562
-2.511
-2.461
-2.411
-2.363
-2.316
-2.27
-2.224
-2.18
-2.136
-2.093
-2.052
-2.011
-1.97
-1.931
-1.892
-1.854
-1.817
-1.781
-1.745
-1.711
-1.676
-1.643
-1.61
-1.578
-1.546
1.06
1.039
1.018
0.998
0.978
0.958
0.939
0.92
0.902
0.884
0.866
0.849
0.832
