1.0
0.999848
0.999391
0.99863
0.997564
0.996195
0.994522
0.992546
0.990268
0.987688
0.984808
0.981627
0.978148
0.976296
0.976296
0.976296
0.976296
0.976296
0.976296
0.976296
0.976296
0.976296
0.976296
0.976296
0.976296
0.976296
0.976296
0.976296
0.976296
0.976296
0.976296
0.976296
0.976296
0.976296
0.976296
0.976296
0.976296
0.976296
0.976296
0.976296
0.976296
0.976296
0.976296
0.976296
0.976296
0.976296
0.976296
0.976296
0.976296
0.976296
0.976296
0.976296
0.976296
0.976296
0.976296
0.976296
0.976296
0.976296
0.976296
0.976296
0.976296
0.976296
0.976296
0.976296
0.976296
0.976296
0.976296
0.976296
0.976296
0.976296
0.976296
0.976296
0.976296
0.976296
0.976296
0.976296
0.976296
0.976296
0.976296
0.976296
0.976296
0.976296
0.976296
0.976296
0.976296
0.976296
0.976294
0.976275
0.97624
0.976187
0.976117
0.976131
0.976144
0.976156
0.976167
0.976161
0.976136
0.976106
0.976077
0.97605
0.976021
0.976043
0.977914
0.979639
0.98123
0.982697
0.98405
0.985297
0.986447
0.987508
0.988485
0.989386
0.990217
0.990983
0.991689
0.992339
0.992939
0.993492
0.994002
0.994472
0.994905
0.995304
0.995672
0.996011
0.996323
0.996611
0.996877
0.997122
0.997347
0.997551
0.997733
0.997889
0.998016
0.99811
0.998162
0.998168
0.998117
0.998001
0.99781
0.997531
0.997153
0.996661
0.996042
0.995279
0.994198
0.992646
0.990605
0.988057
0.984984
0.981367
0.979444
0.977214
0.974678
0.971838
0.968695
0.965251
0.964301
0.964352
0.964337
0.964189
0.963799
0.96308
0.962067
0.960761
0.959162
0.957271
0.955089
0.952615
0.949852
0.948382
0.948382
0.948382
0.948382
0.948382
0.948382
0.948382
0.948382
0.948382
0.948382
0.948382
0.948382
0.948382
0.948382
0.948382
0.948382
0.948382
0.948382
0.948382
0.948382
0.948382
0.948382
0.948382
0.948382
0.948382
0.948382
0.948382
0.948382
0.948382
0.948382
0.948382
0.948382
0.948382
0.948382
0.948382
0.948382
0.948382
0.948382
0.948382
0.949872
0.951234
0.952478
0.953615
0.954653
0.955599
0.956463
0.95725
0.957967
0.958619
0.959212
0.959752
0.960241
0.960685
0.961088
0.961453
0.961783
0.96208
0.962349
0.962591
0.962809
0.963005
0.96318
0.963337
0.963478
0.963602
0.963713
0.963811
0.963898
0.963974
0.964041
0.964099
0.964149
0.964192
0.964229
0.96426
0.964285
0.964306
0.964323
0.964336
0.964346
0.964353
0.964356
0.964358
0.964357
0.964355
0.964358
0.964345
0.964279
0.964112
0.963845
0.963475
0.962949
0.962117
0.961011
0.959545
0.957767
0.955687
0.953346
0.950752
0.947858
0.945279
0.944501
0.943609
0.942591
0.942591
0.942591
0.942591
0.942591
0.942591
0.942591
0.942591
0.942591
0.942591
0.942591
0.942591
0.942591
0.942591
0.942591
0.942504
0.94233
0.942065
0.941708
0.941255
0.9407
0.940038
0.939263
0.938367
0.93734
0.936175
0.93486
0.933383
0.931734
0.929898
0.927861
0.925609
0.923127
0.920396
0.9174
0.914121
0.910539
0.906635
0.902388
0.897777
0.892781
0.892781
0.892781
0.892781
0.892781
0.892781
0.892781
0.892781
0.892781
0.892781
0.892781
0.892781
0.892781
0.892781
0.892781
0.892584
0.892191
0.891599
0.890805
0.889805
0.888596
0.887172
0.885526
0.883651
0.881539
0.879182
0.87657
0.873692
0.870536
0.867091
0.863344
0.85928
0.854886
0.850146
0.845045
0.839565
0.83369
0.827401
0.827401
0.827401
0.827401
0.827401
0.827401
0.827401
0.827401
0.827401
0.827401
0.827925
0.828089
0.827897
0.827349
0.826447
0.825191
0.823579
0.82161
0.81928
0.816585
0.813519
0.810076
0.806251
0.802034
0.797417
0.79239
0.786944
0.781067
0.774748
0.767974
0.760732
0.75301
0.752743
0.752478
0.752216
0.751956
0.7517
0.751447
0.751199
0.750955
0.750716
0.750482
0.750253
0.750029
0.74981
0.749597
0.749389
0.749187
0.74899
0.748799
0.74992
0.751559
0.752969
0.753965
0.754309
0.754079
0.75328
0.75192
0.750002
0.747535
0.744735
0.741699
0.738292
0.734508
0.730337
0.725773
0.725773
0.725773
0.725773
0.725773
0.725773
0.725773
0.725773
0.725773
0.725773
0.725773
0.725773
0.725773
0.725773
0.725773
0.725773
0.725773
0.725773
0.725773
0.725773
0.725773
0.725822
0.725818
0.725766
0.725672
0.725541
0.725378
0.725187
0.724971
0.724735
0.724481
0.724213
0.723932
0.723642
0.723343
0.723039
0.72273
0.722419
0.722105
0.721792
0.721479
0.721168
0.720859
0.720553
0.720251
0.719953
0.71966
0.719371
0.719088
0.718811
0.71854
0.718274
0.718015
0.717762
0.717515
0.717275
0.717041
0.716814
0.716593
0.716378
0.71617
0.715968
0.715772
0.715582
0.715398
0.71522
0.715047
0.71488
0.714719
0.714563
0.714412
0.714266
0.714125
0.713989
0.713858
0.713732
0.71361
0.713492
0.713378
0.713268
0.713163
0.713061
0.712963
0.712868
0.712777
0.712302
0.709759
0.706999
0.704025
0.700836
0.697433
0.693818
0.689992
0.685955
0.681709
0.677256
0.672597
0.667732
0.662665
0.661524
0.661524
0.661524
0.661524
0.661524
0.661524
0.661524
0.661524
0.661524
0.661524
0.661524
0.661524
0.661524
0.661524
0.661524
0.661524
0.661524
0.661597
0.662169
0.663139
0.664506
0.666269
0.668423
0.670966
0.673892
0.677197
0.680875
0.684919
0.689322
0.694076
0.699172
0.704599
0.710348
0.716406
0.716406
0.716406
0.716406
0.716406
0.716406
0.716406
0.716406
0.716406
0.716406
0.716406
0.71897
0.72138
0.723647
0.726144
0.728879
0.731859
0.735088
0.738568
0.742303
0.746291
0.750534
0.755029
0.759773
0.764762
0.769992
0.775454
0.781143
0.787049
0.793163
0.799473
0.800227
0.80094
0.801615
0.802252
0.802856
0.803427
0.803968
0.80448
0.804966
0.805426
0.805862
0.806276
0.806669
0.807042
0.807396
0.807732
0.808052
0.808355
0.808644
0.808918
0.80918
0.809428
0.809664
0.80989
0.810104
0.810308
0.810503
0.810688
0.810865
0.811034
0.811195
0.811348
0.810573
0.808636
0.806433
0.804308
0.802263
0.800299
0.798414
0.796608
0.794877
0.793217
0.78916
0.785039
0.785039
0.785039
0.785039
0.785039
0.785039
0.785039
0.785039
0.785039
0.785039
0.785039
0.785039
0.785039
0.785039
0.785039
0.785039
0.785039
0.785039
0.785039
0.785039
0.785039
0.785039
0.785039
0.785039
0.785039
0.785039
0.785039
0.785039
0.785039
0.785039
0.785039
0.785039
0.785039
0.785039
0.785039
0.785039
0.785039
0.785039
0.785039
0.785039
0.787548
0.789901
0.792107
0.794177
0.79612
0.797944
0.799656
0.801265
0.802778
0.8042
0.805537
0.806796
0.80798
0.809096
0.810146
0.811136
0.81207
0.812951
0.81396
0.815296
0.816759
0.818238
0.819663
0.821032
0.822346
0.823605
0.824809
0.825958
0.827051
0.828089
0.829071
0.829998
0.830869
0.831685
0.832445
0.833149
0.833797
0.834389
0.834926
0.835406
0.835831
0.836199
0.836512
0.836768
0.836968
0.837113
0.837201
0.837233
0.837209
0.837129
0.836931
0.836612
0.83611
0.83534
0.834463
0.834463
0.834463
0.834463
0.834463
0.834463
0.834463
0.834463
0.834463
0.834463
0.834463
0.834463
0.834463
0.834463
0.834463
0.834463
0.834463
0.834463
0.834463
0.834463
0.834463
0.834463
0.834463
0.834463
0.834463
0.834463
0.834463
0.834463
0.834463
0.834463
0.834463
0.835025
0.835505
0.83591
0.836249
0.836526
0.83675
0.836925
0.837056
0.837148
0.837205
0.837231
0.837229
0.837203
0.837156
0.837089
0.837006
0.836909
0.8368
0.83668
0.836551
0.836415
0.836272
0.836124
0.835972
0.835817
0.83566
0.835501
0.835342
0.835182
0.835023
0.834864
0.834706
0.83455
0.834396
0.834244
0.834095
0.833948
0.833803
0.833594
0.833019
0.83215
0.831562
0.830884
0.830157
0.82914
0.827594
0.82552
0.822921
0.8198
0.816157
0.811996
0.807318
0.802565
0.797883
0.792827
0.787385
0.781544
0.775288
0.768604
0.761476
0.753889
0.745827
0.737273
0.728211
0.728211
0.728211
0.728211
0.728211
0.728211
0.728211
0.728211
0.728211
0.728211
0.728211
0.728211
0.728211
0.727937
0.727263
0.726229
0.724831
0.723106
0.720941
0.718335
0.715287
0.711794
0.707851
0.703455
0.698601
0.693283
0.687494
0.681227
0.674474
0.667226
0.659474
0.651209
0.642421
0.633098
0.623231
0.612808
0.601817
0.590248
0.578089
0.577638
0.577199
0.576771
0.576354
0.575949
0.575554
0.575171
0.574799
0.574439
0.574089
0.57375
0.573421
0.573527
0.574544
0.576919
0.579118
0.581141
0.582986
0.584654
0.586144
0.587455
0.588588
0.589481
0.589481
0.589481
0.589481
0.589481
0.589481
0.589481
0.589481
0.589481
0.589481
0.589481
0.589481
0.589481
0.589481
0.589481
0.589481
0.589481
0.58902
0.588536
0.588033
0.587514
0.586983
0.586442
0.585896
0.585345
0.584793
0.584241
0.583691
0.583145
0.582603
0.582068
0.581539
0.581019
0.580507
0.580004
0.579511
0.579028
0.578556
0.578094
0.577644
0.577204
0.576776
0.576359
0.575954
0.575559
0.575176
0.574804
0.574444
0.574094
0.573754
0.573426
0.573107
0.572799
0.572501
0.572213
0.571934
0.571664
0.571404
0.571152
0.57091
0.570675
0.570449
0.57023
0.570019
0.569816
0.56962
0.569431
0.569249
0.569073
0.568904
0.568741
0.568584
0.568433
0.568287
0.568147
0.568012
0.567882
0.567757
0.567637
0.567521
0.567409
0.567302
0.567199
0.5671
0.567005
0.566913
0.566825
0.56674
0.566658
0.56658
0.566504
0.566432
0.566362
0.566295
0.566231
0.566169
0.56611
0.566053
0.565998
0.565945
0.565894
0.565846
0.565799
0.565754
0.565711
0.565669
0.565629
0.565591
0.565554
0.565519
0.565485
0.565452
0.565421
0.565391
0.565362
0.565335
0.565308
0.565283
0.565259
0.565239
0.565241
0.565271
0.565324
0.565304
0.565285
0.565267
0.565249
0.565232
0.565216
0.5652
0.565185
0.56517
0.565156
0.565143
0.56513
0.565118
0.565106
0.565095
0.565084
0.565083
0.565604
0.566588
0.568033
0.569937
0.572299
0.575116
0.578383
0.582097
0.586252
0.590843
0.595863
0.601307
0.607166
0.613431
0.620095
0.627146
0.634573
0.642365
0.642361
0.642357
0.642353
0.642349
0.642345
0.642342
0.642338
0.642335
0.642332
0.642329
0.642326
0.642323
0.64232
0.642318
0.642315
0.642313
0.64231
0.642308
0.642306
0.642304
0.642302
0.6423
0.642298
0.642297
0.642295
0.642293
0.642292
0.64229
0.642289
0.642288
0.642287
0.642285
0.642284
0.642283
0.642282
0.642281
0.64228
0.642279
0.642278
0.642277
0.642277
0.642276
0.642275
0.642274
0.642274
0.642273
0.642273
0.642272
0.642271
0.642271
0.642271
0.64227
0.64227
0.642269
0.642269
0.642268
0.642268
0.642267
0.642267
0.642267
0.642266
0.642266
0.642266
0.642265
0.642265
0.642265
0.642264
0.642264
0.642264
0.642263
0.642263
0.642263
0.642263
0.642262
0.642262
0.642262
0.642262
0.642262
0.642261
0.642261
0.639857
0.63709
0.634166
0.633394
0.633778
0.634145
0.634495
0.634829
0.635148
0.635452
0.635743
0.636021
0.636286
0.63654
0.636782
0.637013
0.637235
0.637446
0.637648
0.637842
0.638027
0.638204
0.638373
0.638535
0.63869
0.638838
0.63898
0.639116
0.639246
0.639371
0.63949
0.639604
0.639714
0.639818
0.639919
0.640015
0.640107
0.640195
0.64028
0.640361
0.640438
0.640513
0.640584
0.640653
0.640718
0.640781
0.640842
0.640899
0.640955
0.641008
0.641059
0.641108
0.641155
0.641199
0.641243
0.641284
0.641323
0.641362
0.641398
0.641433
0.641467
0.641499
0.64153
0.641559
0.641588
0.641615
0.641641
0.641667
0.64169
0.641714
0.641736
0.642185
0.643061
0.644361
0.646085
0.64823
0.650791
0.653766
0.657149
0.660936
0.665119
0.669693
0.669706
0.669719
0.669731
0.669742
0.669754
0.669764
0.669775
0.669784
0.669794
0.669803
0.669812
0.66982
0.669828
0.670249
0.671082
0.672326
0.673978
0.676036
0.678497
0.681356
0.684609
0.68825
0.692272
0.696668
0.701431
0.701435
0.70144
0.701444
0.701448
0.701452
0.701456
0.701459
0.701463
0.701466
0.701469
0.701473
0.701476
0.701478
0.701481
0.701484
0.701486
0.701488
0.701491
0.701493
0.701495
0.701498
0.701499
0.701501
0.701503
0.701505
0.701507
0.701509
0.701511
0.701512
0.701513
0.701515
0.701516
0.701517
0.701519
0.70152
0.701521
0.701522
0.701523
0.701524
0.701525
0.701526
0.701527
0.701528
0.701529
0.70153
0.701531
0.701532
0.701533
0.701533
0.701534
0.701535
0.701535
0.701536
0.701537
0.701537
0.701538
0.701538
0.701539
0.701539
0.70154
0.701541
0.701541
0.701937
0.702726
0.703908
0.705481
0.707442
0.709786
0.712511
0.71561
0.719078
0.719332
0.719333
0.719333
0.719333
0.719334
0.719334
0.719176
0.718962
0.718746
0.71853
0.718311
0.718091
0.71787
0.717647
0.717423
0.717197
0.71697
0.716741
0.716511
0.716279
0.716046
0.715811
0.715693
0.716054
0.7168
0.717927
0.719435
0.72132
0.723577
0.726204
0.729194
0.732542
0.733785
0.733538
0.73329
0.73304
0.732725
0.732183
0.730382
0.72706
0.723516
0.719751
0.715768
0.711566
0.707148
0.702514
0.697667
0.692606
0.691746
0.691746
0.691746
0.691746
0.691746
0.691363
0.690598
0.689447
0.68791
0.685983
0.683664
0.680947
0.677828
0.677828
0.677828
0.677828
0.677828
0.677828
0.677828
0.677828
0.677828
0.677828
0.677828
0.677828
0.677828
0.678219
0.678999
0.680169
0.681725
0.683665
0.685985
0.688681
0.691748
0.695181
0.698973
0.703117
0.707605
0.712427
0.717575
0.723038
0.728804
0.734862
0.741198
0.747797
0.754644
0.761724
0.76902
0.776512
0.784181
0.792008
0.79997
0.808044
0.816207
0.824433
0.824433
0.824433
0.824433
0.824433
0.824433
0.824433
0.824433
0.824433
0.824433
0.824433
0.824433
0.824713
0.825271
0.826106
0.827216
0.828596
0.830244
0.832153
0.834318
0.836732
0.839388
0.842276
0.845388
0.848712
0.852238
0.855953
0.859843
0.863895
0.868094
0.872422
0.876863
0.881398
0.885271
0.885271
0.885271
0.885271
0.885271
0.885271
0.885271
0.885271
0.885271
0.885271
0.885271
0.885271
0.885271
0.885271
0.885271
0.885271
0.885271
0.885271
0.885271
0.885271
0.885273
0.885497
0.885928
0.886563
0.8874
0.888435
0.889662
0.891078
0.892674
0.894445
0.896381
0.898474
0.900712
0.903086
0.905583
0.90819
0.910892
0.911144
0.911144
0.911144
0.911144
0.911144
0.911144
0.911144
0.911144
0.911144
0.911144
0.911309
0.911638
0.912129
0.912779
0.913585
0.914543
0.915645
0.916887
0.91826
0.919756
0.921365
0.923078
0.924883
0.926767
0.928718
0.930721
0.932761
0.932761
0.932761
0.932761
0.932761
0.932761
0.932761
0.932761
0.932761
0.932761
0.932761
0.932761
0.932761
0.932761
0.932761
0.932761
0.932761
0.932761
0.932761
0.932761
0.932761
0.932761
0.932761
0.932761
0.932761
0.932878
0.933111
0.933459
0.933918
0.934485
0.935155
0.935922
0.936779
0.937719
0.938734
0.939813
0.940947
0.942124
0.94333
0.944554
0.945779
0.946992
0.948175
0.94931
0.950381
0.950381
0.950381
0.950381
0.950381
0.950381
0.950381
0.950381
0.950381
0.950431
0.95053
0.950677
0.950867
0.951099
0.951366
0.951663
0.951983
0.952318
0.95266
0.952999
0.953324
0.953624
0.953886
0.954096
0.95424
0.954303
0.954268
0.954117
0.953832
0.953394
0.952783
0.951977
0.950954
0.949692
0.948165
0.946351
0.944223
0.941754
0.938919
0.935688
0.932034
0.932034
0.932034
0.932034
0.932034
0.932034
0.932034
0.932034
0.932034
0.932034
0.932034
0.932034
0.932034
0.932034
0.932034
0.931915
0.931675
0.931313
0.930826
0.93021
0.929461
0.928572
0.927537
0.92635
0.925
0.923479
0.921777
0.919882
0.917783
0.915467
0.912919
0.910125
0.907069
0.903736
0.900109
0.896169
0.891897
0.887276
0.882284
0.876901
0.871106
0.864878
0.858193
0.85103
0.843364
0.835173
0.826433
0.81712
0.80721
0.80721
0.80721
0.80721
0.80721
0.80721
0.80721
0.80721
0.80721
0.807195
0.80683
0.806169
0.805208
0.803945
0.802377
0.800499
0.798307
0.795795
0.792955
0.789781
0.786265
0.782398
0.778169
0.773569
0.768588
0.763213
0.757432
0.751391
0.74803
0.748062
0.748047
0.74799
0.747897
0.747772
0.747619
0.747442
0.747245
0.747029
0.746799
0.746556
0.746302
0.746041
0.745772
0.745499
0.745222
0.744943
0.744663
0.744383
0.744104
0.743826
0.74355
0.743278
0.743008
0.742743
0.742482
0.742225
0.741973
0.741727
0.741486
0.74125
0.741019
0.740794
0.740575
0.740362
0.740154
0.739953
0.739757
0.739566
0.739381
0.739202
0.739028
0.738859
0.738696
0.738538
0.738385
0.738237
0.738094
0.737956
0.737822
0.737693
0.737568
0.737448
0.737332
0.73722
0.737111
0.737007
0.736906
0.736809
0.736715
0.736625
0.736538
0.736454
0.736374
0.736296
0.736221
0.736149
0.73608
0.736013
0.735949
0.735887
0.735828
0.73577
0.735715
0.735662
0.735611
0.735562
0.735515
0.735401
0.734824
0.733873
0.732547
0.730843
0.728758
0.726287
0.723426
0.720169
0.71651
0.712442
0.707957
0.703048
0.697706
0.69195
0.691921
0.691895
0.691869
0.691844
0.69182
0.691797
0.691775
0.691754
0.691734
0.691715
0.691696
0.691678
0.691661
0.691644
0.691628
0.691613
0.691598
0.691584
0.691571
0.691558
0.691545
0.691533
0.691522
0.691511
0.6915
0.69149
0.69148
0.691471
0.691462
0.691453
0.691445
0.691437
0.691429
0.691422
0.691415
0.691409
0.691402
0.691396
0.69139
0.691384
0.691379
0.691374
0.691369
0.691364
0.691359
0.691355
0.691351
0.691346
0.691343
0.691339
0.691335
0.691332
0.691328
0.691325
0.691322
0.691319
0.691316
0.691314
0.691311
0.691309
0.691306
0.691304
0.691302
0.6913
0.691298
0.691296
0.691294
0.691292
0.691291
0.691289
0.691288
0.691287
0.691285
0.691284
0.691283
0.691281
0.69128
0.691279
0.691278
0.691277
0.691276
0.691275
0.691274
0.691274
0.691273
0.691272
0.691271
0.69127
0.691269
0.691269
0.691268
0.691268
0.691267
0.69123
0.690707
0.689781
0.688452
0.686716
0.684572
0.682014
0.67904
0.675643
0.671819
0.66756
0.662861
0.657713
0.652109
0.64604
0.639498
0.632704
0.632703
0.632703
0.632703
0.632702
0.632702
0.632702
0.632702
0.632701
0.632701
0.632701
0.632701
0.632701
0.632263
0.631392
0.630087
0.628344
0.626163
0.62354
0.62047
0.61695
0.612975
0.608539
0.603636
0.598259
0.592402
0.586057
0.579215
0.57187
0.57187
0.57187
0.57187
0.57187
0.57187
0.57187
0.57187
0.57187
0.57187
0.57187
0.57187
0.57187
0.57187
0.57187
0.57187
0.57187
0.57187
0.57187
0.57187
0.571409
0.570488
0.569487
0.568491
0.567326
0.566949
0.566194
0.564846
0.562907
0.560403
0.557311
0.553633
0.549372
0.544531
0.539115
0.533126
0.526569
0.519333
0.510451
0.501035
0.491075
0.480562
0.469487
0.457842
0.457842
0.457842
0.457842
0.457842
0.457842
0.457842
0.457842
0.457842
0.457842
0.457355
0.45638
0.454917
0.452964
0.450519
0.44758
0.444144
0.440208
0.435769
0.430822
0.425364
0.41939
0.412895
0.405874
0.398322
0.390233
0.381601
0.372421
0.362686
0.352391
0.34153
0.330097
0.318087
0.305494
0.292313
0.278539
0.264167
0.249195
0.233618
0.217434
0.200642
0.183239
0.174935
0.174935
0.174935
0.174935
0.174935
0.174935
0.174935
0.174536
0.173524
0.171965
0.16986
0.167207
0.164006
0.160255
0.155955
0.151103
0.145698
0.13974
0.133226
0.124467
0.115178
0.113592
0.112062
0.110587
0.109166
0.107796
0.106476
0.105205
0.10398
0.102801
0.101666
0.100574
0.099522
0.09851
0.097537
0.0966
0.095698
0.094832
0.093998
0.09309
0.091117
0.087797
0.084111
0.0804
0.076664
0.072905
0.069123
0.065321
0.061498
0.057657
0.053798
0.049923
0.046033
0.042128
0.038211
0.034282
0.030343
0.026395
0.025105
0.025105
0.025105
0.025105
0.025105
0.025105
0.025105
0.025105
0.025105
0.025105
0.025105
0.025105
0.025105
0.025105
0.025105
0.025105
0.025105
0.025105
0.025105
0.025105
0.025105
0.025105
0.025105
0.025105
0.025105
0.025105
0.025105
0.025105
0.025105
0.025105
0.025105
0.025105
0.025105
0.025105
0.025105
0.025105
0.025105
0.025105
0.025105
0.025105
0.025105
0.025105
0.025105
0.025105
0.025105
0.025105
0.025105
0.025105
0.025105
0.025105
0.025105
0.025105
0.027082
0.028978
0.030796
0.032539
0.034211
0.035814
0.037352
0.038826
0.04024
0.041595
0.042895
0.044142
0.045338
0.046484
0.047584
0.048639
0.04965
0.050619
0.05155
0.052442
0.053298
0.054118
0.054906
0.055661
0.056385
0.057079
0.057746
0.058385
0.058946
0.058797
0.058058
0.056729
0.054812
0.052307
0.049214
0.045533
0.041266
0.036413
0.030973
0.024948
0.018339
0.011145
0.003027
-0.005658
-0.005318
-0.004992
-0.004679
-0.004378
-0.004089
-0.003812
-0.003546
-0.00329
-0.003045
-0.002809
-0.002583
-0.002366
-0.002158
-0.001958
-0.001766
-0.001581
-0.001404
-0.001234
-0.001071
-0.000915
-0.000764
-0.00062
-0.000482
-0.000349
-0.000221
-0.000098
0.000019
0.000132
0.000241
0.000345
0.000445
0.000541
0.000633
0.000721
0.000806
0.000888
0.000966
0.001041
0.001113
0.001182
0.001249
0.001313
0.001374
0.001433
0.001489
0.001543
0.001595
0.001645
0.001693
0.001739
0.001783
0.001826
0.001866
0.001905
0.001943
0.001979
0.002014
0.002047
0.002079
0.002109
0.002139
0.002167
0.002194
0.00222
0.002245
0.002269
0.002292
0.002314
0.002335
0.002355
0.002375
0.002394
0.002412
0.002429
0.002445
0.002461
0.002477
0.002491
0.002505
0.002519
0.002532
0.002544
0.002556
0.002568
0.002579
0.002589
0.0026
0.002609
0.002619
0.002628
0.002636
0.002645
0.002653
0.00266
0.002667
0.002675
0.002681
0.002688
0.002694
0.0027
0.002706
0.002711
0.002716
0.002722
0.002726
0.002731
0.002736
0.00274
0.002744
0.002748
0.002752
0.002755
0.002759
0.002762
0.002766
0.002769
0.002772
0.002775
0.002777
0.00278
0.002783
0.002785
0.002787
0.00279
0.002792
0.002794
0.002796
0.002798
0.002799
0.002801
0.002803
0.002805
0.002806
0.002808
0.002809
0.00281
0.002812
0.002813
0.002814
0.002815
0.002816
0.002818
0.002819
0.00282
0.002821
0.002821
0.002822
0.002823
0.002824
0.002825
0.002826
0.002826
0.002827
0.00226
0.001124
0.000579
0.00285
0.005689
0.009097
0.013072
0.017615
0.022725
0.028403
0.034647
0.041457
0.048833
0.056773
0.065276
0.065275
0.065275
0.065275
0.065275
0.065274
0.065274
0.065274
0.065274
0.065274
0.065274
0.065274
0.065273
0.065273
0.065273
0.065273
0.065273
0.065273
0.065273
0.065273
0.065273
0.065273
0.065273
0.065273
0.065273
0.065273
0.065273
0.065273
0.065273
0.065273
0.065273
0.065273
0.065273
0.065273
0.065273
0.065273
0.065273
0.065273
0.065273
0.065273
0.065273
0.065273
0.065273
0.065273
0.065273
0.065273
0.065273
0.065273
0.065273
0.065273
0.065273
0.065273
0.065273
0.065273
0.065273
0.065273
0.065273
0.065273
0.065273
0.065273
0.065273
0.065273
0.065273
0.065273
0.065273
0.065273
0.065273
0.065273
0.065273
0.065273
0.065273
0.06488
0.063841
0.062235
0.060062
0.057322
0.054014
0.050139
0.045695
0.040683
0.040633
0.040633
0.040633
0.040633
0.040633
0.040633
0.040633
0.040633
0.040633
0.040633
0.040633
0.040633
0.040633
0.040633
0.040633
0.040633
0.040633
0.040633
0.040633
0.040633
0.040633
0.040633
0.040633
0.040633
0.040633
0.040633
0.040633
0.040633
0.040633
0.040633
0.040633
0.040633
0.040633
0.040633
0.040633
0.040633
0.040633
0.040633
0.040633
0.040633
0.040633
0.040633
0.040633
0.040633
0.040633
0.040633
0.040633
0.041459
0.044209
0.047964
0.051705
0.055813
0.06055
0.065829
0.071644
0.077987
0.084852
0.092227
0.100104
0.108468
0.115777
0.121739
0.128247
0.135298
0.142891
0.151023
0.151023
0.151023
0.151023
0.151023
0.151023
0.151023
0.151023
0.151023
0.151023
0.151023
0.151023
0.151023
0.151023
0.151023
0.151023
0.151023
0.151023
0.151023
0.151023
0.151023
0.151023
0.151023
0.151023
0.151023
0.151023
0.151023
0.149386
0.147805
0.146277
0.144801
0.143376
0.142001
0.140673
0.139393
0.138159
0.136969
0.135821
0.134716
0.13365
0.132623
0.131635
0.130682
0.129766
0.128883
0.128034
0.127216
0.126429
0.125672
0.124943
0.125838
0.127992
0.131522
0.135011
0.13846
0.141866
0.145229
0.148548
0.151029
0.151029
0.151029
0.151029
0.151029
0.151029
0.151029
0.151029
0.151029
0.151029
0.151029
0.151029
0.151029
0.151029
0.151029
0.151029
0.151029
0.151029
0.151029
0.151029
0.151029
0.151029
0.151029
0.151029
0.151029
0.151029
0.151029
0.150481
0.149385
0.14774
0.145546
0.142802
0.139507
0.135662
0.131264
0.126313
0.120808
0.114748
0.108131
0.100957
0.093225
0.084934
0.076083
0.066671
0.056699
-0.046165
-0.035072
-0.023418
-0.011206
0.001563
0.014887
0.028763
0.043188
0.058157
0.073666
0.089707
0.106275
0.12336
0.140955
0.140955
0.140955
0.140955
0.140955
0.140955
0.140955
0.140955
0.140955
0.140955
0.141504
0.142602
0.144248
0.146443
0.149186
0.152475
0.15631
0.160689
0.165613
0.171077
0.177082
0.183624
0.190702
0.198311
0.20645
0.215114
0.224299
0.234
0.244212
0.254929
0.266145
0.277852
0.290044
0.30271
0.31584
0.329425
0.343452
0.343452
0.343452
0.343452
0.343452
0.343452
0.343452
0.343452
0.343452
0.343452
0.34397
0.345006
0.346558
0.348626
0.351209
0.354304
0.35791
0.362024
0.366642
0.371762
0.37738
0.38349
0.390088
0.397169
0.404726
0.412753
0.421242
0.430186
0.439576
0.449402
0.459654
0.47032
0.481389
0.495387
0.509636
0.524123
0.538837
0.553763
0.568885
0.584186
0.599647
0.615248
0.630966
0.646778
0.662657
0.678577
0.694508
0.710419
0.726278
0.738712
0.739709
0.740653
0.741545
0.742389
0.743188
0.743945
0.744662
0.745342
0.745986
0.746596
0.747176
0.747726
0.748248
0.748743
0.749214
0.749662
0.748359
0.745431
0.741872
0.738087
0.734077
0.729844
0.725388
0.720711
0.715815
0.711572
0.711572
0.711572
0.711572
0.711572
0.711572
0.711572
0.711572
0.711572
0.711572
0.711572
0.711572
0.711572
0.711572
0.711572
0.711572
0.711572
0.711572
0.711572
0.711572
0.711572
0.711572
0.711572
0.711572
0.711572
0.711572
0.711572
0.711572
0.711572
0.711572
0.711572
0.711572
0.711583
0.712019
0.712823
0.713995
0.715532
0.71743
0.719687
0.722298
0.725257
0.728558
0.732195
0.73616
0.740443
0.745037
0.74993
0.755112
0.76057
0.766292
0.772264
0.77847
0.784896
0.791524
0.798336
0.805313
0.812435
0.819681
0.827028
0.827551
0.827551
0.827551
0.827551
0.827551
0.827551
0.827551
0.827551
0.827828
0.82838
0.829205
0.830302
0.831667
0.833296
0.835183
0.837323
0.839708
0.842332
0.845185
0.848258
0.851541
0.857416
0.863303
0.869196
0.875091
0.880979
0.88685
0.892694
0.898499
0.904249
0.90993
0.915524
0.921013
0.926376
0.931592
0.932417
0.933188
0.933909
0.934583
0.935212
0.935802
0.936353
0.93687
0.937353
0.937807
0.938231
0.93863
0.939003
0.939354
0.939683
0.939992
0.940283
0.940556
0.940813
0.941054
0.941282
0.941496
0.941697
0.941887
0.942066
0.942235
0.942248
0.942104
0.941804
0.941344
0.940723
0.940068
0.939919
0.939852
0.939414
0.938548
0.937252
0.935523
0.935412
0.935017
0.934337
0.933372
0.932123
0.93059
0.928774
0.926674
0.924982
0.924982
0.924982
0.924982
0.924982
0.924982
0.924982
0.924982
0.924982
0.924982
0.924982
0.924982
0.924982
0.924982
0.924982
0.924982
0.924982
0.924982
0.924982
0.924982
0.924982
0.924982
0.924982
0.924982
0.924982
0.924982
0.924982
0.924982
0.924982
0.924982
0.924982
0.924958
0.924762
0.924428
0.923954
0.923336
0.92257
0.921651
0.920573
0.919329
0.917911
0.91631
0.914518
0.912522
0.910313
0.907877
0.905201
0.902272
0.899074
0.895592
0.892963
0.892963
0.892963
0.892963
0.892963
0.892963
0.892963
0.892767
0.892374
0.891783
0.89099
0.889992
0.888785
0.887362
0.885718
0.883846
0.881737
0.879384
0.876774
0.874694
0.872203
0.869297
0.865969
0.862212
0.858018
0.853377
0.848279
0.84271
0.83666
0.830114
0.823058
0.815477
0.807355
0.798676
0.789424
0.77958
0.769128
0.758049
0.746326
0.73394
0.720873
0.707107
0.706791
0.706478
0.706172
0.705871
0.705576
0.705287
0.705005
0.704729
0.70446
0.704198
0.703942
0.703694
0.703452
0.703217
0.702988
0.702766
0.702551
0.702343
0.702141
0.701945
0.701755
0.701572
0.701394
0.701223
0.701057
0.700896
0.700741
0.700591
0.700447
0.700307
0.700173
0.700043
0.699893
0.699277
0.698268
0.696864
0.695063
0.69286
0.690254
0.687237
0.683806
0.679954
0.679865
0.679779
0.679696
0.679617
0.67954
0.679466
0.679395
0.679327
0.679261
0.679198
0.679137
0.679079
0.679023
0.678969
0.678917
0.678867
0.678819
0.678773
0.678729
0.678686
0.678645
0.678606
0.678568
0.678532
0.678497
0.678463
0.678431
0.6784
0.67837
0.678341
0.678314
0.678287
0.678262
0.678238
0.678214
0.678192
0.678171
0.67815
0.67813
0.678111
0.678093
0.678075
0.678058
0.678042
0.678026
0.678011
0.677997
0.677983
0.677969
0.677957
0.677945
0.677933
0.677921
0.677911
0.6779
0.67789
0.677881
0.677872
0.677863
0.677854
0.677846
0.677838
0.677831
0.677824
0.677817
0.677811
0.677804
0.677798
0.677792
0.677787
0.677782
0.677776
0.677771
0.677767
0.677762
0.677758
0.677754
0.67775
0.677746
0.677742
0.677738
0.677735
0.677732
0.677729
0.677726
0.677723
0.67772
0.677718
0.677715
0.677713
0.67771
0.677708
0.677706
0.677704
0.677702
0.6777
0.677699
0.677697
0.677695
0.677694
0.677692
0.677691
0.67769
0.677688
0.677687
0.677686
0.677685
0.677684
0.677683
0.677681
0.67768
0.67768
0.677679
0.677678
0.677677
0.677676
0.677676
0.677675
0.677674
0.677674
0.677673
0.677673
0.677672
0.677672
0.677671
0.677671
0.67767
0.67767
0.67767
0.677669
0.677669
0.677669
0.677668
0.677668
0.677668
0.677667
0.677667
0.677667
0.677667
0.677667
0.677667
0.677667
0.677666
0.677666
0.677666
0.677666
0.677666
0.677666
0.677666
0.677666
0.677665
0.677665
0.677665
0.677665
0.677665
0.677665
0.677665
0.677665
0.677665
0.677665
0.677665
0.677665
0.677665
0.677665
0.677665
0.677665
0.677665
0.677665
0.677665
0.677665
0.677665
0.677665
0.677665
0.677665
0.677665
0.677665
0.677665
0.677665
0.677665
0.677665
0.677665
0.677665
0.677665
0.677665
0.677665
0.677665
0.677665
0.677665
0.677665
0.677665
0.677665
0.677665
0.677665
0.677665
0.677665
0.677665
0.677665
0.677665
0.677665
0.677665
0.677665
0.677665
0.677665
0.677665
0.677665
0.677665
0.677665
0.677665
0.677665
0.677665
0.677665
0.677665
0.677665
0.677665
0.677665
0.677665
0.677665
0.677665
0.677665
0.677665
0.677665
0.677665
0.677665
0.677665
0.677665
0.677665
0.677665
0.677665
0.677665
0.677665
0.677665
0.677665
0.677665
0.677665
0.677665
0.677665
0.677665
0.677665
0.677665
0.677665
0.677665
0.677665
0.677536
0.676896
0.675846
0.674385
0.672508
0.670214
0.667499
0.664357
0.660785
0.656777
0.652325
0.647424
0.642066
0.636243
0.629946
0.623167
0.615896
0.608124
0.59984
0.591035
0.581697
0.571815
0.561379
0.550377
0.538798
0.526631
0.513865
0.500488
0.48649
0.471996
0.457727
0.459355
0.462281
0.46524
0.468122
0.470861
0.473457
0.475909
0.478215
0.480376
0.482391
0.484259
0.485979
0.487173
0.487173
0.487173
0.487173
0.487173
0.487173
0.487173
0.487173
0.486695
0.48574
0.484306
0.482391
0.479994
0.477112
0.473742
0.469882
0.465527
0.460673
0.455315
0.44945
0.44307
0.436171
0.428747
0.420793
0.412302
0.403267
0.393682
0.383541
0.372837
0.361563
0.349713
0.337282
0.324263
0.310651
0.296439
0.281625
0.266202
0.250167
0.250167
0.250167
0.250167
0.250167
0.250167
0.250167
0.250167
0.250167
0.250167
0.249631
0.248559
0.246951
0.244805
0.242121
0.238897
0.235133
0.230826
0.225974
0.220576
0.21463
0.208133
0.201084
0.193479
0.185317
0.176595
0.167312
0.157465
0.147051
0.136071
0.124521
0.112402
0.099712
0.086451
0.072619
0.058218
0.058218
0.058218
0.058218
0.058218
0.057664
0.056556
0.054894
0.052676
0.049904
-0.046578
-0.042696
-0.038258
-0.033265
-0.027715
-0.02161
-0.014949
-0.007732
0.00004
0.008368
0.017251
0.026687
0.026687
0.026687
0.026687
0.026687
0.026687
0.026687
0.027242
0.028352
0.030017
0.032236
0.035011
0.038339
0.042223
0.04666
0.05165
0.057193
0.063288
0.069935
0.077131
0.084876
0.093168
0.102004
0.111383
0.121302
0.131758
0.142746
0.154262
0.166303
0.178862
0.191933
0.205508
0.219581
0.234141
0.24918
0.264686
0.280647
0.297051
0.313882
0.331125
0.348763
0.348763
0.348763
0.348763
0.348763
0.348763
0.348763
0.348763
0.348763
0.34928
0.350313
0.351862
0.353925
0.356502
0.35959
0.363187
0.36729
0.371897
0.377005
0.382607
0.388701
0.395282
0.402344
0.40694
0.40694
0.40694
0.40694
0.40694
0.40694
0.40694
0.407442
0.408446
0.40995
0.411955
0.414457
0.417455
0.420946
0.424928
0.429396
0.434347
0.439776
0.445678
0.452047
0.458878
0.466162
0.473893
0.482062
0.486879
0.486879
0.486879
0.486879
0.486879
0.486879
0.487357
0.488312
0.489742
0.491647
0.494025
0.496872
0.500186
0.503963
0.5082
0.51289
0.51803
0.523613
0.529632
0.53608
0.542949
0.55023
0.557915
0.565992
0.57445
0.583278
0.592462
0.601989
0.611843
0.622008
0.632469
0.64241
0.64241
0.64241
0.64241
0.64241
0.64241
0.64241
0.64241
0.64241
0.642821
0.643641
0.64487
0.646505
0.648545
0.650984
0.653821
0.657049
0.660664
0.66466
0.669028
0.673763
0.678855
0.684296
0.690075
0.696181
0.702602
0.709326
0.71634
0.71634
0.71634
0.71634
0.71634
0.71634
0.71634
0.718904
0.721314
0.723581
0.725712
0.727718
0.729605
0.731383
0.733057
0.734635
0.736122
0.737524
0.738847
0.740095
0.741274
0.742387
0.743439
0.744432
0.745372
0.746261
0.747102
0.747898
0.748652
0.749366
0.750042
0.750683
0.751291
0.751868
0.752415
0.752934
0.753427
0.753896
0.754341
0.754763
0.755165
0.755547
0.755537
0.755151
0.754389
0.753248
0.751729
0.749827
0.747539
0.744861
0.741788
0.738315
0.734433
0.730137
0.727934
0.728137
0.728331
0.728516
0.728693
0.728862
0.729024
0.729178
0.729326
0.729467
0.729602
0.729731
0.729855
0.729973
0.730086
0.730194
0.730297
0.730397
0.730491
0.730582
0.730666
0.73062
0.730084
0.729166
0.727866
0.72618
0.724105
0.721638
0.718773
0.715506
0.711831
0.707684
0.703172
0.698516
0.698568
0.698618
0.698666
0.698712
0.698757
0.698799
0.698839
0.698878
0.698915
0.698533
0.697753
0.696573
0.69499
0.693002
0.690607
0.687798
0.684572
0.680924
0.676846
0.67687
0.676894
0.676916
0.676938
0.676958
0.676978
0.676997
0.677016
0.677033
0.67705
0.677066
0.677082
0.677097
0.677111
0.677125
0.677138
0.67715
0.677163
0.677174
0.677185
0.677196
0.677207
0.677216
0.677226
0.677235
0.677244
0.677252
0.67726
0.677268
0.677276
0.677283
0.67729
0.677297
0.677303
0.677309
0.677315
0.677321
0.677326
0.677331
0.677336
0.677341
0.677346
0.67735
0.677354
0.677358
0.677362
0.677366
0.67737
0.677373
0.677377
0.67738
0.677383
0.677386
0.677389
0.677392
0.677395
0.677397
0.6774
0.677402
0.677404
0.677407
0.677409
0.677411
0.677413
0.677415
0.677417
0.677418
0.67742
0.677422
0.677847
0.678705
0.679756
0.680924
0.682097
0.683219
0.684291
0.685313
0.686265
0.68717
0.688026
0.688834
0.689593
0.690304
0.690967
0.691503
0.691821
0.691463
0.691103
0.690741
0.69038
0.690019
0.689661
0.689305
0.688954
0.688606
0.688264
0.687928
0.687597
0.687273
0.686955
0.686644
0.68634
0.686044
0.685754
0.685472
0.685198
0.68493
0.684671
0.684418
0.684173
0.683935
0.683704
0.68348
0.683263
0.683053
0.68285
0.682653
0.682463
0.682279
0.682101
0.681929
0.681763
0.681602
0.681447
0.681298
0.681154
0.681014
0.68088
0.680751
0.680626
0.680505
0.680389
0.680278
0.68017
0.680066
0.679966
0.67987
0.679777
0.679688
0.679602
0.679519
0.67944
0.679363
0.679289
0.679218
0.67915
0.679085
0.679021
0.678961
0.678902
0.678846
0.678792
0.67874
0.678691
0.678643
0.678597
0.678552
0.67851
0.678469
0.678609
0.679476
0.680697
0.681908
0.683051
0.683591
0.683532
0.682878
0.681633
0.679802
0.677389
0.674399
0.670837
0.666707
0.661841
0.656388
0.650487
0.64413
0.637307
0.630008
0.622222
0.613939
0.605146
0.595833
0.585989
0.5756
0.5756
0.5756
0.5756
0.5756
0.5756
0.5756
0.5756
0.5756
0.5756
0.575316
0.574517
0.573275
0.571586
0.569449
0.566861
0.563819
0.560319
0.556356
0.551926
0.547023
0.541641
0.535775
0.529416
0.52256
0.515197
0.50732
0.498922
0.489994
0.480528
0.470515
0.459947
0.448815
0.43711
0.424825
0.41195
0.398478
0.384401
0.369712
0.354404
0.33847
0.321905
0.304703
0.286861
0.268375
0.249244
0.229465
0.20904
0.187969
0.166256
0.143905
0.120922
0.097315
0.073094
0.048272
-0.022861
-0.022861
-0.022861
-0.022861
-0.022861
-0.022861
-0.022861
-0.022861
-0.022861
-0.022861
-0.022861
-0.022861
-0.022861
-0.022306
-0.021196
-0.019531
-0.01731
-0.014535
-0.011204
-0.007318
-0.002876
0.002121
0.007673
0.01378
0.020441
0.027656
0.035425
0.043746
0.052618
0.062039
0.072008
0.082522
0.093579
0.105174
0.117305
0.129967
0.143154
0.156862
0.171082
0.185808
0.20103
0.21674
0.232927
0.249579
0.251312
0.251312
0.251312
0.251312
0.251312
0.251312
0.251312
0.251312
0.251312
0.251312
0.251312
0.251312
0.251312
0.251312
0.251312
0.251327
0.254268
0.257636
0.261437
0.265679
0.270364
0.275497
0.281081
0.287118
0.293612
0.300561
0.307967
0.315828
0.324144
0.332913
0.342131
0.351794
0.361899
0.372441
0.383412
0.394807
0.406617
0.418833
0.431445
0.444443
0.457812
0.471542
0.485617
0.500022
0.514739
0.52975
0.530298
0.530821
0.53132
0.531796
0.532251
0.532685
0.5331
0.533495
0.532597
0.530458
0.526667
0.522716
0.518606
0.514337
0.509912
0.505332
0.500598
0.495711
0.490673
0.490591
0.490591
0.490591
0.490591
0.490591
0.490591
0.491067
0.492019
0.493446
0.497888
0.502665
0.507785
0.51325
0.519065
0.525231
0.531748
0.538617
0.545837
0.553404
0.561315
0.569565
0.578149
0.58706
0.59629
0.60583
0.615669
0.625797
0.62675
0.627654
0.628512
0.629327
0.630101
0.630837
0.631537
0.632202
0.632835
0.633437
0.63401
0.634555
0.635075
0.63557
0.636041
0.63649
0.636918
0.637326
0.637715
0.638086
0.638441
0.638779
0.639101
0.639409
0.639702
0.639983
0.640251
0.640507
0.640752
0.640986
0.641209
0.641423
0.641627
0.641822
0.642009
0.642188
0.642358
0.642522
0.642678
0.642828
0.642971
0.643108
0.64324
0.643365
0.643486
0.643601
0.643711
0.643817
0.643919
0.644015
0.644108
0.644197
0.644282
0.644364
0.644442
0.644517
0.644589
0.644658
0.644725
0.644788
0.644849
0.645693
0.648271
0.650861
0.653253
0.655447
0.65744
0.659233
0.660826
0.662217
0.663407
0.664394
0.665179
0.665761
0.666075
0.666075
0.666075
0.666075
0.666075
0.666075
0.666075
0.666075
0.665888
0.665661
0.665399
0.665107
0.66479
0.664451
0.664093
0.663721
0.663337
0.662944
0.662544
0.662138
0.66173
0.66132
0.66091
0.660501
0.660095
0.659692
0.659294
0.658901
0.658513
0.658132
0.657757
0.65739
0.65703
0.656678
0.656334
0.655998
0.65567
0.65535
0.655039
0.654737
0.654443
0.654157
0.653879
0.65361
0.653348
0.653095
0.652849
0.652611
0.652381
0.652158
0.651943
0.651734
0.651533
0.651338
0.65115
0.650969
0.650793
0.650624
0.650461
0.650303
0.650151
0.650004
0.649863
0.649726
0.649595
0.649468
0.649346
0.649229
0.649116
0.649007
0.648902
0.648801
0.648703
0.64861
0.64852
0.648433
0.648349
0.648269
0.648192
0.648118
0.648046
0.647978
0.647911
0.647848
0.647787
0.647728
0.647672
0.647618
0.647565
0.647515
0.647467
0.647637
0.648005
0.648452
0.648894
0.64933
0.649761
0.650214
0.650661
0.651102
0.651561
0.651999
0.652415
0.652839
0.653126
0.652949
0.652794
0.652637
0.652461
0.652295
0.652089
0.65189
0.651697
0.651511
0.651332
0.651159
0.650992
0.65083
0.651455
0.653641
0.655791
0.65779
0.659589
0.661201
0.663085
0.665168
0.66744
0.669889
0.672504
0.675226
0.67804
0.679671
0.679671
0.679671
0.679671
0.679671
0.679671
0.679671
0.679671
0.679671
0.679671
0.679671
0.679537
0.679358
0.679142
0.678894
0.678617
0.678317
0.677996
0.677658
0.677306
0.676943
0.676571
0.676193
0.67581
0.675424
0.675037
0.67465
0.674265
0.673881
0.673501
0.673125
0.672754
0.672388
0.672029
0.671675
0.671329
0.670989
0.670657
0.670333
0.670016
0.669707
0.669405
0.669112
0.668827
0.668549
0.66828
0.668018
0.667764
0.667517
0.667278
0.667047
0.666822
0.666605
0.666395
0.666192
0.665996
0.665806
0.665622
0.665445
0.665274
0.665109
0.664949
0.664795
0.664646
0.664503
0.664365
0.664231
0.664103
0.663979
0.66386
0.663745
0.663634
0.663527
0.663425
0.663326
0.66323
0.663139
0.663051
0.662966
0.662884
0.662806
0.66273
0.662657
0.662587
0.66252
0.662455
0.662393
0.662333
0.662275
0.66222
0.662167
0.662116
0.662066
0.662019
0.661974
0.66193
0.661888
0.661848
0.661809
0.661772
0.661736
0.661702
0.661669
0.661637
0.661607
0.661577
0.661549
0.661522
0.661496
0.661471
0.661447
0.661424
0.661402
0.661381
0.661361
0.661341
0.661323
0.661304
0.661287
0.66127
0.661254
0.661239
0.661224
0.66121
0.661197
0.661184
0.661171
0.661159
0.661148
0.661137
0.661126
0.661116
0.661106
0.661097
0.661087
0.660921
0.660237
0.659134
0.657611
0.655664
0.65329
0.650486
0.65048
0.650473
0.650467
0.650461
0.650456
0.650451
0.650446
0.650441
0.650436
0.650431
0.650427
0.650423
0.650419
0.650415
0.650411
0.650407
0.650404
0.650401
0.650398
0.650394
0.650392
0.650389
0.650386
0.650384
0.650381
0.650379
0.650377
0.650375
0.650373
0.650371
0.650369
0.650367
0.650366
0.650364
0.650363
0.650361
0.65036
0.650358
0.650357
0.650356
0.650354
0.650353
0.650352
0.650351
0.65035
0.650349
0.650348
0.650347
0.650346
0.650345
0.650344
0.650344
0.650343
0.650342
0.650341
0.650341
0.65034
0.65034
0.650339
0.650338
0.650338
0.650338
0.650337
0.650337
0.650336
0.650336
0.650336
0.650335
0.650335
0.650335
0.650335
0.650334
0.650334
0.650334
0.650333
0.650333
0.650333
0.650333
0.650332
0.650332
0.650332
0.650332
0.650332
0.650331
0.650331
0.650331
0.650331
0.650331
0.650331
0.65033
0.65033
0.65033
0.65033
0.65033
0.65033
0.65033
0.65033
0.65033
0.65033
0.65033
0.65033
0.65033
0.65033
0.65033
0.65033
0.65033
0.65033
0.65033
0.65033
0.65033
0.65033
0.65033
0.65033
0.65033
0.65033
0.65033
0.65033
0.65033
0.65033
0.65033
0.65033
0.65033
0.65033
0.65033
0.65033
0.65033
0.65033
0.65033
0.65033
0.65033
0.65033
0.65033
0.65033
0.65033
0.65033
0.65033
0.65033
0.65033
0.65033
0.65033
0.65033
0.65033
0.65033
0.65033
0.65033
0.65033
0.65033
0.65033
0.65033
0.65033
0.65033
0.65033
0.65033
0.65033
0.65033
0.65033
0.65033
0.65033
0.65033
0.65033
0.65033
0.65033
0.65033
0.649906
0.649058
0.647784
0.646082
0.644506
0.643687
0.643158
0.642162
0.640558
0.638349
0.635536
0.632124
0.628116
0.623514
0.618322
0.612545
0.606186
0.599032
0.590784
0.582024
0.572742
0.562926
0.552673
0.552673
0.552673
0.552673
0.552673
0.552673
0.552673
0.552673
0.552673
0.552578
0.551918
0.550804
0.549235
0.547209
0.544723
0.541775
0.538361
0.534477
0.530119
0.525281
0.519958
0.514144
0.507833
0.501019
0.493694
0.485852
0.477484
0.468584
0.459143
0.449153
0.438606
0.427495
0.415812
0.403547
0.390695
0.377247
0.363197
0.348536
0.333261
0.317364
0.30084
0.283685
0.265896
0.24747
0.228406
0.208702
0.188361
0.167384
0.145774
0.123537
0.100679
0.07721
0.053139
-0.028479
-0.003245
0.022547
0.048876
0.075722
0.075722
0.075722
0.075722
0.075722
0.075722
0.075722
0.075722
0.075722
0.075722
0.075722
0.075722
0.075727
0.076333
0.077492
0.079204
0.081469
0.084287
0.087657
0.091578
0.09605
0.101072
0.106643
0.112762
0.119426
0.126635
0.134387
0.142678
0.151506
0.160869
0.170761
0.18118
0.192121
0.203578
0.207576
0.207576
0.207576
0.207576
0.207576
0.207576
0.207576
0.207576
0.207576
0.207576
0.207576
0.207576
0.207576
0.207576
0.208118
0.209202
0.210827
0.212992
0.215698
0.218942
0.222723
0.22704
0.23189
0.237272
0.243183
0.249619
0.256578
0.256578
0.256578
0.256578
0.256578
0.256578
0.256578
0.256578
0.256578
0.256578
0.256578
0.256578
0.257113
0.258182
0.259785
0.261921
0.264589
0.267788
0.271516
0.275771
0.280551
0.285853
0.291674
0.298011
0.304859
0.312214
0.320072
0.328426
0.337272
0.337272
0.337272
0.337272
0.337272
0.337272
0.337272
0.337272
0.337272
0.337272
0.337272
0.337272
0.337424
0.338225
0.339544
0.341381
0.343735
0.346603
0.349985
0.353877
0.358277
0.358277
0.358277
0.358277
0.358277
0.358277
0.358277
0.358277
0.358277
0.358277
0.358277
0.358277
0.358277
0.358792
0.359821
0.361363
0.363417
0.365983
0.369057
0.372639
0.376724
0.38131
0.38131
0.38131
0.38131
0.38131
0.38131
0.38131
0.38131
0.38131
0.381819
0.382836
0.384362
0.386393
0.38893
0.39197
0.39551
0.399548
0.40408
0.409103
0.409103
0.409103
0.409103
0.409103
0.409103
0.409103
0.409103
0.409605
0.410607
0.41211
0.414112
0.416611
0.419606
0.423093
0.427069
0.427069
0.427069
0.427069
0.427069
0.427069
0.427069
0.427074
0.427617
0.428656
0.43019
0.432217
0.434737
0.437746
0.441242
0.445222
0.449682
0.449682
0.449682
0.449682
0.449682
0.449682
0.449682
0.450172
0.45115
0.452618
0.454572
0.457011
0.459933
0.463335
0.467213
0.471564
0.476382
0.481665
0.487405
0.493596
0.500232
0.507305
0.514807
0.525285
0.53604
0.547068
0.558362
0.569916
0.581719
0.593763
0.606036
0.618524
0.631212
0.644086
0.657127
0.670316
0.683633
0.697056
0.710562
0.724124
0.737716
0.742414
0.743257
0.744056
0.744812
0.745529
0.746208
0.746851
0.747461
0.74804
0.74859
0.749111
0.749606
0.750077
0.750524
0.750949
0.751352
0.751737
0.752102
0.75245
0.75278
0.753096
0.753395
0.753681
0.753954
0.754213
0.754461
0.754697
0.754562
0.754056
0.75318
0.75193
0.750306
0.748303
0.745918
0.743146
0.739982
0.73642
0.732453
0.728072
0.723271
0.718039
0.712368
0.706247
0.699666
0.692614
0.692723
0.692827
0.692927
0.693023
0.693114
0.693202
0.693286
0.693367
0.693444
0.693518
0.693588
0.693656
0.693721
0.693784
0.693843
0.6939
0.693955
0.694008
0.694058
0.694107
0.694153
0.694198
0.69424
0.694281
0.694321
0.694358
0.694394
0.694429
0.694462
0.694494
0.694524
0.694554
0.694582
0.694609
0.694635
0.694659
0.694683
0.694706
0.694728
0.694749
0.694769
0.694789
0.694807
0.694826
0.694843
0.694859
0.694875
0.69489
0.694905
0.694919
0.694932
0.694945
0.694957
0.694969
0.694981
0.694991
0.695002
0.695012
0.695022
0.695031
0.69504
0.695049
0.695057
0.695065
0.695072
0.69508
0.695087
0.695093
0.6951
0.695106
0.695112
0.695118
0.695123
0.695129
0.695134
0.695138
0.695143
0.695148
0.695152
0.695156
0.69516
0.695164
0.695168
0.695171
0.695175
0.695178
0.695181
0.695184
0.695187
0.69519
0.695192
0.695195
0.695197
0.6952
0.695202
0.695204
0.695206
0.695208
0.695211
0.695213
0.695215
0.695216
0.695218
0.69522
0.695221
0.695223
0.695224
0.695226
0.695227
0.695228
0.69523
0.695231
0.695232
0.695233
0.695234
0.695235
0.695236
0.695237
0.695238
0.695239
0.69524
0.695241
0.695242
0.695243
0.695244
0.695244
0.695245
0.695246
0.695246
0.695247
0.695248
0.695248
0.695249
0.695249
0.69525
0.695251
0.695251
0.695252
0.695252
0.695252
0.695253
0.695253
0.695254
0.695254
0.695254
0.695255
0.695255
0.695255
0.695256
0.695256
0.695256
0.695257
0.695257
0.695257
0.695258
0.695258
0.695258
0.695258
0.695258
0.695259
0.695259
0.695259
0.695288
0.695344
0.695429
0.695539
0.69565
0.69576
0.695898
0.696088
0.696384
0.696836
0.697436
0.698374
0.699639
0.701109
0.702711
0.704348
0.706019
0.707474
0.708714
0.709738
0.710546
0.711137
0.711512
0.71167
0.711673
0.711673
0.711673
0.711673
0.711673
0.711673
0.711673
0.711673
0.711319
0.710578
0.709466
0.707979
0.706115
0.703871
0.701241
0.698221
0.694806
0.690989
0.686763
0.682121
0.677055
0.671555
0.665613
0.65922
0.652363
0.645034
0.637221
0.628913
0.620098
0.610764
0.600899
0.59049
0.579525
0.567991
0.555876
0.543168
0.543168
0.543168
0.543168
0.543168
0.543168
0.543168
0.543168
0.543168
0.543168
0.543168
0.543156
0.542624
0.541634
0.540186
0.538278
0.535908
0.533072
0.529768
0.525991
0.521738
0.517003
0.511781
0.506067
0.499855
0.493139
0.485911
0.478165
0.469894
0.46109
0.450855
0.44002
0.428581
0.416536
0.40388
0.390608
0.376718
0.362204
0.347063
0.331293
0.314889
0.29785
0.280173
0.261857
0.242901
0.223306
0.203073
0.182205
0.160706
0.138579
0.126524
0.125767
0.125038
0.124337
0.123663
0.123015
0.122391
0.121792
0.121215
0.12066
0.120127
0.119615
0.119122
0.118648
0.118193
0.117755
0.117335
0.116931
0.116542
0.116169
0.115811
0.115466
0.115135
0.114817
0.114511
0.114218
0.113936
0.113665
0.113404
0.113154
0.112914
0.112683
0.112462
0.112214
0.111304
0.109839
0.107816
0.105235
0.102097
0.098399
0.094141
0.089322
0.083941
0.077997
0.071489
0.064417
0.05678
0.048577
0.04846
0.048347
0.048239
0.048135
0.048036
0.04794
0.047848
0.04776
0.047109
0.045893
0.044113
0.041768
0.038859
0.035385
0.031345
0.02674
0.021568
0.02151
0.021453
0.021399
0.021347
0.021297
0.021249
0.021204
0.02116
0.021117
0.021076
0.021037
0.021
0.020964
0.020929
0.020896
0.020864
0.020834
0.020804
0.020776
0.020749
0.020723
0.020698
0.020675
0.020652
0.02063
0.020608
0.020588
0.020569
0.02055
0.020532
0.020515
0.020498
0.020482
0.019899
0.018749
0.017031
0.014746
0.011893
0.008473
0.004486
0.004475
0.004464
0.004453
0.004443
0.004433
0.004424
0.004415
0.004406
0.004398
0.00439
0.004382
0.004375
0.004368
0.004361
0.004355
0.004349
0.004343
0.004337
0.004331
0.004326
0.004321
0.004316
0.004311
0.004307
0.004303
0.004299
0.004295
0.004291
0.004287
0.004284
0.00428
0.004277
0.004274
0.004271
0.004268
0.004265
0.004263
0.00426
0.004258
0.004255
0.004253
0.004251
0.004249
0.004247
0.004245
0.004243
0.004242
0.00424
0.004238
0.004237
0.004235
0.004234
0.004232
0.004231
0.00423
0.004229
0.004227
0.004226
0.004225
0.004224
0.004223
0.004222
0.004221
0.00422
0.00422
0.004219
0.004218
0.004217
0.004217
0.004216
0.004215
0.004215
0.004214
0.004213
0.004213
0.004212
0.004212
0.004211
0.004211
0.00421
0.00421
0.00421
0.004209
0.004209
0.004208
0.004208
0.004208
0.004207
0.004207
0.004207
0.004206
0.004206
0.004206
0.004206
0.004205
0.004205
0.004205
0.004205
0.004204
0.004204
0.004204
0.004204
0.004204
0.004204
0.004204
0.004204
0.004204
0.004204
0.004204
0.004204
0.004204
0.004204
0.004204
0.004204
0.004204
0.004204
0.004204
0.004204
0.004204
0.004204
0.004204
0.004204
0.004204
0.004204
0.004204
0.004204
0.004204
0.004204
0.004204
0.004204
0.004204
0.004204
0.004204
0.004204
0.004204
0.004204
0.004204
0.004204
0.004204
0.004204
0.004204
0.004204
0.004204
0.004204
0.004204
0.004204
0.004204
0.004204
0.004204
0.004204
0.004204
0.004204
0.004204
0.004204
0.004204
0.004204
0.004204
0.004204
0.004204
0.004204
0.004204
0.004204
0.004204
0.004204
0.004204
0.004204
0.004204
0.004204
0.004204
0.004204
0.004204
0.004204
0.004204
0.004204
0.004204
0.004204
0.004204
0.004204
0.004204
0.004204
0.004204
0.004204
0.004204
0.004204
0.004204
0.004204
0.004204
0.004204
0.004204
0.004204
0.004204
0.004204
0.004204
0.004608
0.005656
0.007271
0.009454
0.012205
0.015524
0.019411
0.023865
0.028886
0.034474
0.040629
0.047349
0.054634
0.062483
0.070895
0.079867
0.089323
0.098745
0.108371
0.11823
0.128238
0.138547
0.148581
0.158394
0.168354
0.178767
0.189614
0.200876
0.196685
0.192434
0.188125
0.183758
0.179336
0.179084
0.179084
0.179084
0.179084
0.179084
0.179084
0.179084
0.179084
0.179084
0.179084
0.179086
0.179671
0.180802
0.182477
0.184695
0.187458
0.190762
0.194609
0.198994
0.203918
0.209378
0.215372
0.221897
0.22895
0.236527
0.244625
0.25324
0.262366
0.271999
0.282132
0.292759
0.303872
0.315463
0.327524
0.340045
0.353015
0.366423
0.380256
0.3945
0.40914
0.424161
0.439545
0.455273
0.471325
0.487681
0.504316
0.523761
0.54331
0.562934
0.582606
0.602295
0.621967
0.641589
0.661124
0.662743
0.664272
0.665717
0.667083
0.668375
0.669597
0.670754
0.671849
0.672886
0.673869
0.674801
0.675684
0.676521
0.677316
0.67807
0.678786
0.679465
0.680111
0.680725
0.681308
0.681862
0.682389
0.682891
0.683368
0.683823
0.684255
0.684668
0.68506
0.685434
0.685791
0.68613
0.686454
0.686763
0.687058
0.687339
0.687608
0.687864
0.688108
0.688342
0.688565
0.688778
0.688982
0.689176
0.689362
0.68954
0.68971
0.689872
0.690028
0.690176
0.690319
0.690455
0.690585
0.690709
0.690829
0.690943
0.691052
0.691157
0.691257
0.691352
0.691444
0.691532
0.691616
0.691697
0.691774
0.691849
0.69192
0.691988
0.692053
0.692115
0.692175
0.692232
0.692288
0.69234
0.692391
0.692439
0.692486
0.692531
0.692573
0.692614
0.692654
0.69333
0.694403
0.695982
0.697889
0.699835
0.701829
0.70361
0.705176
0.706527
0.707663
0.708584
0.709289
0.709777
0.7097
0.709025
0.707914
0.706427
0.704563
0.702316
0.699684
0.696661
0.696661
0.696661
0.696661
0.696661
0.696661
0.696661
0.696661
0.696661
0.696661
0.696661
0.696661
0.696657
0.696238
0.695438
0.694257
0.692692
0.69074
0.688398
0.68566
0.682524
0.678982
0.675028
0.670656
0.665859
0.660628
0.654955
0.648831
0.642247
0.635191
0.627655
0.619627
0.617324
0.617324
0.617324
0.617324
0.617324
0.617324
0.617324
0.617324
0.617324
0.6169
0.616053
0.61478
0.61308
0.61095
0.608387
0.605388
0.601948
0.598063
0.593726
0.588933
0.583677
0.57795
0.571746
0.565057
0.557874
0.55019
0.541995
0.53328
0.524036
0.514253
0.503922
0.493034
0.481578
0.469545
0.456925
0.443709
0.443709
0.443709
0.443709
0.443709
0.443709
0.443709
0.443709
0.443709
0.443709
0.443709
0.443709
0.443709
0.443709
0.443709
0.4442
0.445183
0.446656
0.448617
0.451066
0.453999
0.457414
0.461307
0.464825
0.468842
0.473356
0.478366
0.483869
0.489861
0.496336
0.503288
0.51071
0.518595
0.526932
0.535712
0.544923
0.554553
0.564589
0.575015
0.574495
0.573986
0.573486
0.572997
0.572519
0.572052
0.571596
0.571151
0.570719
0.570297
0.569887
0.569489
0.569102
0.568727
0.568363
0.568009
0.567667
0.567335
0.567014
0.566704
0.56639
0.56556
0.564277
0.562538
0.560341
0.557682
0.554559
0.551584
0.548612
0.545483
0.542359
0.539033
0.535416
0.531421
0.533543
0.535503
0.5373
0.538934
0.540402
0.541707
0.541924
0.541924
0.541924
0.541924
0.541924
0.541924
0.541924
0.541924
0.541924
0.541924
0.541924
0.541674
0.540879
0.539626
0.537913
0.535738
0.533098
0.529991
0.526413
0.522359
0.517826
0.512808
0.507299
0.501295
0.494789
0.487774
0.480243
0.47219
0.463606
0.454486
0.44482
0.434601
0.423821
0.412474
0.40055
0.388043
0.374945
0.374945
0.374945
0.374945
0.374945
0.374945
0.374945
0.374945
0.374945
0.374945
0.374945
0.374945
0.374945
0.374945
0.374466
0.373461
0.371945
0.369915
0.367371
0.36431
0.360732
0.356632
0.352009
0.346859
0.34118
0.334966
0.328215
0.320923
0.320923
0.320923
0.320923
0.320923
0.320923
0.320923
0.320923
0.320923
0.320923
0.320923
0.320923
0.320923
0.320923
0.320923
0.31968
0.318464
0.317276
0.316116
0.314984
0.313882
0.312809
0.311765
0.31075
0.309764
0.308807
0.307878
0.306978
0.306105
0.30526
0.304441
0.303649
0.302883
0.302142
0.301425
0.300733
0.300064
0.299418
0.298794
0.298192
0.297612
0.297051
0.296511
0.295989
0.295487
0.295002
0.294536
0.294086
0.293652
0.293235
0.292833
0.292445
0.291742
0.290608
0.289319
0.287982
0.286633
0.28527
0.283672
0.281449
0.278497
0.275137
0.271509
0.267681
0.26369
0.259619
0.255468
0.25124
0.246935
0.242555
0.238102
0.233575
0.231261
0.231261
0.231261
0.231261
0.231261
0.231261
0.2318
0.232877
0.234492
0.236645
0.239333
0.242557
0.246313
0.250602
0.25542
0.260765
0.266634
0.273025
0.279933
0.287355
0.295285
0.303719
0.312652
0.322076
0.331987
0.342374
0.353231
0.364549
0.376317
0.388525
0.40116
0.414212
0.427665
0.441505
0.455715
0.470279
0.485178
0.500392
0.5159
0.531678
0.547703
0.563949
0.580389
0.596993
0.61373
0.630569
0.647474
0.664409
0.681336
0.698215
0.71757
0.719981
0.722248
0.72438
0.726387
0.728275
0.730054
0.731729
0.733308
0.734796
0.736199
0.737523
0.738772
0.739952
0.741066
0.742118
0.743113
0.744054
0.744943
0.745785
0.746582
0.747337
0.748052
0.748729
0.749371
0.74998
0.750557
0.751105
0.751625
0.752119
0.752588
0.753033
0.753457
0.75386
0.754242
0.754607
0.7549
0.754732
0.754189
0.753269
0.751972
0.750295
0.748236
0.745789
0.742712
0.742952
0.743181
0.743399
0.743607
0.743806
0.743996
0.744177
0.74435
0.744516
0.744674
0.744825
0.744713
0.744241
0.743268
0.741893
0.740082
0.737892
0.735316
0.732384
0.732047
0.731708
0.731365
0.73102
0.730671
0.73032
0.729966
0.729574
0.729179
0.728815
0.728413
0.728008
0.727635
0.72726
0.726845
0.726426
0.726004
0.725579
0.725188
0.724794
0.724358
0.72392
0.723517
0.723071
0.723036
0.723743
0.724414
0.725051
0.725655
0.726228
0.726773
0.72729
0.727782
0.728249
0.728694
0.729116
0.729518
0.729901
0.730265
0.730612
0.730942
0.731257
0.731556
0.731842
0.732115
0.732374
0.732724
0.73353
0.734698
0.736226
0.738113
0.738308
0.738494
0.738672
0.738842
0.739004
0.739159
0.739307
0.739449
0.739585
0.739714
0.739838
0.739957
0.74007
0.740178
0.740282
0.740381
0.740477
0.740567
0.740654
0.740738
0.740818
0.740894
0.740968
0.741038
0.741105
0.741169
0.741231
0.74129
0.741347
0.741401
0.741453
0.741503
0.741551
0.741596
0.74164
0.741682
0.741723
0.741762
0.741799
0.741834
0.741868
0.741901
0.741933
0.741963
0.741992
0.742019
0.742046
0.742071
0.742096
0.742119
0.742142
0.742163
0.742184
0.742204
0.742284
0.743201
0.745042
0.746708
0.747787
0.748284
0.748202
0.747545
0.746319
0.744527
0.742173
0.739261
0.735796
0.731782
0.72734
0.722572
0.717395
0.711799
0.705773
0.699308
0.695954
0.695954
0.695954
0.695954
0.695954
0.695954
0.695954
0.695954
0.695863
0.695298
0.694351
0.693021
0.691305
0.689201
0.686704
0.683811
0.680515
0.676811
0.672694
0.668154
0.663186
0.657781
0.65193
0.645623
0.638565
0.630947
0.622764
0.61401
0.604678
0.594763
0.584256
0.57315
0.561436
0.549107
0.536152
0.522565
0.508336
0.493457
0.492812
0.492549
0.492257
0.491867
0.491422
0.490948
0.490517
0.490056
0.489565
0.489041
0.48851
0.487973
0.487429
0.486879
0.486322
0.485759
0.485189
0.484613
0.484031
0.483442
0.482847
0.482246
0.481638
0.481024
0.480155
0.47889
0.477207
0.475009
0.47211
0.468811
0.465227
0.461501
0.457635
0.453629
0.449485
0.445204
0.440788
0.436237
0.431553
0.426738
0.421793
0.421602
0.421602
0.421602
0.421602
0.421602
0.421602
0.421602
0.421602
0.421602
0.421602
0.421602
0.421602
0.421602
0.421602
0.421602
0.421602
0.421602
0.421602
0.421602
0.421602
0.421602
0.421923
0.422821
0.424215
0.426106
0.42849
0.431366
0.434732
0.438584
0.442919
0.447733
0.453021
0.458778
0.464998
0.471675
0.478803
0.486372
0.494375
0.502803
0.511646
0.520893
0.530532
0.54055
0.550936
0.561673
0.572747
0.584141
0.595837
0.607816
0.620058
0.632542
0.645245
0.658143
0.671211
0.684421
0.697745
0.711153
0.724615
0.738096
0.751563
0.764978
0.778305
0.791503
0.798277
0.8003
0.8003
0.8003
0.8003
0.8003
0.8003
0.8003
0.8003
0.8003
0.8003
0.8003
0.8003
0.8003
0.8003
0.8003
0.8003
0.8003
0.8003
0.802791
0.805125
0.807312
0.809362
0.811286
0.81309
0.814783
0.816373
0.817867
0.81927
0.820589
0.821829
0.822231
0.82322
0.82461
0.826739
0.829649
0.832817
0.835732
0.838392
0.840796
0.842945
0.844837
0.846471
0.847848
0.848966
0.849826
0.850426
0.850768
0.850851
0.850674
0.850239
0.849544
0.84859
0.84742
0.84742
0.848054
0.848603
0.849073
0.849473
0.849809
0.850088
0.850315
0.850496
0.850635
0.850737
0.850805
0.850844
0.850856
0.850846
0.850814
0.850764
0.850699
0.850619
0.850528
0.850426
0.850315
0.850197
0.850072
0.849943
0.849809
0.849672
0.849533
0.849392
0.849249
0.849107
0.848964
0.848822
0.848681
0.848692
0.848726
0.848835
0.848941
0.849045
0.849145
0.849232
0.849327
0.849428
0.849517
0.849611
0.849686
0.850016
0.850454
0.850783
0.850852
0.850662
0.850213
0.849506
0.848539
0.847424
0.847424
0.847424
0.847424
0.847424
0.847424
0.847424
0.847424
0.847424
0.847424
0.847424
0.847424
0.847424
0.847424
0.847424
0.847424
0.848058
0.848606
0.848817
0.848693
0.848236
0.847447
0.846326
0.84487
0.843078
0.840946
0.83847
0.835643
0.83246
0.828913
0.824995
0.820695
0.816005
0.810913
0.805408
0.799478
0.79311
0.78629
0.779005
0.771239
0.762978
0.754207
0.744908
0.735066
0.724664
0.713687
0.702115
0.689934
0.677126
0.663674
0.649562
0.634773
0.619293
0.604351
0.606674
0.608813
0.610766
0.612533
0.614113
0.615506
0.616634
0.617297
0.617516
0.617205
0.616752
0.616286
0.615809
0.615324
0.614834
0.614921
0.615345
0.615939
0.616161
0.61578
0.614565
0.612439
0.609881
0.606887
0.603452
0.599148
0.594338
0.58902
0.583191
0.576846
0.56998
0.562588
0.554664
0.546201
0.537193
0.527633
0.517513
0.506826
0.495563
0.483717
0.471281
0.458245
0.444602
0.430345
0.415465
0.399957
0.383813
0.367026
0.349593
0.331507
0.312766
0.293365
0.273304
0.25258
0.231195
0.209149
0.186447
0.163093
0.139094
0.114457
0.089194
0.063317
0.062906
0.062511
0.062131
0.061767
0.061417
0.061081
0.060758
0.060448
0.060021
0.058897
0.057217
0.054981
0.052189
0.048839
0.04493
0.040463
0.035436
0.035228
0.035029
0.034838
0.034654
0.034478
0.034309
0.034146
0.03399
0.03384
0.033696
0.033558
0.033425
0.033298
0.033176
0.033058
0.032946
0.032837
0.032734
0.032634
0.032538
0.032446
0.032358
0.032273
0.032192
0.032114
0.032039
0.031967
0.031898
0.031831
0.031768
0.031707
0.031648
0.031592
0.031538
0.031486
0.031436
0.031388
0.031342
0.031298
0.031256
0.031215
0.031176
0.031139
0.031103
0.031068
0.031035
0.031003
0.030973
0.030944
0.030915
0.030888
0.030862
0.030837
0.030814
0.030735
0.029969
0.028635
0.026735
0.024267
0.021232
0.01763
0.01346
0.008722
0.003418
0.002455
0.008894
0.015901
0.023474
0.031613
0.040316
0.049583
0.059413
0.069802
0.080749
0.080759
0.080769
0.080779
0.080788
0.080797
0.080805
0.080813
0.080821
0.080828
0.080836
0.080842
0.080849
0.080856
0.080862
0.080867
0.080873
0.080878
0.080883
0.080888
0.080893
0.080898
0.080902
0.080906
0.080926
0.08159
0.08282
0.084615
0.086975
0.089901
0.093391
0.097445
0.102062
0.107241
0.112981
0.119281
0.126139
0.133553
0.141521
0.150041
0.159109
0.168723
0.178878
0.18957
0.200795
0.212545
0.224817
0.237602
0.250893
0.264681
0.278957
0.293709
0.29371
0.293711
0.293713
0.293714
0.293715
0.293717
0.293717
0.293719
0.29338
0.2903
0.28657
0.282752
0.278848
0.274859
0.270787
0.266632
0.262396
0.25808
0.253685
0.249213
0.244665
0.242105
0.242105
0.242105
0.242105
0.242105
0.242105
0.242105
0.242105
0.242105
0.242105
0.242105
0.242105
0.242105
0.242105
0.242105
0.242105
0.244409
0.246604
0.248695
0.250821
0.253529
0.256689
0.260305
0.264382
0.268923
0.27393
0.279406
0.285351
0.291767
0.298652
0.306008
0.313831
0.322121
0.330873
0.340086
0.349754
0.359873
0.370436
0.377391
0.378177
0.378927
0.379643
0.380327
0.380981
0.381605
0.382201
0.382772
0.383316
0.383837
0.384335
0.384812
0.385267
0.385703
0.38612
0.386519
0.3869
0.387266
0.387615
0.38795
0.38827
0.388577
0.38887
0.389151
0.389421
0.389679
0.389926
0.390162
0.390389
0.390606
0.390831
0.391989
0.393735
0.396033
0.398842
0.40216
0.405985
0.409621
0.413763
0.418409
0.423555
0.429195
0.435325
0.44194
0.449033
0.456597
0.464625
0.47311
0.482041
0.491409
0.501205
0.511416
0.522029
0.533033
0.544412
0.556151
0.568234
0.580643
0.580652
0.58066
0.580668
0.580676
0.580683
0.58069
0.580697
0.580704
0.581167
0.582085
0.583458
0.585284
0.58756
0.590283
0.59345
0.597056
0.601097
0.605566
0.610459
0.615767
0.621483
0.627598
0.634104
0.64099
0.648244
0.655856
0.663813
0.6721
0.680704
0.689608
0.698796
0.698798
0.6988
0.698802
0.698804
0.698806
0.698808
0.69881
0.698812
0.698814
0.698815
0.698817
0.698818
0.698819
0.698821
0.698822
0.698823
0.698824
0.698826
0.698827
0.698828
0.698829
0.69883
0.698831
0.698832
0.698833
0.698834
0.698835
0.698836
0.698836
0.698837
0.698838
0.698839
0.698839
0.69884
0.698841
0.698841
0.698842
0.698843
0.698843
0.698844
0.698844
0.698845
0.698845
0.698846
0.698846
0.698847
0.698847
0.698847
0.698848
0.698848
0.698848
0.698849
0.698849
0.69885
0.69885
0.698851
0.698851
0.698851
0.698851
0.698852
0.698852
0.698852
0.698853
0.698853
0.698853
0.698853
0.698854
0.698854
0.698854
0.698854
0.698854
0.698854
0.698854
0.698854
0.698854
0.698854
0.698854
0.698854
0.698854
0.698854
0.698854
0.698854
0.698854
0.698854
0.698854
0.698854
0.698854
0.698854
0.698854
0.698854
0.698854
0.698854
0.698854
0.698854
0.698854
0.698854
0.698854
0.698854
0.698854
0.698854
0.698854
0.698854
0.698854
0.698854
0.698854
0.698854
0.698854
0.698854
0.698854
0.698854
0.698854
0.698854
0.698854
0.698854
0.698854
0.698854
0.698854
0.698854
0.698854
0.698854
0.698854
0.698854
0.698854
0.698854
0.698854
0.698854
0.698854
0.698854
0.698854
0.698854
0.698854
0.698854
0.698854
0.698854
0.698854
0.698854
0.698854
0.698854
0.698854
0.698854
0.698854
0.698854
0.698854
0.698854
0.698854
0.698854
0.698854
0.698854
0.698854
0.698854
0.698854
0.698854
0.698854
0.698854
0.698854
0.698854
0.698854
0.698854
0.698854
0.698854
0.698854
0.698854
0.698854
0.698854
0.698854
0.698854
0.698854
0.698854
0.698854
0.698854
0.698854
0.698854
0.698854
0.698854
0.698854
0.698854
0.698854
0.698854
0.698854
0.698854
0.698854
0.698854
0.698854
0.698854
0.698854
0.698854
0.698854
0.698854
0.698854
0.698854
0.698854
0.698854
0.698854
0.698854
0.698854
0.698854
0.698854
0.698854
0.698854
0.698854
0.698854
0.698854
0.698854
0.698854
0.698854
0.698854
0.698854
0.698854
0.698854
0.698854
0.698854
0.698854
0.698854
0.698854
0.698854
0.698854
0.698854
0.698854
0.698854
0.698854
0.698854
0.698854
0.698854
0.698854
0.698854
0.698854
0.698854
0.698854
0.698854
0.698854
0.698854
0.698854
0.698854
0.698854
0.698854
0.698854
0.698854
0.698854
0.698854
0.698854
0.698854
0.698854
0.698854
0.698854
0.698854
0.698854
0.698854
0.698854
0.698854
0.698854
0.698854
0.698854
0.698854
0.698854
0.698854
0.698854
0.698854
0.698854
0.698854
0.698854
0.698854
0.698854
0.698854
0.698854
0.698854
0.698854
0.698854
0.698854
0.698854
0.698854
0.698854
0.698854
0.698854
0.698854
0.698854
0.698854
0.698854
0.698854
0.698854
0.698854
0.698854
0.698854
0.698854
0.698854
0.698854
0.698854
0.698854
0.698854
0.698854
0.698854
0.698854
0.698854
0.698854
0.698854
0.698854
0.698854
0.698854
0.698854
0.698854
0.698854
0.698854
0.698854
0.698854
0.698854
0.698854
0.698854
0.698854
0.698854
0.698854
0.698854
0.698854
0.698854
0.698854
0.698854
0.698854
0.698854
0.698854
0.698854
0.698854
0.698854
0.698854
0.698854
0.698854
0.698854
0.698854
0.698854
0.698854
0.698854
0.698854
0.698854
0.698854
0.698854
0.698854
0.698854
0.698854
0.698854
0.698854
0.698854
0.698854
0.698854
0.698854
0.698854
0.698854
0.698854
0.698854
0.698854
0.698854
0.698854
0.698854
0.698854
0.698854
0.698854
0.698854
0.698854
0.698854
0.698854
0.698854
0.698854
0.698854
0.698854
0.698854
0.698854
0.698854
0.698854
0.698854
0.698854
0.698854
0.698854
0.698854
0.698854
0.698854
0.698854
0.698854
0.698854
0.698854
0.698854
0.698854
0.698854
0.698854
0.698854
0.698854
0.698854
0.698854
0.698854
0.698854
0.698854
0.698854
0.698854
0.698854
0.698854
0.698854
0.698854
0.698854
0.698854
0.698854
0.698854
0.698854
0.698854
0.698854
0.698854
0.698854
0.698854
0.698854
0.698854
0.698854
0.698854
0.698854
0.698854
0.698854
0.698854
0.698854
0.698854
0.698854
0.698854
0.698854
0.698854
0.698854
0.698854
0.698854
0.698854
0.698854
0.698854
0.698854
0.698854
0.698854
0.698854
0.698854
0.698854
0.698854
0.698854
0.698854
0.698854
0.698854
0.698854
0.698854
0.698854
0.698854
0.698854
0.698854
0.698854
0.698854
0.698854
0.698854
0.698854
0.698854
0.698458
0.697664
0.696471
0.694877
0.69288
0.690475
0.690475
0.690475
0.690475
0.690475
0.690475
0.690475
0.690475
0.690475
0.690475
0.690475
0.690475
0.690475
0.690475
0.690255
0.689556
0.688454
0.686946
0.685031
0.682704
0.682704
0.682704
0.682704
0.682704
0.682704
0.682704
0.682704
0.682704
0.682704
0.682704
0.682704
0.682704
0.682704
0.682704
0.682704
0.682704
0.682704
0.682704
0.682704
0.682704
0.682704
0.682704
0.682704
0.682704
0.682704
0.682704
0.682704
0.682704
0.682683
0.682625
0.682539
0.682423
0.682352
0.682352
0.682352
0.682352
0.682352
0.682352
0.682352
0.682352
0.682352
0.682352
0.682352
0.682352
0.682352
0.682352
0.682352
0.682352
0.682352
0.682352
0.682183
0.681514
0.680437
0.67895
0.677052
0.674738
0.672005
0.668848
0.665509
0.665509
0.665509
0.665509
0.665509
0.665509
0.665509
0.665509
0.665509
0.665509
0.665509
0.665509
0.665509
0.665509
0.665509
0.665509
0.665509
0.665509
0.665509
0.665509
0.665509
0.665509
0.665509
0.665509
0.665509
0.665509
0.665509
0.665509
0.665509
0.665509
0.665509
0.665509
0.665509
0.665509
0.665509
0.665509
0.665509
0.665509
0.665509
0.665509
0.665509
0.665509
0.665509
0.665509
0.665509
0.665509
0.665509
0.665509
0.665509
0.665509
0.665509
0.665509
0.665509
0.665509
0.665509
0.665509
0.665509
0.665509
0.665509
0.665509
0.665509
0.665509
0.666754
0.669116
0.671499
0.673677
0.67565
0.677417
0.678978
0.680332
0.681479
0.682418
0.683149
0.683672
0.683987
0.684012
0.684012
0.683894
0.683732
0.683531
0.683296
0.683033
0.682744
0.682435
0.682108
0.681767
0.681414
0.681052
0.680682
0.680308
0.67993
0.679551
0.679171
0.678791
0.678414
0.67804
0.67767
0.677304
0.676944
0.676589
0.67624
0.675898
0.675562
0.675234
0.674913
0.6746
0.674294
0.673996
0.673706
0.673424
0.673149
0.672882
0.672623
0.672371
0.672127
0.67189
0.671661
0.671438
0.671223
0.671015
0.670813
0.670619
0.67043
0.670248
0.670072
0.669902
0.669738
0.66958
0.669427
0.66928
0.669137
0.669
0.668868
0.668741
0.668618
0.668499
0.668385
0.668275
0.668326
0.668563
0.669032
0.669902
0.671301
0.672878
0.674414
0.675858
0.677186
0.678397
0.679308
0.679607
0.679395
0.678685
0.677462
0.675739
0.673526
0.670813
0.670328
0.670328
0.670328
0.670328
0.670328
0.670328
0.670328
0.670157
0.669946
0.669698
0.66942
0.669115
0.668788
0.668442
0.66808
0.667724
0.666562
0.664977
0.662969
0.660534
0.65767
0.654373
0.650637
0.646459
0.641833
0.637185
0.631644
0.625633
0.619144
0.612171
0.604704
0.596734
0.588252
0.586978
0.586569
0.58617
0.585783
0.585406
0.585041
0.584686
0.584341
0.584007
0.583684
0.58337
0.583066
0.582773
0.582488
0.582213
0.582455
0.583594
0.585843
0.588051
0.59013
0.592029
0.593748
0.595286
0.596642
0.597817
0.598809
0.599246
0.599246
0.599246
0.599246
0.599246
0.599246
0.599246
0.599246
0.599246
0.599246
0.599246
0.599246
0.599246
0.599246
0.598819
0.598366
0.597892
0.5974
0.596895
0.596379
0.595855
0.595326
0.594788
0.593937
0.592556
0.590729
0.588452
0.585723
0.582538
0.578895
0.574787
0.570211
0.565162
0.560136
0.559633
0.559142
0.558663
0.558196
0.55774
0.557297
0.556866
0.556447
0.55604
0.555645
0.554796
0.553491
0.551729
0.549506
0.54682
0.543668
0.540046
0.535948
0.531371
0.526309
0.520756
0.514707
0.508154
0.501091
0.493512
0.485408
0.476771
0.467596
0.46737
0.467153
0.466944
0.466742
0.466548
0.466361
0.466181
0.466008
0.465842
0.465682
0.465527
0.465379
0.465236
0.465099
0.464967
0.46484
0.464718
0.464601
0.464488
0.464379
0.464275
0.464174
0.464078
0.463959
0.463632
0.46296
0.461977
0.460699
0.4591
0.457168
0.454987
0.452507
0.449807
0.446685
0.44325
0.439393
0.436175
0.436121
0.43607
0.436021
0.435973
0.435927
0.435883
0.435841
0.435801
0.435744
0.435103
0.433954
0.432297
0.43013
0.427451
0.424257
0.420547
0.416317
0.411563
0.406283
0.40047
0.400446
0.400422
0.4004
0.400378
0.400357
0.400337
0.400318
0.400299
0.400282
0.399747
0.398694
0.397122
0.39503
0.392417
0.38928
0.385617
0.381426
0.376703
0.371444
0.365647
0.359308
0.352422
0.344985
0.336991
0.328438
0.31932
0.309633
0.309624
0.309616
0.309608
0.309601
0.309593
0.309586
0.30958
0.309574
0.309567
0.309562
0.309556
0.309551
0.309545
0.30954
0.309536
0.309531
0.309527
0.309522
0.309518
0.309514
0.30951
0.309507
0.309503
0.3095
0.309497
0.309494
0.309491
0.309488
0.309485
0.309483
0.30948
0.309478
0.309475
0.309473
0.309471
0.309469
0.309467
0.309465
0.309463
0.309462
0.30946
0.309458
0.309457
0.309455
0.309454
0.309453
0.309451
0.30945
0.309449
0.309448
0.309447
0.309445
0.309444
0.309443
0.309443
0.309442
0.309441
0.30944
0.309439
0.309438
0.309438
0.309437
0.309436
0.309436
0.309435
0.309434
0.309434
0.309433
0.309433
0.309432
0.309432
0.309421
0.308809
0.307658
0.305966
0.303735
0.30096
0.297643
0.29378
0.289369
0.284409
0.278897
0.27283
0.266204
0.259018
0.259018
0.259018
0.259018
0.259018
0.259018
0.259018
0.259017
0.259017
0.259017
0.258742
0.257806
0.256322
0.254288
0.251705
0.248571
0.244884
0.240643
0.235846
0.230491
0.224576
0.224576
0.224576
0.224576
0.224576
0.224576
0.224576
0.224576
0.224576
0.224576
0.224576
0.224576
0.224576
0.224576
0.224576
0.224506
0.224261
0.223861
0.223312
0.222628
0.22182
0.220896
0.219839
0.218675
0.218005
0.217867
0.217867
0.217867
0.217867
0.217867
0.217867
0.217867
0.217867
0.217867
0.217867
0.217867
0.217867
0.217867
0.217867
0.217867
0.217867
0.217867
0.217867
0.217867
0.217867
0.217867
0.217867
0.217295
0.21617
0.21449
0.212255
0.209464
0.206117
0.202211
0.197746
0.192719
0.18713
0.180976
0.174256
0.166968
0.15911
0.150681
0.141677
0.132099
0.121945
0.111213
0.099902
0.088012
0.075542
0.075542
0.075542
0.075542
0.075542
0.075542
0.075542
0.075542
0.075542
0.075542
0.075542
0.075542
0.075542
0.075542
0.075542
0.075542
0.075542
0.075542
0.075542
0.075542
0.074976
0.073844
0.072145
0.07015
0.068845
0.068413
0.067834
0.066907
0.065523
0.063568
0.061047
0.057968
0.054337
0.050165
0.04546
-0.040233
-0.034496
-0.025838
-0.015292
-0.004189
0.00747
0.019683
0.032448
0.045761
0.05962
0.07402
0.088955
0.104421
0.120409
0.136913
0.153922
0.171428
0.189419
0.207881
0.226802
0.246165
0.265954
0.286148
0.306729
0.327674
0.348958
0.370555
0.392437
0.414573
0.436932
0.459477
0.482173
0.50498
0.527855
0.550755
0.576208
0.601453
0.60375
0.605919
0.607966
0.609901
0.611729
0.613457
0.615091
0.616637
0.6181
0.619484
0.620795
0.622037
0.623214
0.62433
0.625388
0.626391
0.627343
0.628247
0.629105
0.62992
0.630694
0.63143
0.63213
0.632794
0.633427
0.634029
0.634602
0.635147
0.635666
0.636161
0.636632
0.637081
0.637508
0.637916
0.638305
0.638676
0.63903
0.639368
0.63969
0.639998
0.640292
0.640572
0.64084
0.641096
0.641341
0.641574
0.641798
0.642011
0.642215
0.642411
0.642597
0.642776
0.642947
0.64311
0.643266
0.643416
0.643559
0.643696
0.643828
0.643954
0.644074
0.644189
0.644299
0.644405
0.644506
0.644603
0.644696
0.644785
0.64487
0.644952
0.645031
0.645106
0.645178
0.645247
0.645313
0.645376
0.645437
0.645495
0.645551
0.645605
0.645656
0.645705
0.645752
0.645798
0.645841
0.645883
0.645923
0.645961
0.645998
0.646033
0.646067
0.646099
0.646131
0.646161
0.646189
0.646217
0.646243
0.646269
0.646293
0.646317
0.646339
0.64636
0.646836
0.64803
0.650009
0.652511
0.654814
0.656918
0.658821
0.660524
0.662026
0.663326
0.664424
0.66532
0.666013
0.666503
0.666625
0.666625
0.666625
0.666625
0.666625
0.666625
0.666625
0.666625
0.66644
0.666215
0.665955
0.665665
0.665349
0.665011
0.664656
0.664285
0.663902
0.66351
0.66311
0.662706
0.662299
0.66189
0.661481
0.661073
0.660668
0.660266
0.659868
0.659475
0.659088
0.658708
0.658334
0.657967
0.657607
0.657256
0.656912
0.656577
0.656249
0.65593
0.65562
0.655318
0.655024
0.654738
0.65446
0.654191
0.65393
0.653677
0.653431
0.653194
0.652964
0.652741
0.652526
0.652318
0.652116
0.651922
0.651734
0.651552
0.651424
0.651988
0.652805
0.654048
0.655716
0.657806
0.660314
0.663237
0.666568
0.670303
0.671945
0.671828
0.671714
0.671605
0.671499
0.671398
0.6713
0.671206
0.671116
0.671029
0.670945
0.670864
0.670786
0.670711
0.670639
0.67057
0.670504
0.67044
0.670378
0.670319
0.670262
0.670207
0.670155
0.670104
0.670056
0.670009
0.669964
0.669921
0.66988
0.66984
0.669801
0.669764
0.669729
0.669695
0.669662
0.669631
0.669601
0.669572
0.669544
0.669518
0.669492
0.669467
0.669444
0.669421
0.669399
0.669378
0.669358
0.669339
0.66932
0.669303
0.669285
0.669269
0.669253
0.669238
0.669223
0.669209
0.669196
0.669183
0.669298
0.670112
0.671576
0.673527
0.675783
0.677857
0.679725
0.681386
0.682839
0.684085
0.685122
0.68595
0.686569
0.686979
0.687141
0.687141
0.687141
0.687141
0.687141
0.687141
0.687141
0.687141
0.687141
0.687141
0.687141
0.687141
0.687141
0.687141
0.687141
0.687141
0.687141
0.687141
0.687141
0.687141
0.687141
0.687141
0.687141
0.687141
0.687141
0.687035
0.686884
0.686694
0.68647
0.686216
0.685937
0.685636
0.685317
0.684983
0.684637
0.684282
0.683919
0.68355
0.683178
0.682804
0.682429
0.682055
0.681683
0.681313
0.680947
0.680585
0.680228
0.679877
0.679531
0.679192
0.67886
0.678534
0.678216
0.677905
0.677602
0.677306
0.677018
0.676738
0.676465
0.6762
0.675943
0.675693
0.67545
0.675215
0.674987
0.674766
0.674553
0.674346
0.674145
0.673952
0.673764
0.673583
0.673409
0.67324
0.673076
0.672919
0.672767
0.67262
0.672479
0.672342
0.672211
0.672084
0.671962
0.671844
0.671731
0.671621
0.671516
0.671414
0.671317
0.671223
0.671132
0.671045
0.670961
0.67088
0.670803
0.670728
0.670656
0.670587
0.67052
0.670456
0.670395
0.670336
0.670279
0.670663
0.671551
0.67285
0.674457
0.67639
0.678407
0.680218
0.681821
0.683216
0.684404
0.685383
0.686153
0.686714
0.687066
0.687151
0.687151
0.687151
0.687151
0.687151
0.687151
0.687151
0.687151
0.687151
0.687151
0.687151
0.687151
0.687151
0.687151
0.687151
0.687151
0.687151
0.687151
0.687151
0.687151
0.687151
0.687151
0.687151
0.687151
0.687143
0.686777
0.685986
0.684807
0.683239
0.681278
0.678922
0.676165
0.673004
0.669432
0.665444
0.661032
0.656191
0.650911
0.645184
0.639003
0.632356
0.625235
0.61763
0.609529
0.600923
0.591799
0.582146
0.571954
0.561209
0.549901
0.538018
0.525548
0.51248
0.498801
0.484502
0.469572
0.454001
0.437778
0.420895
0.403343
0.385117
0.366208
0.346612
0.326324
0.305342
0.283664
0.26129
0.238222
0.214464
0.190021
0.164901
0.139114
0.11267
0.085586
0.057878
-0.029565
-0.000672
-0.000672
-0.000672
-0.000672
-0.000672
-0.000672
-0.000672
-0.000672
-0.000672
-0.000672
-0.000672
-0.000672
-0.000672
-0.000672
-0.000672
-0.000672
-0.000672
-0.000672
-0.000672
-0.000672
-0.000672
-0.000672
-0.000672
-0.000672
-0.000672
-0.000672
0.001259
0.003113
0.004893
0.006601
0.00824
0.009814
0.011324
0.012773
0.014163
0.015497
0.016778
0.018006
0.019185
0.020317
0.021402
0.022444
0.023443
0.024402
0.025323
0.026206
0.027053
0.027866
0.028646
0.029395
0.030113
0.030803
0.031464
0.032099
0.032708
0.033292
0.033853
0.034392
0.034908
0.035404
0.035879
0.036336
0.036774
0.037194
0.037598
0.037985
0.038357
0.038713
0.039056
0.039384
0.0397
0.040002
0.040279
0.04001
0.039107
0.037625
0.035566
0.032929
0.029714
0.025922
0.021554
0.016608
0.011086
0.004988
-0.001685
0.008934
0.016757
0.025154
0.028669
0.028525
0.028387
0.028254
0.028127
0.028004
0.027887
0.027774
0.027666
0.027562
0.027462
0.027366
0.027274
0.027186
0.027101
0.02702
0.026942
0.026867
0.026795
0.026726
0.02666
0.026596
0.026535
0.026476
0.02642
0.026365
0.026313
0.026264
0.026216
0.02617
0.026126
0.026083
0.026043
0.026004
0.025966
0.02593
0.025896
0.025862
0.025831
0.0258
0.025771
0.025742
0.025715
0.025689
0.025664
0.025641
0.025618
0.025596
0.025574
0.025554
0.025535
0.025516
0.025498
0.025481
0.025464
0.025448
0.025433
0.025418
0.025404
0.025391
0.025378
0.025365
0.025353
0.025342
0.025331
0.02532
0.02531
0.0253
0.025291
0.025282
0.025273
0.025265
0.025257
0.025249
0.025242
0.025235
0.025228
0.025222
0.025216
0.02521
0.025204
0.025198
0.025193
0.025188
0.025183
0.025178
0.025174
0.02517
0.025165
0.025161
0.025158
0.025154
0.025151
0.025147
0.025144
0.025141
0.025138
0.025135
0.025132
0.02513
0.025127
0.025125
0.025122
0.02512
0.025118
0.025116
0.025114
0.025112
0.02511
0.025108
0.025107
0.025105
0.025103
0.025102
0.025101
0.025099
0.025098
0.025097
0.025095
0.025094
0.025093
0.025092
0.025091
0.02509
0.025089
0.025088
0.025087
0.025086
0.025086
0.025085
0.025084
0.025083
0.025083
0.025082
0.025081
0.025081
0.02508
0.02508
0.025079
0.025079
0.025078
0.025078
0.025077
0.025077
0.025076
0.025076
0.025075
0.025075
0.025075
0.025074
0.025074
0.025074
0.025073
0.025073
0.025073
0.025073
0.025072
0.025072
0.025072
0.025072
0.025071
0.025071
0.025071
0.025071
0.025071
0.025071
0.025071
0.025071
0.025071
0.025071
0.025071
0.025071
0.025071
0.025071
0.025071
0.025071
0.025071
0.025071
0.025071
0.025071
0.025071
0.025071
0.025071
0.025071
0.025071
0.025071
0.025071
0.025071
0.025071
0.025071
0.025071
0.025071
0.025071
0.025071
0.025071
0.025071
0.025071
0.025071
0.025071
0.025071
0.025071
0.025071
0.025071
0.025071
0.025071
0.025071
0.025071
0.025071
0.025071
0.025071
0.025071
0.025071
0.025071
0.025071
0.025071
0.025071
0.025071
0.025071
0.025071
0.025071
0.025071
0.025071
0.025071
0.025071
0.025071
0.025071
0.025071
0.025071
0.025071
0.025071
0.025071
0.025071
0.025071
0.025071
0.025071
0.025071
0.025071
0.025071
0.025071
0.025071
0.025071
0.025071
0.025071
0.025071
0.025071
0.025071
0.025071
0.025071
0.025071
0.025071
0.025071
0.025071
0.025071
0.025071
0.025071
0.025071
0.025071
0.025071
0.025071
0.025071
0.025071
0.025071
0.025071
0.025071
0.025071
0.025071
0.025071
0.025071
0.025071
0.025071
0.025071
0.025071
0.025071
0.025071
0.025071
0.025071
0.025071
0.025071
0.025071
0.025071
0.025071
0.025071
0.025071
0.025071
0.025071
0.025071
0.025071
0.025071
0.025071
0.025071
0.025071
0.025071
0.025071
0.025071
0.025071
0.025071
0.025071
0.025071
0.025071
0.025071
0.025071
0.025071
0.025071
0.025071
0.025071
0.025071
0.025071
0.025071
0.025071
0.025071
0.025071
0.025071
0.025071
0.025071
0.025071
0.025071
0.025071
0.025071
0.025071
0.025071
0.025071
0.025071
0.025071
0.025071
0.025071
0.025071
0.025071
0.025071
0.025071
0.025071
0.025071
0.025071
0.025071
0.025071
0.025071
0.025071
0.025071
0.025071
0.025071
0.025071
0.025071
0.025071
0.025071
0.025071
0.025071
0.025071
0.025071
0.025071
0.025071
0.025071
0.025071
0.025071
0.025071
0.025071
0.023027
0.019243
0.015454
0.011659
0.007862
0.004062
0.00026
-0.003541
-0.007342
-0.01114
-0.014934
-0.018725
-0.022359
-0.022359
-0.022359
-0.022359
-0.022359
-0.020467
-0.01865
-0.016904
-0.015226
-0.013616
-0.012068
-0.010583
-0.009156
-0.007786
-0.00647
-0.005207
-0.003994
-0.002829
-0.001711
-0.000638
0.000392
0.001381
0.002331
0.003242
0.004118
0.004957
0.005764
0.006538
0.007281
0.007994
0.008678
0.009335
0.009966
0.010572
0.011153
0.01171
0.012246
0.01276
0.013253
0.013727
0.014181
0.014617
0.015036
0.015438
0.015824
0.016194
0.01655
0.016891
0.017219
0.017533
0.017835
0.018124
0.018402
0.018669
