0.0
0.0
0.0
-0.0
-0.0
0.0
0.0
-0.0
0.0
0.0
0.0
0.0
0.0
0.0
0.0
0.0
0.0
0.0
0.0
0.0
0.0
0.0
0.0
0.0
0.0
0.0
0.0
0.0
0.0
0.0
0.0
0.0
0.0
0.0
0.0
0.0
0.0
0.0
0.0
0.0
0.0
0.0
0.0
0.0
0.0
0.0
0.0
0.0
0.0
0.0
0.0
0.0
0.0
0.0
0.0
0.0
0.0
0.0
0.0
0.0
0.0
0.0
0.0
0.0
0.0
0.0
0.0
0.0
0.0
0.0
0.0
0.0
0.0
0.0
0.0
0.0
0.0
0.0
0.0
0.0
0.0
0.0
0.0
0.0
0.0
0.0
0.0
0.0
0.0
0.0
0.0
0.0
0.0
0.0
0.0
0.0
0.0
0.0
0.0
0.0
0.0
0.0
0.0
0.0
0.0
0.0
0.0
0.0
0.0
0.0
0.0
0.0
0.0
0.0
0.0
0.0
0.0
0.0
0.0
0.0
0.0
0.0
0.0
0.0
0.0
0.0
0.0
0.0
0.0
0.0
0.0
0.0
0.0
0.0
0.0
0.0
0.0
0.0
0.0
0.0
0.0
0.0
0.0
0.0
0.0
0.0
0.0
0.0
0.0
0.0
0.0
0.0
0.0
0.0
0.0
0.0
0.0
0.0
0.0
0.0
0.0
0.0
0.0
0.0
0.0
0.0
0.0
0.0
0.0
-0.000126
0.002468
0.008667
0.018642
0.033273
0.04954
0.065665
0.081642
0.097466
0.11313
0.128627
0.14395
0.15909
0.17404
0.188788
0.193946
0.191688
0.189277
0.186709
0.183982
0.181091
0.181091
0.181091
0.181091
0.181091
0.181091
0.181091
0.181091
0.181091
0.181091
0.181091
0.180953
0.180676
0.18026
0.179705
0.179009
0.178173
0.177194
0.176073
0.174806
0.173393
0.171832
0.170121
0.168258
0.166241
0.164067
0.161735
0.159242
0.156586
0.153763
0.150771
0.147608
0.14427
0.140755
0.137061
0.133184
0.129123
0.124874
0.124874
0.124874
0.124874
0.124874
0.124874
0.124874
0.124874
0.124874
0.124874
0.124716
0.1244
0.123925
0.123292
0.1225
0.121548
0.120435
0.119161
0.117724
0.116124
0.11436
0.11243
0.110333
0.108067
0.105632
0.103025
0.100246
0.097292
0.094163
0.090857
0.087372
0.083707
0.079861
0.075833
0.071621
0.067224
0.062643
0.057875
0.05292
0.047779
0.042452
0.036938
0.031238
0.031238
0.031238
0.031238
0.031238
0.031238
0.031238
0.031238
0.031238
0.031238
0.031238
0.031066
0.03072
0.030201
0.029509
0.028644
0.027606
0.026394
0.025008
0.023449
0.021715
0.019808
0.017725
0.015469
0.013038
0.010432
0.010432
0.010432
0.010432
0.010432
0.010432
0.010432
0.010432
0.010432
0.010432
0.010432
0.010432
0.010432
0.010432
0.010432
0.010255
0.009904
0.009379
0.008681
0.007809
0.006762
0.005542
0.004148
0.00258
0.000838
-0.001078
-0.003167
-0.005431
-0.005431
-0.005431
-0.005431
-0.005431
-0.005431
-0.005431
-0.005431
-0.005431
-0.005431
-0.005431
-0.005431
-0.005431
-0.005431
-0.005431
-0.005431
-0.005431
-0.011498
-0.017323
-0.022913
-0.028278
-0.033427
-0.038368
-0.04311
-0.04766
-0.052026
-0.056216
-0.060236
-0.064093
-0.067794
-0.071346
-0.074753
-0.078023
-0.081159
-0.084169
-0.087057
-0.089829
-0.092488
-0.095039
-0.097442
-0.099598
-0.101544
-0.103286
-0.104832
-0.106187
-0.107356
-0.108346
-0.109159
-0.109801
-0.110275
-0.110584
-0.11073
-0.110716
-0.110544
-0.110215
-0.109731
-0.109092
-0.1083
-0.109532
-0.110716
-0.111851
-0.112941
-0.113987
-0.114991
-0.115955
-0.11688
-0.117768
-0.11862
-0.119438
-0.120223
-0.120976
-0.1217
-0.122394
-0.12306
-0.1237
-0.124314
-0.124903
-0.125469
-0.126012
-0.126533
-0.127033
-0.127513
-0.127974
-0.128417
-0.128842
-0.129249
-0.129641
-0.130016
-0.130377
-0.130723
-0.131055
-0.131374
-0.13168
-0.131974
-0.132256
-0.132527
-0.132787
-0.133037
-0.133276
-0.133506
-0.133727
-0.133939
-0.134142
-0.134338
-0.134525
-0.134705
-0.134878
-0.135044
-0.135203
-0.135356
-0.135502
-0.135643
-0.135778
-0.135908
-0.136032
-0.136152
-0.136267
-0.136377
-0.136483
-0.136584
-0.136682
-0.136775
-0.136865
-0.136951
-0.137034
-0.137114
-0.13719
-0.137263
-0.137333
-0.137401
-0.137466
-0.137528
-0.137587
-0.137645
-0.1377
-0.137753
-0.137803
-0.137852
-0.137899
-0.137943
-0.137986
-0.138028
-0.138067
-0.138105
-0.138142
-0.138177
-0.138211
-0.140653
-0.148803
-0.160587
-0.172731
-0.185229
-0.198084
-0.210879
-0.223609
-0.236272
-0.248863
-0.261377
-0.273812
-0.286163
-0.297664
-0.297631
-0.297581
-0.297514
-0.297428
-0.297323
-0.297195
-0.297043
-0.296865
-0.296657
-0.296417
-0.296141
-0.295826
-0.295468
-0.295062
-0.294604
-0.294089
-0.293512
-0.292868
-0.292151
-0.291355
-0.290474
-0.289502
-0.288432
-0.287257
-0.286885
-0.286885
-0.286885
-0.286885
-0.286885
-0.286885
-0.286885
-0.286885
-0.286885
-0.286885
-0.286885
-0.286885
-0.286885
-0.286876
-0.286808
-0.28669
-0.286522
-0.286304
-0.286033
-0.285708
-0.285328
-0.28489
-0.284392
-0.283831
-0.283204
-0.282508
-0.28174
-0.280895
-0.280507
-0.280507
-0.280507
-0.280507
-0.280507
-0.280507
-0.280507
-0.280507
-0.280507
-0.280507
-0.280507
-0.280507
-0.280507
-0.280447
-0.280327
-0.280146
-0.279903
-0.279597
-0.279227
-0.278791
-0.278288
-0.277714
-0.277067
-0.276345
-0.275544
-0.274661
-0.273693
-0.273693
-0.273693
-0.273693
-0.273693
-0.273693
-0.273693
-0.273693
-0.273693
-0.273623
-0.273483
-0.273272
-0.27299
-0.272636
-0.272318
-0.272318
-0.272318
-0.272318
-0.272318
-0.272318
-0.272318
-0.272318
-0.272318
-0.26467
-0.257309
-0.250225
-0.24341
-0.236854
-0.230547
-0.224482
-0.21865
-0.213042
-0.207651
-0.202468
-0.197486
-0.192698
-0.188188
-0.183953
-0.179988
-0.176289
-0.172852
-0.169672
-0.166744
-0.164064
-0.161626
-0.159427
-0.15746
-0.15572
-0.154204
-0.152905
-0.151819
-0.15094
-0.150264
-0.149784
-0.149497
-0.149395
-0.149475
-0.14973
-0.150155
-0.150744
-0.151797
-0.150197
-0.14866
-0.147185
-0.145768
-0.144408
-0.143101
-0.141847
-0.140642
-0.139485
-0.138375
-0.137308
-0.136284
-0.135301
-0.134356
-0.13345
-0.132579
-0.131744
-0.130941
-0.130171
-0.129431
-0.128721
-0.128039
-0.127384
-0.126755
-0.126152
-0.125572
-0.125016
-0.124482
-0.123969
-0.123476
-0.123004
-0.12255
-0.122114
-0.121696
-0.121294
-0.120909
-0.120538
-0.120183
-0.119842
-0.119514
-0.1192
-0.118898
-0.118608
-0.11833
-0.118063
-0.117806
-0.11756
-0.117323
-0.117096
-0.116879
-0.116738
-0.115398
-0.110379
-0.101221
-0.08977
-0.077542
-0.065166
-0.052965
-0.040811
-0.028866
-0.017148
-0.005675
0.005693
0.016921
0.030388
0.043704
0.054686
0.054686
0.054686
0.054686
0.054686
0.054686
0.054515
0.054174
0.053661
0.052976
0.052121
0.051093
0.049894
0.048522
0.046978
0.04526
0.043369
0.041304
0.039064
0.03665
0.03406
0.031295
0.028355
0.025238
0.021945
0.018476
0.014831
0.01101
0.007013
0.002841
-0.001505
-0.006025
-0.010717
-0.01558
-0.020612
-0.025812
-0.031177
-0.036705
-0.042391
-0.042391
-0.042391
-0.042391
-0.042391
-0.042391
-0.042391
-0.042391
-0.042391
-0.042563
-0.042907
-0.043423
-0.044111
-0.044971
-0.046002
-0.047204
-0.048577
-0.05012
-0.051833
-0.053715
-0.055766
-0.057985
-0.060371
-0.062922
-0.065639
-0.068519
-0.071561
-0.074763
-0.074763
-0.074763
-0.074763
-0.074763
-0.074763
-0.074763
-0.074763
-0.074763
-0.074763
-0.074764
-0.074945
-0.075293
-0.07581
-0.076494
-0.077346
-0.078366
-0.079551
-0.080903
-0.08242
-0.084102
-0.085948
-0.087955
-0.090125
-0.092454
-0.092454
-0.092454
-0.092454
-0.092454
-0.096589
-0.100551
-0.104347
-0.107986
-0.111473
-0.114814
-0.118017
-0.121086
-0.124028
-0.126847
-0.129549
-0.132139
-0.1345
-0.136644
-0.138582
-0.140325
-0.141881
-0.14326
-0.144468
-0.145514
-0.146402
-0.147139
-0.147729
-0.148177
-0.148486
-0.148659
-0.148699
-0.148607
-0.148385
-0.148035
-0.147556
-0.146949
-0.146214
-0.14535
-0.144355
-0.14323
-0.141971
-0.140578
-0.14172
-0.142816
-0.143867
-0.144876
-0.145844
-0.146773
-0.147665
-0.148521
-0.149342
-0.15013
-0.150886
-0.151612
-0.152309
-0.152977
-0.153619
-0.154235
-0.154826
-0.155393
-0.155938
-0.15646
-0.156962
-0.157443
-0.157905
-0.158349
-0.158774
-0.159183
-0.159575
-0.159951
-0.160313
-0.16066
-0.160992
-0.161312
-0.161619
-0.161913
-0.162196
-0.162467
-0.162727
-0.162977
-0.163217
-0.163447
-0.163668
-0.163881
-0.164084
-0.16428
-0.164467
-0.164648
-0.164821
-0.164987
-0.165146
-0.165299
-0.165446
-0.165587
-0.165722
-0.165852
-0.165977
-0.166096
-0.166211
-0.166321
-0.166427
-0.166529
-0.166626
-0.16672
-0.16681
-0.166896
-0.166979
-0.167059
-0.167135
-0.167208
-0.167279
-0.167346
-0.167411
-0.167473
-0.167804
-0.171125
-0.174994
-0.179079
-0.183483
-0.187993
-0.19282
-0.197634
-0.203084
-0.208737
-0.214486
-0.220215
-0.226346
-0.232669
-0.238863
-0.245245
-0.251597
-0.257919
-0.26421
-0.27057
-0.276996
-0.283387
-0.289742
-0.29606
-0.297019
-0.297019
-0.297019
-0.297019
-0.297019
-0.297019
-0.297019
-0.297019
-0.297019
-0.297019
-0.297019
-0.297019
-0.297019
-0.297019
-0.297019
-0.297019
-0.297019
-0.297019
-0.297019
-0.297019
-0.297019
-0.297019
-0.297019
-0.292128
-0.287413
-0.282867
-0.278485
-0.274263
-0.270196
-0.266274
-0.262482
-0.258807
-0.255237
-0.251758
-0.24836
-0.24503
-0.241757
-0.238532
-0.235343
-0.232181
-0.229037
-0.226425
-0.223914
-0.2215
-0.21918
-0.216949
-0.214805
-0.212744
-0.210764
-0.208861
-0.207032
-0.205275
-0.203587
-0.201965
-0.200406
-0.198909
-0.19747
-0.196088
-0.19476
-0.193485
-0.19226
-0.191084
-0.189953
-0.188868
-0.187825
-0.186823
-0.185862
-0.184938
-0.184051
-0.183199
-0.18238
-0.181595
-0.18084
-0.180115
-0.179419
-0.178751
-0.178109
-0.177493
-0.176902
-0.176333
-0.175788
-0.175264
-0.174761
-0.174278
-0.173814
-0.173369
-0.172941
-0.17253
-0.172136
-0.171758
-0.171394
-0.171045
-0.17071
-0.170389
-0.17008
-0.169783
-0.169499
-0.169225
-0.168963
-0.168711
-0.168469
-0.168236
-0.168013
-0.167799
-0.167594
-0.167396
-0.167207
-0.167025
-0.16685
-0.166683
-0.166522
-0.166367
-0.166219
-0.166076
-0.16594
-0.165808
-0.165682
-0.165561
-0.165445
-0.165334
-0.165227
-0.165124
-0.165025
-0.16493
-0.164839
-0.164752
-0.164668
-0.164588
-0.16451
-0.164436
-0.164365
-0.164297
-0.164231
-0.164168
-0.164107
-0.164049
-0.163994
-0.16394
-0.163889
-0.163839
-0.163792
-0.163746
-0.163703
-0.163661
-0.163621
-0.163582
-0.163545
-0.163509
-0.163475
-0.163442
-0.163411
-0.163381
-0.163352
-0.163324
-0.163297
-0.163271
-0.163247
-0.163223
-0.1632
-0.163178
-0.163157
-0.163137
-0.163118
-0.163099
-0.163082
-0.163065
-0.163048
-0.163032
-0.163017
-0.163003
-0.162989
-0.162975
-0.162963
-0.16295
-0.162938
-0.162927
-0.162916
-0.162906
-0.162891
-0.16278
-0.162585
-0.162307
-0.161946
-0.1615
-0.160969
-0.160351
-0.159645
-0.158959
-0.158952
-0.158946
-0.158939
-0.158933
-0.158927
-0.158922
-0.158916
-0.158911
-0.158906
-0.158901
-0.158897
-0.158892
-0.158888
-0.158798
-0.158623
-0.158362
-0.158015
-0.15758
-0.157058
-0.156447
-0.155746
-0.154954
-0.154069
-0.154067
-0.154064
-0.154061
-0.154059
-0.154056
-0.154054
-0.154052
-0.15405
-0.154048
-0.154046
-0.154044
-0.154042
-0.15404
-0.154039
-0.153949
-0.15377
-0.153503
-0.153146
-0.152699
-0.152161
-0.151532
-0.150809
-0.149993
-0.149992
-0.149991
-0.14999
-0.149989
-0.149988
-0.149987
-0.149986
-0.149985
-0.149984
-0.149984
-0.149983
-0.149982
-0.149981
-0.149981
-0.149981
-0.149981
-0.149981
-0.149981
-0.149981
-0.149981
-0.149981
-0.149981
-0.149981
-0.149981
-0.149981
-0.149981
-0.149981
-0.149981
-0.149981
-0.149981
-0.149981
-0.149981
-0.149981
-0.149981
-0.149981
-0.149981
-0.149981
-0.149981
-0.149981
-0.149981
-0.149981
-0.149981
-0.149981
-0.149981
-0.149981
-0.149981
-0.149981
-0.149981
-0.149981
-0.149981
-0.149981
-0.149981
-0.149981
-0.149981
-0.149981
-0.149981
-0.149981
-0.149981
-0.149981
-0.149981
-0.149981
-0.149981
-0.149981
-0.149981
-0.149981
-0.149981
-0.149981
-0.149981
-0.149981
-0.149981
-0.149981
-0.149981
-0.149981
-0.149981
-0.149981
-0.149981
-0.149981
-0.149981
-0.149981
-0.149981
-0.150071
-0.150252
-0.150523
-0.150884
-0.151334
-0.152116
-0.152984
-0.154068
-0.154561
-0.154934
-0.155427
-0.15592
-0.156413
-0.156906
-0.157399
-0.157892
-0.158384
-0.158877
-0.15937
-0.159862
-0.160354
-0.160847
-0.161339
-0.161831
-0.162323
-0.162815
-0.163307
-0.163798
-0.16429
-0.164782
-0.165273
-0.165765
-0.166256
-0.166747
-0.167238
-0.167729
-0.168221
-0.168711
-0.169202
-0.169693
-0.170184
-0.170674
-0.171165
-0.171655
-0.172145
-0.172636
-0.173126
-0.173616
-0.174106
-0.174596
-0.175086
-0.175575
-0.176065
-0.176554
-0.177044
-0.177533
-0.178022
-0.178511
-0.179001
-0.17949
-0.179978
-0.180467
-0.180956
-0.181444
-0.181933
-0.182421
-0.18291
-0.183398
-0.183886
-0.184374
-0.184862
-0.18535
-0.185838
-0.186325
-0.186813
-0.18724
-0.187594
-0.187881
-0.188232
-0.190252
-0.193477
-0.198398
-0.207427
-0.217699
-0.228228
-0.238776
-0.24961
-0.260366
-0.271177
-0.282054
-0.29325
-0.29814
-0.29814
-0.29814
-0.29814
-0.29814
-0.29814
-0.29814
-0.29814
-0.29814
-0.29814
-0.29814
-0.298138
-0.298121
-0.298091
-0.298048
-0.297991
-0.297918
-0.297828
-0.297719
-0.297589
-0.297434
-0.297253
-0.297042
-0.296797
-0.296516
-0.296193
-0.295824
-0.295406
-0.294932
-0.294399
-0.293799
-0.293129
-0.29238
-0.291549
-0.290627
-0.289608
-0.288485
-0.287251
-0.285899
-0.284421
-0.282808
-0.281053
-0.279149
-0.277085
-0.276138
-0.276138
-0.276138
-0.276138
-0.276138
-0.276138
-0.276138
-0.276113
-0.276006
-0.275832
-0.275591
-0.27528
-0.27499
-0.27499
-0.27499
-0.27499
-0.27499
-0.27499
-0.27499
-0.27499
-0.27499
-0.27499
-0.27499
-0.27499
-0.27499
-0.27499
-0.274922
-0.274785
-0.27458
-0.274305
-0.273959
-0.27354
-0.273048
-0.27248
-0.271833
-0.271107
-0.270297
-0.2694
-0.268414
-0.267336
-0.26616
-0.264884
-0.263502
-0.262012
-0.260407
-0.258684
-0.256837
-0.25486
-0.25275
-0.250499
-0.248103
-0.248103
-0.248103
-0.248103
-0.248103
-0.248103
-0.248103
-0.248006
-0.247811
-0.247519
-0.247129
-0.246639
-0.246049
-0.245356
-0.244559
-0.243657
-0.242646
-0.241525
-0.24029
-0.23894
-0.23747
-0.235878
-0.23416
-0.232312
-0.230331
-0.228213
-0.225953
-0.223546
-0.22099
-0.218278
-0.215407
-0.212372
-0.209168
-0.20579
-0.202233
-0.198492
-0.198492
-0.198492
-0.198492
-0.198492
-0.198492
-0.198492
-0.19849
-0.198342
-0.198064
-0.197656
-0.197116
-0.196444
-0.195638
-0.194699
-0.193624
-0.192411
-0.191059
-0.189567
-0.187931
-0.18615
-0.184221
-0.182142
-0.17991
-0.177522
-0.174976
-0.172268
-0.169396
-0.166356
-0.163145
-0.159761
-0.156199
-0.152457
-0.148531
-0.144419
-0.140117
-0.135623
-0.130934
-0.126047
-0.126047
-0.126047
-0.126047
-0.126047
-0.126047
-0.126047
-0.12589
-0.125574
-0.125101
-0.124469
-0.123678
-0.122728
-0.121617
-0.120345
-0.118911
-0.117315
-0.115553
-0.113627
-0.111533
-0.109271
-0.10684
-0.104409
-0.104409
-0.104409
-0.104409
-0.104409
-0.104409
-0.104246
-0.10392
-0.103431
-0.102778
-0.101961
-0.10098
-0.099834
-0.098522
-0.097043
-0.095397
-0.093583
-0.0916
-0.089446
-0.08712
-0.084623
-0.081951
-0.079105
-0.076083
-0.072884
-0.069507
-0.065951
-0.062215
-0.058299
-0.054201
-0.049921
-0.045459
-0.040814
-0.035987
-0.030977
-0.025785
-0.020412
-0.014858
-0.014858
-0.014858
-0.014858
-0.014858
-0.014858
-0.014858
-0.014858
-0.014858
-0.014858
-0.014858
-0.014858
-0.014858
-0.014858
-0.014848
-0.014677
-0.007876
-0.001177
0.005422
0.011923
0.018328
0.024639
0.030859
0.03699
0.043035
0.048996
0.054874
0.060673
0.066394
0.072038
0.077608
0.083104
0.088528
0.09388
0.099161
0.104371
0.10888
0.111226
0.113477
0.115636
0.117708
0.119696
0.121603
0.123433
0.125188
0.126873
0.128489
0.13004
0.131528
0.132956
0.134326
0.135641
0.136903
0.138113
0.139275
0.14039
0.141459
0.142486
0.143471
0.144417
0.145324
0.146195
0.14703
0.147832
0.148602
0.149341
0.146839
0.141261
0.133157
0.123886
0.114235
0.104446
0.094632
0.084562
0.074471
0.064362
0.054236
0.044097
0.033835
0.028629
0.028629
0.028629
0.028629
0.028629
0.028629
0.028629
0.028627
0.028623
0.028616
0.028611
0.028611
0.028611
0.034217
0.039596
0.044758
0.04971
0.054461
0.05902
0.063393
0.067588
0.071613
0.075474
0.079179
0.082732
0.086141
0.089411
0.092548
0.095558
0.098445
0.101215
0.103872
0.106422
0.108867
0.111214
0.113465
0.115624
0.117696
0.119684
0.121591
0.123421
0.125177
0.126862
0.128478
0.130029
0.131517
0.132946
0.134316
0.13563
0.136892
0.133128
0.125112
0.11501
0.104182
0.09309
0.08197
0.070824
0.059657
0.048472
0.037273
0.028611
0.028611
0.02861
0.028608
0.028604
0.028598
0.028588
0.028575
0.028557
0.028531
0.0285
0.028465
0.02843
0.028389
0.02834
0.028286
0.028232
0.028173
0.033726
0.039055
0.044184
0.049108
0.05383
0.05836
0.062704
0.066912
0.070949
0.074822
0.078537
0.082101
0.085521
0.088801
0.091948
0.094967
0.097863
0.100641
0.103306
0.105863
0.108317
0.11067
0.112928
0.115095
0.117173
0.119167
0.12108
0.122916
0.124677
0.126367
0.122811
0.117281
0.108625
0.098903
0.089047
0.078935
0.068568
0.057365
0.04609
0.034586
0.027039
0.026418
0.025625
0.024657
0.023517
0.022202
0.020714
0.019051
0.017215
0.015204
0.013019
0.010659
0.008125
0.008125
0.008125
0.008125
0.008125
0.014141
0.019915
0.025457
0.030776
0.035881
0.040779
0.045479
0.04999
0.054317
0.05847
0.062455
0.066278
0.069946
0.073466
0.076843
0.080084
0.083193
0.086178
0.089143
0.092136
0.095135
0.098142
0.101155
0.104175
0.107203
0.110237
0.113278
0.116327
0.119381
0.122442
0.125509
0.12858
0.131656
0.134734
0.136927
0.138218
0.139458
0.140647
0.141788
0.142883
0.143934
0.144942
0.14591
0.146839
0.14773
0.148585
0.149406
0.150194
0.15095
0.151675
0.152371
0.15304
0.153681
0.154297
0.154887
0.155454
0.155999
0.156521
0.157022
0.157503
0.157972
0.158496
0.159103
0.158604
0.150771
0.140607
0.130585
0.12073
0.111068
0.101623
0.092421
0.083487
0.074847
0.066524
0.058544
0.05394
0.056693
0.059611
0.062694
0.065939
0.069345
0.072911
0.076633
0.08051
0.08454
0.088719
0.093044
0.097512
0.102119
0.106861
0.111734
0.116732
0.121851
0.127085
0.132428
0.137873
0.143413
0.14904
0.14904
0.14904
0.14904
0.14904
0.14904
0.14904
0.14919
0.149491
0.149943
0.150544
0.151294
0.152193
0.153239
0.154431
0.155769
0.15725
0.158873
0.160636
0.162537
0.164574
0.166745
0.169046
0.171475
0.174028
0.176703
0.179495
0.1824
0.186777
0.190975
0.194989
0.198818
0.202456
0.2059
0.209148
0.212194
0.212465
0.212718
0.212953
0.213172
0.213375
0.213565
0.213743
0.213908
0.214062
0.214206
0.21434
0.214465
0.214582
0.214691
0.214793
0.214889
0.214978
0.215062
0.21514
0.215213
0.215282
0.215346
0.215407
0.215463
0.215516
0.215566
0.215613
0.215657
0.215698
0.215737
0.215773
0.215808
0.21584
0.215871
0.215899
0.215926
0.215952
0.215976
0.215999
0.21602
0.21604
0.216059
0.216078
0.216095
0.216111
0.216126
0.216141
0.216154
0.216167
0.21618
0.216191
0.216202
0.216213
0.216223
0.216232
0.216241
0.21625
0.216258
0.216266
0.216273
0.21628
0.216287
0.216293
0.216299
0.216305
0.21631
0.216315
0.21632
0.216325
0.21633
0.216334
0.216338
0.216342
0.216346
0.216349
0.216352
0.216356
0.216359
0.216362
0.216365
0.216367
0.21637
0.216372
0.216375
0.216377
0.216379
0.216381
0.216383
0.216385
0.216391
0.216399
0.21641
0.216422
0.216434
-0.216445
-0.216454
-0.216458
-0.216455
-0.216445
-0.216423
-0.216388
-0.216338
-0.216268
-0.216176
-0.21617
-0.216165
-0.21616
-0.216156
-0.216151
-0.216147
-0.216143
-0.216139
-0.216135
-0.216131
-0.216128
-0.216124
-0.216121
-0.216118
-0.216115
-0.216112
-0.216109
-0.216107
-0.216104
-0.216102
-0.216099
-0.216097
-0.216095
-0.216093
-0.216091
-0.216089
-0.216087
-0.216085
-0.216084
-0.216082
-0.21608
-0.216079
-0.216077
-0.216076
-0.216075
-0.216074
-0.216076
-0.216088
-0.216106
-0.216127
-0.216142
-0.216141
-0.21614
-0.216139
-0.216138
-0.216137
-0.216137
-0.216136
-0.216135
-0.216134
-0.216134
-0.216133
-0.216132
-0.216132
-0.216131
-0.216131
-0.21613
-0.21613
-0.216129
-0.216129
-0.216128
-0.216128
-0.216127
-0.216127
-0.216127
-0.216126
-0.216126
-0.216126
-0.216125
-0.216269
-0.216637
-0.217083
-0.217529
-0.217965
-0.218373
-0.21877
-0.219147
-0.219512
-0.219857
-0.220181
-0.220479
-0.220757
-0.22102
-0.221263
-0.221572
-0.221907
-0.222175
-0.222375
-0.222507
-0.222518
-0.222518
-0.222518
-0.222518
-0.222518
-0.222518
-0.222518
-0.222518
-0.222518
-0.222518
-0.222518
-0.222518
-0.222518
-0.222464
-0.222396
-0.222317
-0.222227
-0.222128
-0.222021
-0.221909
-0.221791
-0.221669
-0.221543
-0.221415
-0.221285
-0.221154
-0.221022
-0.220889
-0.220758
-0.220626
-0.220496
-0.220367
-0.220239
-0.220114
-0.21999
-0.219868
-0.219749
-0.219632
-0.219517
-0.219405
-0.219295
-0.219189
-0.219084
-0.218983
-0.218884
-0.218788
-0.218695
-0.218604
-0.218516
-0.218431
-0.218348
-0.218267
-0.21819
-0.218114
-0.218042
-0.217971
-0.217903
-0.217837
-0.217773
-0.217712
-0.217652
-0.217595
-0.217539
-0.217486
-0.217434
-0.217384
-0.217336
-0.21729
-0.217245
-0.217202
-0.217161
-0.217121
-0.217082
-0.217045
-0.217009
-0.216975
-0.216942
-0.21691
-0.216879
-0.216849
-0.216821
-0.216794
-0.216767
-0.216742
-0.216718
-0.216694
-0.216672
-0.21665
-0.216629
-0.216609
-0.21659
-0.216571
-0.216553
-0.216536
-0.21652
-0.216504
-0.216489
-0.216474
-0.21646
-0.216446
-0.216433
-0.216421
-0.216409
-0.216397
-0.216386
-0.216376
-0.216365
-0.216356
-0.216346
-0.216337
-0.216328
-0.21632
-0.216312
-0.216304
-0.216297
-0.21629
-0.216283
-0.216276
-0.21627
-0.216264
-0.216258
-0.216252
-0.216432
-0.217306
-0.218113
-0.218854
-0.219529
-0.220136
-0.220677
-0.22115
-0.221556
-0.221894
-0.222165
-0.222368
-0.222503
-0.222518
-0.222518
-0.222518
-0.222518
-0.222518
-0.222518
-0.222518
-0.222518
-0.222518
-0.222518
-0.222518
-0.222518
-0.222518
-0.222464
-0.222397
-0.222317
-0.222227
-0.222128
-0.222022
-0.221909
-0.221791
-0.221669
-0.221543
-0.221415
-0.221285
-0.221154
-0.221022
-0.22089
-0.220758
-0.220626
-0.220496
-0.220367
-0.22024
-0.220114
-0.21999
-0.219868
-0.219749
-0.219632
-0.219517
-0.219405
-0.219295
-0.219189
-0.219084
-0.218983
-0.218884
-0.218788
-0.218695
-0.218604
-0.218516
-0.218431
-0.218348
-0.218268
-0.21819
-0.218114
-0.218042
-0.217971
-0.217903
-0.217837
-0.217773
-0.217712
-0.217652
-0.217595
-0.217539
-0.217486
-0.217434
-0.217384
-0.217336
-0.21729
-0.217245
-0.217202
-0.217161
-0.217121
-0.217082
-0.217045
-0.217009
-0.216975
-0.216942
-0.21691
-0.216879
-0.216849
-0.216821
-0.216794
-0.216767
-0.216742
-0.216718
-0.216694
-0.216672
-0.21665
-0.216629
-0.216609
-0.21659
-0.216571
-0.216553
-0.216536
-0.21652
-0.216504
-0.216489
-0.216474
-0.21646
-0.216446
-0.216433
-0.216357
-0.215843
-0.214861
-0.213814
-0.212702
-0.211526
-0.210285
-0.208979
-0.207611
-0.206179
-0.204684
-0.203126
-0.201507
-0.199827
-0.199471
-0.199471
-0.199471
-0.199471
-0.199471
-0.199471
-0.199471
-0.199471
-0.199471
-0.199471
-0.199471
-0.199471
-0.199471
-0.199471
-0.199471
-0.199471
-0.199471
-0.199471
-0.199471
-0.199471
-0.199471
-0.199471
-0.199471
-0.199471
-0.199471
-0.199471
-0.199471
-0.199471
-0.199471
-0.199471
-0.199471
-0.199471
-0.199471
-0.199471
-0.199471
-0.199471
-0.199471
-0.199471
-0.199471
-0.199471
-0.199471
-0.199471
-0.199471
-0.199471
-0.199471
-0.199471
-0.199471
-0.199471
-0.199471
-0.199471
-0.199471
-0.199471
-0.199471
-0.199471
-0.199471
-0.199471
-0.199471
-0.199471
-0.199471
-0.199471
-0.199471
-0.199471
-0.199471
-0.199471
-0.199471
-0.199471
-0.199471
-0.199471
-0.1996
-0.199859
-0.200246
-0.200762
-0.201405
-0.202175
-0.203069
-0.204087
-0.205227
-0.206488
-0.207866
-0.20936
-0.210966
0.212683
0.214507
0.216434
0.218462
0.220585
0.2228
0.225102
0.227487
0.229948
0.232482
0.235081
0.237739
0.240451
0.243208
0.246004
0.248832
0.251682
0.254547
0.257417
0.260283
0.263136
0.265966
0.268761
0.271511
0.271511
0.271511
0.271511
0.271511
0.271511
0.271511
0.271511
0.271511
0.271511
0.271511
0.271511
0.271511
0.271511
0.271511
0.271511
0.271511
0.271511
0.271511
0.271511
0.271511
0.271511
0.271511
0.271511
0.271511
0.271511
0.271584
0.271728
0.271945
0.272233
0.27259
0.273016
0.273508
0.274066
0.274686
0.275366
0.275366
0.275366
0.275366
0.275366
0.275366
0.275366
0.275366
0.275366
0.275366
0.275366
0.275366
0.275366
0.275366
0.275366
0.275366
0.275366
0.275366
0.275366
0.275366
0.275366
0.275366
0.275366
0.275366
0.275366
0.275433
0.275568
0.275769
0.276037
0.276369
0.276764
0.27722
0.277737
0.278311
0.278939
0.279619
0.280349
0.281123
0.28194
0.282793
0.28368
0.284596
0.285535
0.286492
0.287461
0.288438
0.289414
0.290384
0.291341
0.292278
0.293186
0.294058
0.294886
0.295661
0.296374
0.297017
0.297578
0.292907
0.288068
0.283055
0.277863
0.272488
0.266923
0.261166
0.255213
0.249059
0.242703
0.236141
0.229371
0.225211
0.221211
0.217366
0.213669
0.210116
0.206701
0.203419
0.200265
0.197233
0.194321
0.191522
0.188833
0.186249
0.183767
0.191653
0.20537
0.219025
0.232612
0.246129
0.259571
0.272933
0.286212
0.294167
0.294167
0.294167
0.294167
0.294167
0.294167
0.294167
0.294167
0.294167
0.294167
0.294167
0.294167
0.294167
0.294167
0.294167
0.294167
0.294167
0.294167
0.294167
0.294167
0.294167
0.294167
0.294167
0.294167
0.294167
0.294167
0.29416
0.294114
0.294037
0.293928
0.293786
0.29361
0.293398
0.293148
0.292858
0.292525
0.292147
0.29172
0.291241
0.290707
0.290113
0.289455
0.288729
0.28793
0.287053
0.286093
0.285043
0.283899
0.282654
0.281302
0.279837
0.278251
0.276615
0.276615
0.276615
0.276615
0.276615
0.276615
0.276615
0.276615
0.276549
0.276417
0.276218
0.275952
0.275617
0.267647
0.25986
0.252243
0.24478
0.237458
0.230263
0.223182
0.216203
0.209314
0.202503
0.19576
0.190694
0.185826
0.181148
0.176652
0.172332
0.168181
0.164193
0.160361
0.15668
0.153144
0.149747
0.146484
0.14335
0.14034
0.137449
0.134672
0.132005
0.129443
0.126984
0.124621
0.121951
0.111229
0.095958
0.079803
0.063625
0.047426
0.031214
0.014992
-0.001235
-0.017462
-0.033683
-0.049894
-0.066089
-0.082265
-0.098415
-0.114535
-0.13062
-0.134593
-0.134593
-0.134593
-0.134593
-0.134593
-0.134593
-0.134593
-0.134593
-0.134593
-0.134593
-0.134593
-0.134593
-0.134593
-0.134593
-0.134593
-0.134593
-0.134593
-0.134593
-0.134593
-0.134593
-0.134593
-0.134593
-0.134593
-0.134593
-0.134593
-0.134593
-0.134593
-0.134593
-0.134593
-0.134593
-0.134593
-0.134593
-0.134593
-0.134593
-0.134593
-0.134593
-0.134593
-0.134593
-0.134593
-0.134593
-0.134593
-0.134593
-0.134593
-0.134593
-0.134593
-0.134593
-0.134593
-0.134593
-0.134593
-0.134593
-0.134593
-0.134593
-0.134438
-0.134127
-0.133661
-0.133039
-0.13226
-0.131324
-0.130229
-0.128976
-0.127563
-0.125989
-0.124252
-0.122352
-0.120286
-0.118054
-0.115654
-0.113084
-0.110343
-0.107429
-0.10434
-0.101075
-0.097631
-0.094008
-0.090205
-0.086218
-0.082048
-0.082048
-0.082048
-0.082048
-0.082048
-0.082048
-0.081916
-0.081601
-0.081118
-0.080468
-0.07965
-0.078663
-0.077508
-0.076183
-0.074688
-0.073022
-0.071186
-0.061877
-0.052742
-0.043776
-0.034971
-0.026323
-0.017824
-0.009471
-0.001257
0.006821
0.014769
0.022589
0.030286
0.037863
0.045321
0.052664
0.059893
0.067009
0.074012
0.080904
0.087683
0.094349
0.100901
0.107336
0.113653
0.119848
0.125919
0.131861
0.133571
0.135212
0.136786
0.138296
0.139745
0.141136
0.142469
0.143749
0.144977
0.146155
0.145623
0.140608
0.131403
0.12108
0.11072
0.100327
0.089903
0.079452
0.068977
0.05848
0.047966
0.044598
0.044254
0.043738
0.04305
0.04219
0.041157
0.039951
0.038573
0.03702
0.035295
0.033395
0.031321
0.029072
0.026649
0.02975
0.032557
0.03508
0.04022
0.045151
0.049883
0.054423
0.05878
0.062959
0.066969
0.070817
0.074508
0.078049
0.081447
0.084707
0.087834
0.090834
0.093713
0.096475
0.099125
0.101667
0.104106
0.106446
0.108692
0.110846
0.112913
0.114897
0.1168
0.118626
0.120378
0.122059
0.123672
0.12522
0.126706
0.128131
0.129499
0.130811
0.132071
0.13328
0.13444
0.135553
0.136621
0.137646
0.13863
0.139574
0.14048
0.14135
0.142185
0.142986
0.143755
0.144492
0.145201
0.14588
0.146533
0.147159
0.14776
0.148336
0.14889
0.149421
0.149931
0.150421
0.150891
0.151342
0.151774
0.15219
0.152589
0.152972
0.153339
0.153692
0.15403
0.154355
0.154667
0.154967
0.155254
0.15553
0.155795
0.156049
0.156293
0.156527
0.156752
0.156968
0.157175
0.157374
0.157565
0.157748
0.157924
0.158093
0.158255
0.158411
0.15856
0.158703
0.158841
0.158973
0.1591
0.159222
0.159338
0.159451
0.159558
0.159662
0.159761
0.159856
0.159948
0.160036
0.16012
0.160201
0.160278
0.160166
0.159815
0.159228
0.15864
0.157939
0.157125
0.156424
0.155722
0.154783
0.153844
0.148176
0.137526
0.126119
0.114674
0.103194
0.091682
0.080143
0.068578
0.056994
0.045391
0.033776
0.022149
0.018324
0.018324
0.018324
0.018324
0.018324
0.018324
0.018324
0.018324
0.018324
0.018324
0.018324
0.024139
0.02972
0.035076
0.040216
0.045147
0.049879
0.05442
0.058776
0.062956
0.066966
0.070813
0.074505
0.078046
0.081444
0.084703
0.087831
0.090831
0.09371
0.096472
0.099122
0.101664
0.104103
0.106444
0.108689
0.110843
0.112911
0.114894
0.116797
0.118623
0.120375
0.122056
0.12367
0.125218
0.126703
0.128129
0.129496
0.130809
0.132069
0.133277
0.134437
0.13555
0.136619
0.137644
0.138628
0.139572
0.140478
0.141348
0.142182
0.142983
0.142517
0.138969
0.128526
0.117329
0.105856
0.094352
0.082818
0.071259
0.059679
0.04808
0.036467
0.024843
0.018321
0.018321
0.018321
0.018321
0.018321
0.018321
0.018321
0.018321
0.018321
0.018321
0.018321
0.018321
0.018321
0.018321
0.018321
0.018321
0.018321
0.018495
0.018842
0.019362
0.020056
0.020923
0.021964
0.023177
0.024564
0.026123
0.027854
0.029758
0.031833
0.034079
0.036496
0.039083
0.041839
0.044763
0.047855
0.051112
0.054534
0.05812
0.061867
0.065773
0.069837
0.074055
0.078426
0.082945
0.087611
0.092418
0.097364
0.102443
0.107651
0.107651
0.107651
0.107651
0.107651
0.107651
0.107651
0.107651
0.107651
0.107814
0.108138
0.108624
0.109271
0.11008
0.111049
0.112178
0.113466
0.114912
0.116515
0.118273
0.120186
0.122252
0.124469
0.126835
0.129348
0.132006
0.134806
0.137746
0.140822
0.144032
0.147371
0.150836
0.154424
0.158128
0.161945
0.165871
0.169897
0.173362
0.173362
0.173362
0.173362
0.173362
0.173362
0.173362
0.173362
0.173362
0.173362
0.173362
0.173362
0.173362
0.17337
0.173433
0.173628
0.174001
0.174515
0.175169
0.175962
0.176893
0.177961
0.179165
0.180503
0.181974
0.183574
0.185303
0.187157
0.189134
0.191231
0.193445
0.195771
0.198208
0.20075
0.200989
0.200989
0.200989
0.200989
0.200989
0.200989
0.200989
0.200989
0.200989
0.200989
0.200989
0.200989
0.200989
0.200989
0.200989
0.201017
0.201206
0.201523
0.201968
0.20254
0.203238
0.204061
0.205007
0.206076
0.207265
0.208573
0.209996
-0.211533
-0.21318
-0.214936
-0.216795
-0.218756
-0.220814
-0.222964
-0.225204
-0.225204
-0.225204
-0.225204
-0.225204
-0.225204
-0.225204
-0.225204
-0.225204
-0.225204
-0.225204
-0.225204
-0.225204
-0.225204
-0.225204
-0.225232
-0.225404
-0.225689
-0.226087
-0.226598
-0.22722
-0.227953
-0.228794
-0.229742
-0.230794
-0.23195
-0.233205
-0.234558
-0.236005
-0.237543
-0.239169
-0.240877
-0.242666
-0.244529
-0.246462
-0.24846
-0.250517
-0.252628
-0.254787
-0.256987
-0.256987
-0.256987
-0.256987
-0.256987
-0.256987
-0.256987
-0.256987
-0.256987
-0.256987
-0.256987
-0.256987
-0.257015
-0.257153
-0.25738
-0.257694
-0.258095
-0.258581
-0.259151
-0.259804
-0.260536
-0.261346
-0.262232
-0.26319
-0.264218
-0.265311
-0.266467
-0.267681
-0.268948
-0.270265
-0.271627
-0.273027
-0.274461
-0.275104
-0.275104
-0.275104
-0.275104
-0.275104
-0.275104
-0.275104
-0.275104
-0.275104
-0.275104
-0.275137
-0.275252
-0.275435
-0.275683
-0.275998
-0.276376
-0.276817
-0.277318
-0.277878
-0.278494
-0.279163
-0.279882
-0.280648
-0.281458
-0.282306
-0.283189
-0.284103
-0.285042
-0.286002
-0.286002
-0.286002
-0.286002
-0.286002
-0.286002
-0.286002
-0.286052
-0.286153
-0.286304
-0.286503
-0.286749
-0.287042
-0.287378
-0.287757
-0.288176
-0.288632
-0.289122
-0.289643
-0.290191
-0.290763
-0.291355
-0.291961
-0.291961
-0.291961
-0.291961
-0.291961
-0.291961
-0.291961
-0.291979
-0.292042
-0.292141
-0.292276
-0.292445
-0.292647
-0.292881
-0.293144
-0.293434
-0.293748
-0.294084
-0.294439
-0.294808
-0.295188
-0.295575
-0.295965
-0.296353
-0.296733
-0.2971
-0.297449
-0.297449
-0.297449
-0.297449
-0.297449
-0.297449
-0.297449
-0.297449
-0.297449
-0.297449
-0.297449
-0.292465
-0.287659
-0.283027
-0.278562
-0.274261
-0.270117
-0.266127
-0.262284
-0.258584
-0.255023
-0.251596
-0.248297
-0.245123
-0.24207
-0.239133
-0.236308
-0.233591
-0.230978
-0.228465
-0.226032
-0.223643
-0.221296
-0.218984
-0.216699
-0.214433
-0.212178
-0.209927
-0.207672
-0.205408
-0.203127
-0.200823
-0.198489
-0.196119
-0.193707
-0.191247
-0.188733
-0.18616
-0.183521
-0.180811
-0.178025
-0.17682
-0.175663
-0.174552
-0.173485
-0.17246
-0.171476
-0.17053
-0.169623
-0.168751
-0.167914
-0.167111
-0.166339
-0.165598
-0.164886
-0.164203
-0.163547
-0.162917
-0.162312
-0.161731
-0.161174
-0.160638
-0.160124
-0.15963
-0.159156
-0.158701
-0.158264
-0.157845
-0.157442
-0.157055
-0.156684
-0.156327
-0.155985
-0.155656
-0.155341
-0.155038
-0.154747
-0.154468
-0.1542
-0.153942
-0.153695
-0.153458
-0.15323
-0.153012
-0.152802
-0.1526
-0.152407
-0.152221
-0.152043
-0.151871
-0.151707
-0.151549
-0.151398
-0.151252
-0.151113
-0.150978
-0.15085
-0.150726
-0.150608
-0.150494
-0.150384
-0.150279
-0.150179
-0.150082
-0.149989
-0.1499
-0.149814
-0.149732
-0.149653
-0.149577
-0.149504
-0.149435
-0.149368
-0.149303
-0.149242
-0.149182
-0.149125
-0.149071
-0.149018
-0.148968
-0.148919
-0.148873
-0.148828
-0.148786
-0.148744
-0.148705
-0.148667
-0.148631
-0.148596
-0.148562
-0.14853
-0.148499
-0.14847
-0.148441
-0.148414
-0.148388
-0.148362
-0.148338
-0.148315
-0.148293
-0.148271
-0.148251
-0.148231
-0.148212
-0.148194
-0.148176
-0.14816
-0.148144
-0.148128
-0.148113
-0.148099
-0.148085
-0.148072
-0.14806
-0.148048
-0.148036
-0.148025
-0.148014
-0.148004
-0.147994
-0.147984
-0.147975
-0.147967
-0.147958
-0.14795
-0.147942
-0.147935
-0.147928
-0.147921
-0.147914
-0.147908
-0.147902
-0.147896
-0.147891
-0.147885
-0.14788
-0.147875
-0.14787
-0.147866
-0.147861
-0.147857
-0.147853
-0.147849
-0.147846
-0.147842
-0.147839
-0.147835
-0.147832
-0.147829
-0.147826
-0.147823
-0.147821
-0.147818
-0.147816
-0.147813
-0.147811
-0.147809
-0.147807
-0.147805
-0.147803
-0.147801
-0.147799
-0.147797
-0.147796
-0.147794
-0.147793
-0.147791
-0.14779
-0.147788
-0.147787
-0.147786
-0.147785
-0.147783
-0.147782
-0.147781
-0.14778
-0.147779
-0.147778
-0.147777
-0.147776
-0.147776
-0.147775
-0.147774
-0.147773
-0.147772
-0.147772
-0.147772
-0.147772
-0.147772
-0.147772
-0.147772
-0.147772
-0.147772
-0.147772
-0.147772
-0.147772
-0.147772
-0.147772
-0.147772
-0.147772
-0.147772
-0.147772
-0.147772
-0.147772
-0.147772
-0.147772
-0.147772
-0.147772
-0.147772
-0.147772
-0.147772
-0.147772
-0.147772
-0.147772
-0.147772
-0.147772
-0.147772
-0.147772
-0.147772
-0.147772
-0.147772
-0.147772
-0.147772
-0.147772
-0.147772
-0.147772
-0.147772
-0.147772
-0.147772
-0.147772
-0.147772
-0.147772
-0.147772
-0.147772
-0.147772
-0.147772
-0.147772
-0.147772
-0.147773
-0.147872
-0.148063
-0.148345
-0.148718
-0.149182
-0.149736
-0.150378
-0.151108
-0.151924
-0.152825
-0.15381
-0.154876
-0.156022
-0.155782
-0.154795
-0.153927
-0.153179
-0.15243
-0.151932
-0.15156
-0.151317
-0.151205
-0.151226
-0.151382
-0.151673
-0.149407
-0.142603
-0.135859
-0.12961
-0.123885
-0.11871
-0.114115
-0.110126
-0.101622
-0.093086
-0.086591
-0.086591
-0.086591
-0.086591
-0.086591
-0.086591
-0.086591
-0.086591
-0.086591
-0.086591
-0.086591
-0.086757
-0.08709
-0.087588
-0.088253
-0.089083
-0.090078
-0.091238
-0.092561
-0.094048
-0.095696
-0.097506
-0.099475
-0.101604
-0.103889
-0.10633
-0.108925
-0.111672
-0.114569
-0.117612
-0.120801
-0.124131
-0.1276
-0.131204
-0.13494
-0.138804
-0.142791
-0.146896
-0.151116
-0.155444
-0.159874
-0.164402
-0.169019
-0.173719
-0.173719
-0.173719
-0.173719
-0.173719
-0.173719
-0.173719
-0.173719
-0.173719
-0.17386
-0.174143
-0.174566
-0.17513
-0.175834
-0.176676
-0.177656
-0.178772
-0.180024
-0.181408
-0.182924
-0.18457
-0.186342
-0.188238
-0.190257
-0.192393
-0.194645
-0.197009
-0.199481
-0.202056
-0.204731
-0.2075
-0.210359
0.213302
0.216324
0.219417
0.222577
0.225796
0.229066
0.23238
0.235731
0.239109
0.242506
0.245913
0.249319
0.252715
0.256089
0.259431
0.262729
0.265972
0.269145
0.272238
0.275236
0.278125
0.280891
0.28352
0.28352
0.28352
0.28352
0.28352
0.28352
0.28352
0.28352
0.28352
0.28352
0.28352
0.28352
0.28352
0.28352
0.28352
0.28352
0.28352
0.283523
0.283591
0.283713
0.28389
0.284119
0.2844
0.284731
0.285111
0.285537
0.286006
0.286517
0.287066
0.283929
0.280838
0.277783
0.274332
0.271003
0.267794
0.2647
0.261718
0.258845
0.256077
0.253411
0.250844
0.248372
0.245993
0.243702
0.241498
0.239376
0.237335
0.235371
0.233482
0.231665
0.229917
0.228237
0.22662
0.225066
0.223572
0.222136
0.220755
0.219397
0.218056
0.216725
0.2154
0.214074
0.212742
0.211398
0.210037
0.208654
0.207242
0.205798
0.204316
0.20279
0.201217
0.19959
0.197905
0.196157
0.19434
0.192451
0.190484
0.188433
0.186295
0.184063
0.181734
0.179303
0.176764
0.174113
0.173503
0.172918
0.172356
0.171816
0.171298
0.170801
0.170323
0.169864
0.169424
0.169001
0.168595
0.168205
0.167831
0.167472
0.167127
0.166795
0.166477
0.166172
0.165879
0.165597
0.165327
0.165067
0.164818
0.164579
0.164349
0.164129
0.163917
0.163714
0.163519
0.163331
0.163151
0.162979
0.162813
0.162654
0.162501
0.162354
0.162214
0.162078
0.161948
0.161824
0.161704
0.161589
0.161479
0.161373
0.161271
0.161174
0.16108
0.16099
0.160904
0.160821
0.160741
0.160665
0.160592
0.160521
0.160454
0.160389
0.160326
0.160267
0.160209
0.160154
0.160101
0.16005
0.160002
0.159955
0.15991
0.159867
0.159825
0.159785
0.159747
0.159711
0.159675
0.159642
0.159609
0.159578
0.159548
0.159519
0.159492
0.159465
0.15944
0.159416
0.159392
0.15937
0.159348
0.159327
0.159308
0.159288
0.15927
0.159252
0.159236
0.159219
0.159204
0.159189
0.159174
0.159161
0.159147
0.159135
0.159123
0.159111
0.1591
0.159089
0.159078
0.159069
0.159059
0.15905
0.159041
0.159033
0.159024
0.159017
0.159009
0.159002
0.158995
0.158988
0.158982
0.158976
0.15897
0.158964
0.158959
0.158954
0.158949
0.158944
0.158939
0.158935
0.158931
0.158927
0.158923
0.158919
0.158915
0.158912
0.158909
0.158905
0.158902
0.158899
0.158897
0.158894
0.158891
0.158889
0.158886
0.158884
0.158882
0.15888
0.158878
0.158876
0.158874
0.158872
0.15887
0.158869
0.158867
0.158865
0.158864
0.158863
0.158861
0.15886
0.158859
0.158857
0.158856
0.158855
0.158854
0.158853
0.158852
0.158851
0.15885
0.158849
0.158849
0.158848
0.158847
0.158846
0.158845
0.158845
0.158844
0.158843
0.158843
0.158843
0.158843
0.158843
0.158843
0.158843
0.158843
0.158843
0.158843
0.158843
0.158843
0.158843
0.158843
0.158843
0.158843
0.158843
0.158843
0.158843
0.158843
0.158843
0.158843
0.158843
0.158843
0.158843
0.158843
0.158843
0.158843
0.158843
0.158843
0.158843
0.158843
0.158843
0.158843
0.158843
0.158843
0.158843
0.158843
0.158843
0.158843
0.158843
0.158843
0.158843
0.158843
0.158843
0.158843
0.158843
0.158843
0.158843
0.158843
0.158843
0.158843
0.158843
0.158843
0.158843
0.158843
0.158843
0.158843
0.158843
0.158843
0.158843
0.154986
0.147732
0.13743
0.125751
0.114034
0.102282
0.090498
0.078687
0.066852
0.054997
0.043125
0.03124
0.019345
0.011513
0.011513
0.011513
0.011513
0.011513
0.011513
0.011513
0.011513
0.017463
0.023174
0.028655
0.033915
0.038963
0.043806
0.048454
0.052914
0.057193
0.061299
0.065239
0.069018
0.072645
0.076125
0.079463
0.082667
0.08574
0.088689
0.091518
0.094232
0.096837
0.099336
0.101734
0.104034
0.106242
0.10836
0.110393
0.112343
0.114214
0.11601
0.117733
0.119386
0.120972
0.122495
0.123956
0.125358
0.126703
0.127994
0.129233
0.130422
0.131563
0.132658
0.133709
0.134718
0.135686
0.136615
0.137506
0.138362
0.139183
0.139971
0.140728
0.141454
0.142151
0.14282
0.143462
0.144078
0.144669
0.145237
0.145781
0.146304
0.146806
0.147288
0.14775
0.148194
0.14862
0.149029
0.149422
0.149798
0.15016
0.150507
0.15084
0.15116
0.151467
0.151762
0.152045
0.152316
0.152577
0.152827
0.153067
0.153298
0.153519
0.153732
0.153936
0.154131
0.154319
0.1545
0.154673
0.154839
0.154999
0.155152
0.155299
0.15544
0.155576
0.155706
0.15583
0.15595
0.156065
0.156176
0.156282
0.156384
0.156481
0.156575
0.156665
0.156752
0.156835
0.156914
0.156991
0.157064
0.157135
0.157202
0.157267
0.157329
0.157389
0.157447
0.157502
0.157555
0.157606
0.157654
0.157701
0.157746
0.157789
0.157831
0.157871
0.157909
0.157945
0.157981
0.158014
0.158047
0.158078
0.158108
0.158136
0.158164
0.15819
0.158216
0.15824
0.158264
0.158286
0.158308
0.158328
0.158348
0.158367
0.158385
0.158403
0.15842
0.158436
0.158451
0.158466
0.158481
0.158494
0.158508
0.15852
0.158533
0.158544
0.158555
0.158566
0.158576
0.158586
0.158596
0.158605
0.158614
0.158622
0.15863
0.158638
0.158645
0.158653
0.158659
0.158666
0.158672
0.158678
0.158684
0.15869
0.158695
0.1587
0.158705
0.15871
0.158714
0.158719
0.158723
0.158727
0.158731
0.158735
0.158738
0.158742
0.158745
0.158748
0.158751
0.158754
0.158757
0.158759
0.158762
0.158764
0.158767
0.158769
0.158771
0.158773
0.158775
0.158777
0.158779
0.158781
0.158782
0.158784
0.158786
0.158787
0.158789
0.15879
0.158791
0.158792
0.158794
0.158795
0.158796
0.158797
0.158798
0.158799
0.1588
0.158801
0.158823
0.157738
0.154099
0.149113
0.14279
0.134787
0.126799
0.118612
0.110488
0.102559
0.094844
0.087362
0.079782
0.072007
0.063835
0.055656
0.047383
0.039507
0.042521
0.045865
0.049375
0.053048
0.056884
0.060881
0.065036
0.065036
0.065036
0.065036
0.065036
0.065036
0.065036
0.065088
0.065351
0.065784
0.066386
0.067158
0.068098
0.069207
0.070483
0.071927
0.073538
0.075315
0.077257
0.079363
0.081632
0.084063
0.086655
0.089405
0.092312
0.095374
0.098589
0.101955
0.10547
0.109129
0.112931
0.116871
0.120946
0.125153
0.129487
0.133943
0.133943
0.133943
0.133943
0.133943
0.133943
0.133943
0.133943
0.133943
0.134098
0.134409
0.134874
0.135495
0.136269
0.137196
0.138276
0.139508
0.140889
0.14242
0.144098
0.145922
0.147891
0.150001
0.15225
0.154637
0.157159
0.159812
0.162593
0.1655
0.168527
0.171672
0.174929
0.178295
0.181764
0.185331
0.18899
0.192736
0.196561
0.20046
0.204424
0.208446
-0.212519
-0.216633
-0.219687
-0.220934
-0.220934
-0.220934
-0.220934
-0.220934
-0.220934
-0.220934
-0.220946
-0.220942
-0.220923
-0.220892
-0.220849
-0.220797
-0.220736
-0.220668
-0.220594
-0.220515
-0.220431
-0.220344
-0.220253
-0.220161
-0.220066
-0.219971
-0.219874
-0.219777
-0.21968
-0.219584
-0.219487
-0.219392
-0.219298
-0.219204
-0.219112
-0.219022
-0.218933
-0.218846
-0.218761
-0.218677
-0.218595
-0.218515
-0.218438
-0.218362
-0.218288
-0.218216
-0.218146
-0.218078
-0.218012
-0.217948
-0.217886
-0.217825
-0.217767
-0.21771
-0.217656
-0.217603
-0.217551
-0.217502
-0.217696
-0.21805
-0.218545
-0.219058
-0.219528
-0.219931
-0.220266
-0.220535
-0.220737
-0.220871
-0.220938
-0.220938
-0.220934
-0.220934
-0.220934
-0.220934
-0.220934
-0.220934
-0.220934
-0.220934
-0.220934
-0.220934
-0.220934
-0.220934
-0.220934
-0.220934
-0.220934
-0.220934
-0.220934
-0.220934
-0.220934
-0.220934
-0.220934
-0.220934
-0.220934
-0.220934
-0.221051
-0.221285
-0.221635
-0.222101
-0.222682
-0.223376
-0.224183
-0.2251
-0.226126
-0.227259
-0.228496
-0.229835
-0.231273
-0.232807
-0.234433
-0.236148
-0.237948
-0.239828
-0.241784
-0.243811
-0.245904
-0.248057
-0.250264
-0.25252
-0.254818
-0.25715
-0.259509
-0.261889
-0.26428
-0.266674
-0.269063
-0.271339
-0.271339
-0.271339
-0.271339
-0.271339
-0.271339
-0.271339
-0.271339
-0.271411
-0.271557
-0.271774
-0.272063
-0.272421
-0.272848
-0.273342
-0.273901
-0.274523
-0.275206
-0.275945
-0.27674
-0.277584
-0.278477
-0.279412
-0.280387
-0.281395
-0.282433
-0.283495
-0.284576
-0.285669
-0.286768
-0.287868
-0.28896
-0.290037
-0.290202
-0.290202
-0.290202
-0.290202
-0.290202
-0.290202
-0.290202
-0.290202
-0.290202
-0.290202
-0.290202
-0.290202
-0.290202
-0.290202
-0.290202
-0.290202
-0.290202
-0.290202
-0.290202
-0.290202
-0.290202
-0.290202
-0.290202
-0.290202
-0.290203
-0.290249
-0.290338
-0.290467
-0.290636
-0.290843
-0.291086
-0.291365
-0.291676
-0.292018
-0.292388
-0.292782
-0.293198
-0.293631
-0.294078
-0.294535
-0.294996
-0.295458
-0.295915
-0.296361
-0.29679
-0.297197
-0.297529
-0.297559
-0.297559
-0.297559
-0.297559
-0.297559
-0.297559
-0.297559
-0.297559
-0.297561
-0.297583
-0.297621
-0.297673
-0.29774
-0.297818
-0.297908
-0.298006
-0.298111
-0.293024
-0.288047
-0.283168
-0.278372
-0.273645
-0.268975
-0.26435
-0.259758
-0.255187
-0.250628
-0.246068
-0.241498
-0.236909
-0.232291
-0.227635
-0.222933
-0.218176
-0.213357
-0.208468
-0.203502
-0.198452
-0.193312
-0.190498
-0.187793
-0.185195
-0.182699
-0.180301
-0.177997
-0.175785
-0.173659
-0.171617
-0.169656
-0.167772
-0.165963
-0.164225
-0.162556
-0.160953
-0.159414
-0.157936
-0.156516
-0.155153
-0.153843
-0.152586
-0.151379
-0.15029
-0.149352
-0.148552
-0.147891
-0.147366
-0.146977
-0.146721
-0.146598
-0.146605
-0.146741
-0.147003
-0.14739
-0.147897
-0.148524
-0.149268
-0.150125
-0.151092
-0.152166
-0.153344
-0.154622
-0.155997
-0.155552
-0.155126
-0.154716
-0.154323
-0.153945
-0.153583
-0.153235
-0.152901
-0.15258
-0.152272
-0.151979
-0.151803
-0.151728
-0.151755
-0.151882
-0.152109
-0.152435
-0.152859
-0.153379
-0.153548
-0.153356
-0.153171
-0.152994
-0.152823
-0.15266
-0.152503
-0.152352
-0.152208
-0.152069
-0.151936
-0.151808
-0.151685
-0.151567
-0.151454
-0.151345
-0.151241
-0.15114
-0.151044
-0.150952
-0.150863
-0.150778
-0.150696
-0.150618
-0.150543
-0.15047
-0.150401
-0.150334
-0.15027
-0.150209
-0.15015
-0.150093
-0.150039
-0.149987
-0.149937
-0.149889
-0.149842
-0.149798
-0.149755
-0.149715
-0.149675
-0.149638
-0.149602
-0.149567
-0.149533
-0.149502
-0.149471
-0.149441
-0.149413
-0.149386
-0.14936
-0.149335
-0.149311
-0.149288
-0.149265
-0.149244
-0.149224
-0.149204
-0.149185
-0.149167
-0.14915
-0.149133
-0.149117
-0.149102
-0.149087
-0.149073
-0.149059
-0.149046
-0.149034
-0.149022
-0.14901
-0.148999
-0.148988
-0.148978
-0.148968
-0.148959
-0.14895
-0.148941
-0.148933
-0.148925
-0.148917
-0.14891
-0.148903
-0.148896
-0.148889
-0.148883
-0.148877
-0.148871
-0.148866
-0.14886
-0.148855
-0.14885
-0.148846
-0.148841
-0.148837
-0.148833
-0.148829
-0.148825
-0.148821
-0.148817
-0.148814
-0.148811
-0.148808
-0.148805
-0.148802
-0.148799
-0.148796
-0.148794
-0.148791
-0.148789
-0.148787
-0.148784
-0.148782
-0.14878
-0.148778
-0.148776
-0.148775
-0.148773
-0.148771
-0.14877
-0.148768
-0.148767
-0.148765
-0.148764
-0.148763
-0.148761
-0.14876
-0.148759
-0.148758
-0.148757
-0.148756
-0.148755
-0.148754
-0.148753
-0.148752
-0.148751
-0.14875
-0.14875
-0.148749
-0.148748
-0.148748
-0.148748
-0.148748
-0.148748
-0.148748
-0.148748
-0.148748
-0.148749
-0.147307
-0.141826
-0.131157
-0.119187
-0.10735
-0.09567
-0.084171
-0.072875
-0.061805
-0.050985
-0.040439
-0.030189
-0.020259
-0.010672
-0.01293
-0.01293
-0.01293
-0.01293
-0.01293
-0.01293
-0.01293
-0.01293
-0.01293
-0.01293
-0.01293
-0.01293
-0.01293
-0.013104
-0.013451
-0.013972
-0.014667
-0.015535
-0.016576
-0.017791
-0.019179
-0.020741
-0.022475
-0.024381
-0.02646
-0.02871
-0.031132
-0.033724
-0.036487
-0.039418
-0.042518
-0.045785
-0.049218
-0.052815
-0.056575
-0.060497
-0.064577
-0.068813
-0.073204
-0.077746
-0.082435
-0.08727
-0.092244
-0.097355
-0.102598
-0.107967
-0.113458
-0.119063
-0.124777
-0.130593
-0.136502
-0.142498
-0.148572
-0.154714
-0.160914
-0.167163
-0.173448
-0.179759
-0.186082
-0.192406
-0.198715
-0.204996
-0.204996
-0.204996
-0.204996
-0.204996
-0.204996
-0.204996
-0.205642
-0.206247
-0.206814
-0.207346
-0.207845
-0.208314
-0.208753
-0.209166
-0.209555
-0.209919
-0.210262
-0.210585
-0.210888
-0.211174
-0.211443
-0.211696
-0.211935
-0.21216
-0.212373
-0.212573
-0.212762
-0.212941
-0.213109
-0.213269
-0.213419
-0.213562
-0.213697
-0.213824
-0.213945
-0.21406
-0.214168
-0.214271
-0.214368
-0.214461
-0.214548
-0.214631
-0.21471
-0.214785
-0.214857
-0.214924
-0.214989
-0.21505
-0.215108
-0.215164
-0.215193
-0.215198
-0.215182
-0.215144
-0.215088
-0.215013
-0.214919
-0.214807
-0.214676
-0.214526
-0.214355
-0.21442
-0.214483
-0.214544
-0.214601
-0.214656
-0.214709
-0.21476
-0.214808
-0.214855
-0.214899
-0.214942
-0.214983
-0.215022
-0.21506
-0.215096
-0.21513
-0.215163
-0.215195
-0.215225
-0.215254
-0.215282
-0.215309
-0.215335
-0.215359
-0.215383
-0.215406
-0.215427
-0.215448
-0.215468
-0.215487
-0.215506
-0.215523
-0.21554
-0.215556
-0.215572
-0.215587
-0.215601
-0.215615
-0.215628
-0.215641
-0.215653
-0.215664
-0.215676
-0.215686
-0.215697
-0.215706
-0.215716
-0.215725
-0.215734
-0.215742
-0.21575
-0.215758
-0.215765
-0.215772
-0.215779
-0.215785
-0.215792
-0.215798
-0.215804
-0.215809
-0.215814
-0.21582
-0.215824
-0.215829
-0.215834
-0.215838
-0.215842
-0.215846
-0.21585
-0.215854
-0.215857
-0.216346
-0.217445
-0.218478
-0.219444
-0.220343
-0.221175
-0.22194
-0.222637
-0.223267
-0.223828
-0.224321
-0.224746
-0.225102
-0.225148
-0.225148
-0.225148
-0.225148
-0.225148
-0.225148
-0.225148
-0.224984
-0.22481
-0.224628
-0.224439
-0.224246
-0.224048
-0.223848
-0.223646
-0.223444
-0.22324
-0.223038
-0.222836
-0.222636
-0.222438
-0.222243
-0.22205
-0.22186
-0.221673
-0.22149
-0.221311
-0.221135
-0.220964
-0.220796
-0.220633
-0.220473
-0.220318
-0.220167
-0.22002
-0.219877
-0.219738
-0.219604
-0.219473
-0.219346
-0.219224
-0.219105
-0.21899
-0.218878
-0.218771
-0.218666
-0.218566
-0.218468
-0.218374
-0.218283
-0.218196
-0.218111
-0.21849
-0.219377
-0.220281
-0.221118
-0.221887
-0.222589
-0.223224
-0.22379
-0.224288
-0.224718
-0.225079
-0.225148
-0.225148
-0.225148
-0.225148
-0.225148
-0.225148
-0.225148
-0.225148
-0.225148
-0.224984
-0.22481
-0.224628
-0.224439
-0.224246
-0.224048
-0.223848
-0.223646
-0.223444
-0.22324
-0.223038
-0.222836
-0.222636
-0.222438
-0.222243
-0.22205
-0.22186
-0.221673
-0.22149
-0.221311
-0.221135
-0.220964
-0.220796
-0.220633
-0.220473
-0.220318
-0.220167
-0.22002
-0.219877
-0.219738
-0.219604
-0.219473
-0.219346
-0.219224
-0.219105
-0.21899
-0.218878
-0.218771
-0.218666
-0.218566
-0.218468
-0.218374
-0.218394
-0.218725
-0.219365
-0.22027
-0.221108
-0.221878
-0.222581
-0.223216
-0.223783
-0.224282
-0.224713
-0.225075
-0.225148
-0.225148
-0.225148
-0.225148
-0.225148
-0.225148
-0.225148
-0.225148
-0.225148
-0.225148
-0.225148
-0.225148
-0.225148
-0.225148
-0.225148
-0.225148
-0.224984
-0.22481
-0.224628
-0.224439
-0.224246
-0.224048
-0.223848
-0.223646
-0.223444
-0.22324
-0.223038
-0.222836
-0.222636
-0.222438
-0.222243
-0.22205
-0.22186
-0.221673
-0.22149
-0.221311
-0.221135
-0.220964
-0.220796
-0.220633
-0.220473
-0.220318
-0.220167
-0.22002
-0.219877
-0.219738
-0.219604
-0.219473
-0.219346
-0.219224
-0.219105
-0.21899
-0.218878
-0.218771
-0.218666
-0.218566
-0.218468
-0.218374
-0.218685
-0.219459
-0.220399
-0.221395
-0.222435
-0.223547
-0.22476
-0.226099
-0.227594
-0.229269
-0.231151
-0.232526
-0.233831
-0.235231
-0.236725
-0.238307
-0.239976
-0.241725
-0.243552
-0.245451
-0.247418
-0.249447
-0.251532
-0.253669
-0.25585
-0.258069
-0.260318
-0.262591
-0.26488
-0.267177
-0.269472
-0.271758
-0.274025
-0.276263
-0.278463
-0.280613
-0.282704
-0.284723
-0.286659
-0.288501
-0.290236
-0.291851
-0.293333
-0.294669
-0.295846
-0.296848
-0.297663
-0.298275
-0.29867
-0.298832
-0.298748
-0.298402
-0.298402
-0.292474
-0.286762
-0.281259
-0.27596
-0.270857
-0.265944
-0.261215
-0.256664
-0.252281
-0.248018
-0.243869
-0.239821
-0.235863
-0.231982
-0.228169
-0.224413
-0.220703
-0.217029
-0.213383
-0.209754
-0.206916
-0.204188
-0.201567
-0.199048
-0.196628
-0.194302
-0.192068
-0.189922
-0.187859
-0.185878
-0.183975
-0.182147
-0.180391
-0.183088
-0.189561
-0.199243
-0.21148
-0.223969
-0.236556
-0.249076
-0.261505
-0.273819
-0.285991
-0.298034
-0.298144
-0.298258
-0.29837
-0.29848
-0.298581
-0.298672
-0.298747
-0.298802
-0.298802
-0.298802
-0.298802
-0.293105
-0.287616
-0.282327
-0.277232
-0.272326
-0.267601
-0.263054
-0.258676
-0.254463
-0.250409
-0.246509
-0.242757
-0.239148
-0.235677
-0.232338
-0.229128
-0.226042
-0.223075
-0.220222
-0.21748
-0.214844
-0.212311
-0.209876
-0.207536
-0.205288
-0.203127
-0.201051
-0.199056
-0.19714
-0.195298
-0.193529
-0.19183
-0.190197
-0.188629
-0.187122
-0.185675
-0.184285
-0.18295
-0.181668
-0.180436
-0.179253
-0.178117
-0.177026
-0.175978
-0.174972
-0.174006
-0.173077
-0.172186
-0.17133
-0.170509
-0.169719
-0.168962
-0.168234
-0.167535
-0.166864
-0.16622
-0.165601
-0.165007
-0.164437
-0.163889
-0.163363
-0.162858
-0.162373
-0.161908
-0.161461
-0.161032
-0.16062
-0.160224
-0.159844
-0.15948
-0.15913
-0.158793
-0.158471
-0.158161
-0.157863
-0.157578
-0.157303
-0.15704
-0.156787
-0.156545
-0.156312
-0.156088
-0.155873
-0.155667
-0.155469
-0.155279
-0.155096
-0.154921
-0.154753
-0.154592
-0.154437
-0.154288
-0.154145
-0.154008
-0.153876
-0.15375
-0.153628
-0.153512
-0.1534
-0.153292
-0.153189
-0.15309
-0.152995
-0.152904
-0.152816
-0.152732
-0.152652
-0.152574
-0.1525
-0.152428
-0.15236
-0.152294
-0.152231
-0.15217
-0.152112
-0.152056
-0.152002
-0.151951
-0.151901
-0.151854
-0.151808
-0.151764
-0.151722
-0.151682
-0.151643
-0.151606
-0.15157
-0.151536
-0.151503
-0.151471
-0.151441
-0.151412
-0.151384
-0.151357
-0.151331
-0.151306
-0.151283
-0.15126
-0.151238
-0.151217
-0.151197
-0.151177
-0.151159
-0.151141
-0.151124
-0.151107
-0.151092
-0.151076
-0.151062
-0.151048
-0.151034
-0.151021
-0.151009
-0.150997
-0.150986
-0.150975
-0.150964
-0.150954
-0.150944
-0.150935
-0.150926
-0.150918
-0.150909
-0.150901
-0.150894
-0.150887
-0.15088
-0.150873
-0.150866
-0.15086
-0.150854
-0.150849
-0.150843
-0.150838
-0.150833
-0.150828
-0.150823
-0.150819
-0.150815
-0.15081
-0.150806
-0.150803
-0.150799
-0.150795
-0.150792
-0.150789
-0.150786
-0.150783
-0.15078
-0.150777
-0.150775
-0.150772
-0.15077
-0.150767
-0.150765
-0.150763
-0.150761
-0.150759
-0.150757
-0.150755
-0.150753
-0.150752
-0.15075
-0.150748
-0.150747
-0.150745
-0.150744
-0.150743
-0.150741
-0.15074
-0.150739
-0.150738
-0.150737
-0.150736
-0.150735
-0.150734
-0.150733
-0.150732
-0.150731
-0.15073
-0.15073
-0.150729
-0.150728
-0.150727
-0.150727
-0.150727
-0.150727
-0.150727
-0.150727
-0.150727
-0.150727
-0.150727
-0.150727
-0.150727
-0.150727
-0.150727
-0.150727
-0.150727
-0.150727
-0.150727
-0.150727
-0.150727
-0.150727
-0.154797
-0.159752
-0.165332
-0.171534
-0.178097
-0.186034
-0.195014
-0.204381
-0.213873
-0.223459
-0.232879
-0.242351
-0.251735
-0.260896
-0.270042
-0.279035
-0.287854
-0.296473
-0.298619
-0.298516
-0.298384
-0.298217
-0.298012
-0.297763
-0.297464
-0.297111
-0.296696
-0.296214
-0.295658
-0.295021
-0.294296
-0.293476
-0.292554
-0.291521
-0.290369
-0.286382
-0.282534
-0.278822
-0.275241
-0.271788
-0.268459
-0.26525
-0.262158
-0.25918
-0.256305
-0.253539
-0.250886
-0.248348
-0.245929
-0.24363
-0.241451
-0.239394
-0.237457
-0.235641
-0.233944
-0.232364
-0.2309
-0.229548
-0.228307
-0.227172
-0.22614
-0.225207
-0.224368
-0.22362
-0.222956
-0.222372
-0.221863
-0.221023
-0.220215
-0.219438
-0.218692
-0.217974
-0.217285
-0.216622
-0.215985
-0.215373
-0.214784
-0.214219
-0.213676
-0.213154
-0.212653
-0.212171
-0.211708
-0.211263
-0.210836
-0.210426
-0.210031
-0.209653
-0.209289
-0.20894
-0.208604
-0.208282
-0.207972
-0.207675
-0.207389
-0.207114
-0.206835
-0.206543
-0.206239
-0.205881
-0.205489
-0.205061
-0.204595
-0.204089
-0.203541
-0.202947
-0.202305
-0.201613
-0.200867
-0.200064
-0.199202
-0.198277
-0.205048
-0.211991
-0.219122
-0.226462
-0.234027
-0.241833
-0.249895
-0.258227
-0.266843
-0.275752
-0.284965
-0.294144
-0.294968
-0.295738
-0.296445
-0.297079
-0.297632
-0.298093
-0.298453
-0.298699
-0.298823
-0.298813
-0.298813
-0.298813
-0.293133
-0.287659
-0.282385
-0.277305
-0.272413
-0.267702
-0.263167
-0.258802
-0.254601
-0.250558
-0.246669
-0.242927
-0.239328
-0.235867
-0.232538
-0.229337
-0.226259
-0.2233
-0.220455
-0.217721
-0.215092
-0.212566
-0.210138
-0.207804
-0.205562
-0.203407
-0.201337
-0.199347
-0.197436
-0.195599
-0.193835
-0.19214
-0.190512
-0.188948
-0.187445
-0.18597
-0.184464
-0.182938
-0.181388
-0.179808
-0.178195
-0.176543
-0.174849
-0.173108
-0.171315
-0.169467
-0.168509
-0.167589
-0.166705
-0.165857
-0.165042
-0.16426
-0.163509
-0.162787
-0.162095
-0.16143
-0.160791
-0.160178
-0.159589
-0.159024
-0.158481
-0.15796
-0.157459
-0.156979
-0.156517
-0.156074
-0.155649
-0.155241
-0.154849
-0.154473
-0.154111
-0.153764
-0.153431
-0.153111
-0.152804
-0.152509
-0.152226
-0.151955
-0.151694
-0.151443
-0.151203
-0.150972
-0.15075
-0.150537
-0.150333
-0.150137
-0.149858
-0.149495
-0.149047
-0.148514
-0.147893
-0.147185
-0.146388
-0.1455
-0.144519
-0.143445
-0.142275
-0.141007
-0.13964
-0.139524
-0.139413
-0.139306
-0.139203
-0.139105
-0.13901
-0.138919
-0.138832
-0.138748
-0.138668
-0.138591
-0.138517
-0.138445
-0.138377
-0.138312
-0.138249
-0.138188
-0.13813
-0.138074
-0.138021
-0.13797
-0.13792
-0.137873
-0.137828
-0.137784
-0.137742
-0.137702
-0.137663
-0.137626
-0.137591
-0.137556
-0.137524
-0.137492
-0.137462
-0.137433
-0.137405
-0.137378
-0.137353
-0.137328
-0.137304
-0.137282
-0.13726
-0.137239
-0.137219
-0.137199
-0.137181
-0.137163
-0.137146
-0.13713
-0.137114
-0.133943
-0.126773
-0.116409
-0.104507
-0.091726
-0.078641
-0.065688
-0.052888
-0.040263
-0.027835
-0.015625
-0.003656
0.008052
0.019476
0.018871
0.016788
0.014531
0.0121
0.009494
0.006713
0.003758
0.000629
-0.002674
-0.006151
-0.009801
-0.013622
-0.017615
-0.021779
-0.026111
-0.028693
-0.028693
-0.028693
-0.028693
-0.028693
-0.028693
-0.028866
-0.029212
-0.029731
-0.030423
-0.031288
-0.032325
-0.033535
-0.034916
-0.03647
-0.038195
-0.040091
-0.042157
-0.044393
-0.046799
-0.049373
-0.052114
-0.055021
-0.058094
-0.061331
-0.06473
-0.068289
-0.072007
-0.075881
-0.079909
-0.084089
-0.088417
-0.092889
-0.097503
-0.106136
-0.114485
-0.122551
-0.130334
-0.137834
-0.140512
-0.143076
-0.145531
-0.147883
-0.150134
-0.152291
-0.154356
-0.156334
-0.158229
-0.160045
-0.161783
-0.163449
-0.165046
-0.166575
-0.16804
-0.169445
-0.17079
-0.17208
-0.173316
-0.174501
-0.175637
-0.176725
-0.177769
-0.178769
-0.179728
-0.180647
-0.181529
-0.182374
-0.183185
-0.183962
-0.184707
-0.185422
-0.186107
-0.186765
-0.187395
-0.188
-0.18858
-0.189136
-0.18967
-0.190182
-0.190673
-0.191144
-0.191596
-0.192029
-0.192445
-0.19423
-0.197489
-0.20284
-0.208647
-0.214546
-0.220437
-0.226343
-0.232289
-0.2383
-0.244398
-0.250607
-0.256949
-0.263446
-0.270118
-0.276987
-0.280455
-0.281404
-0.282387
-0.283396
-0.284428
-0.285477
-0.285477
-0.285477
-0.285477
-0.285477
-0.285477
-0.285477
-0.285522
-0.285621
-0.285771
-0.28597
-0.286218
-0.286513
-0.286854
-0.287238
-0.287663
-0.288126
-0.288624
-0.289155
-0.289715
-0.2903
-0.290905
-0.291527
-0.29216
-0.2928
-0.29344
-0.294076
-0.294701
-0.29531
-0.295894
-0.296448
-0.296964
-0.297434
-0.297851
-0.298205
-0.29849
-0.298695
-0.298812
-0.298831
-0.298742
-0.298537
-0.298203
-0.297732
-0.297111
-0.296332
-0.295381
-0.294249
-0.292923
-0.291393
-0.289646
-0.287672
-0.285458
-0.282994
-0.280267
-0.277266
-0.277266
-0.277266
-0.277266
-0.277266
-0.277266
-0.277266
-0.277266
-0.277266
-0.277266
-0.277266
-0.277266
-0.277266
-0.277266
-0.277266
-0.277266
-0.277266
-0.269765
-0.262544
-0.255595
-0.248908
-0.242475
-0.236287
-0.230335
-0.224611
-0.219107
-0.213815
-0.208727
-0.205846
-0.199925
-0.191273
-0.180196
-0.166987
-0.152934
-0.13836
-0.123422
-0.108293
-0.093133
-0.077947
-0.062738
-0.047338
-0.031925
-0.016502
-0.001074
0.014354
0.029779
0.045194
0.060596
0.07598
0.091342
0.106677
0.111474
0.111474
0.111474
0.111474
0.111474
0.111474
0.111474
0.111474
0.111474
0.111474
0.111474
0.111474
0.111474
0.111474
0.111474
0.111474
0.111313
0.11099
0.110506
0.109859
0.109051
0.108079
0.106943
0.105644
0.104179
0.102547
0.100749
0.098782
0.096646
0.09434
0.091862
0.089211
0.086386
0.083386
0.080209
0.076854
0.07332
0.069606
0.065712
0.061635
0.057376
0.052933
0.048307
0.043497
0.038503
0.033325
0.027964
0.027964
0.027964
0.027964
0.027964
0.027964
0.027964
0.027964
0.027791
0.027445
0.026926
0.026233
0.025367
0.024328
0.023115
0.021728
0.020167
0.018433
0.016524
0.01444
0.012182
0.00975
0.007143
0.004362
0.001407
-0.001723
-0.005026
-0.008502
-0.018088
-0.02746
-0.03662
-0.045572
-0.054318
-0.062862
-0.071204
-0.079347
-0.087292
-0.09504
-0.10259
-0.109943
-0.117098
-0.124053
-0.130808
-0.137359
-0.143704
-0.14984
-0.155764
-0.161471
-0.166956
-0.172215
-0.177242
-0.182032
-0.186577
-0.190871
-0.194908
-0.19868
-0.202178
-0.205396
-0.205773
-0.206133
-0.206478
-0.206807
-0.207123
-0.207425
-0.207714
-0.207991
-0.208256
-0.20851
-0.208753
-0.208986
-0.209208
-0.209422
-0.209626
-0.209822
-0.21001
-0.21019
-0.210362
-0.210527
-0.210685
-0.210837
-0.210982
-0.211121
-0.211255
-0.211383
-0.211506
-0.211623
-0.210941
-0.208842
-0.206329
-0.203752
-0.201113
-0.198413
-0.195653
-0.192833
-0.189954
-0.178661
-0.167678
-0.157
-0.149047
-0.141957
-0.135144
-0.128596
-0.122305
-0.11626
-0.110453
-0.104874
-0.094913
-0.078094
-0.061251
-0.044389
-0.027514
-0.010631
0.006256
0.023141
0.040019
0.056884
0.07265
0.088494
0.104406
0.120372
0.136382
0.152426
0.168492
0.184571
0.200654
0.216732
0.230881
0.232637
0.226047
0.219761
0.213771
0.20731
0.2003
0.193559
0.187079
0.18085
0.174863
0.169108
0.163579
0.158265
0.153159
0.148253
0.14354
0.139012
0.134662
0.122795
0.106027
0.089227
0.072399
0.055549
0.038682
0.03146
0.031387
0.031317
0.03125
0.031186
0.031124
0.031065
0.031008
0.030953
0.030901
0.030851
0.030802
0.016014
-0.000872
-0.017758
-0.034639
-0.051509
-0.068363
-0.085196
-0.102004
-0.11878
-0.13552
-0.152219
-0.168872
-0.180379
-0.180379
-0.180379
-0.180379
-0.180379
-0.180379
-0.181916
-0.183379
-0.184771
-0.186096
-0.187358
-0.188559
-0.189704
-0.190794
-0.191833
-0.192823
-0.193767
-0.194668
-0.191826
-0.188927
-0.18597
-0.182956
-0.172076
-0.164093
-0.156419
-0.149042
-0.141952
-0.135139
-0.128591
-0.122299
-0.116255
-0.110448
-0.104869
-0.09951
-0.094363
-0.089418
-0.08467
-0.080109
-0.07573
-0.071524
-0.067484
-0.063606
-0.059881
-0.056305
-0.052871
-0.049574
-0.046408
-0.043368
-0.04045
-0.037647
-0.034957
-0.032374
-0.029894
-0.027513
-0.025227
-0.023033
-0.020926
-0.018903
-0.016961
-0.015097
-0.013307
-0.011589
-0.00994
-0.006258
0.010629
0.027512
0.044387
0.060141
0.07598
0.09189
0.107861
0.12388
0.139937
0.156021
0.172124
0.188234
0.204345
0.222288
0.234377
0.235989
0.237529
0.23826
0.230068
0.222186
0.214606
0.207315
0.200305
0.193564
0.187084
0.180855
0.174868
0.169114
0.163584
0.15827
0.153164
0.148258
0.143545
0.139017
0.134667
0.130489
0.126475
0.12262
0.118917
0.115361
0.111945
0.108665
0.092558
0.075736
0.057778
0.03978
0.021754
0.003712
-0.014336
-0.032381
-0.050412
-0.06842
-0.086397
-0.100891
-0.11507
-0.129081
-0.128224
-0.121946
-0.115915
-0.110121
-0.104555
-0.099209
-0.109013
-0.125775
-0.142498
-0.160681
-0.178796
-0.184765
-0.18609
-0.187352
-0.188554
-0.189699
-0.190789
-0.191828
-0.192819
-0.193763
-0.194663
-0.195522
-0.196341
-0.197122
-0.197868
-0.19858
-0.199259
-0.199908
-0.200527
-0.201118
-0.201684
-0.202223
-0.202802
-0.203416
-0.20406
-0.20473
-0.205422
-0.206131
-0.206854
-0.207588
-0.208327
-0.209068
-0.209807
-0.21054
-0.211264
-0.211974
-0.212665
-0.213334
-0.213977
-0.214588
-0.215164
-0.215699
-0.215734
-0.215767
-0.215797
-0.215827
-0.215854
-0.215881
-0.215906
-0.215929
-0.215952
-0.215973
-0.215993
-0.216013
-0.216031
-0.216048
-0.216065
-0.216081
-0.216096
-0.21611
-0.216123
-0.216136
-0.216148
-0.21616
-0.216171
-0.216181
-0.21619
-0.216198
-0.216207
-0.216216
-0.216225
-0.216233
-0.216241
-0.216248
-0.216255
-0.216262
-0.216268
-0.216274
-0.21628
-0.216286
-0.216291
-0.216296
-0.216301
-0.216306
-0.21631
-0.216315
-0.216319
-0.216323
-0.216327
-0.21633
-0.216334
-0.216337
-0.21634
-0.216343
-0.216346
-0.216349
-0.216351
-0.216354
-0.216356
-0.216359
-0.216361
-0.216363
-0.216365
-0.216367
-0.216369
-0.216375
-0.216383
-0.216394
-0.216407
-0.21642
-0.216432
0.216441
0.216447
0.216447
0.216439
0.216421
0.21639
0.216388
0.216386
0.216384
0.216382
0.216381
0.216379
0.216377
0.216376
0.216374
0.216372
0.216368
0.21636
0.216346
0.216329
0.216304
0.216272
0.216231
0.21618
0.216116
0.216039
0.215944
0.21583
0.215694
0.215534
0.215345
0.215124
0.214869
0.214575
0.214238
0.213854
0.213418
0.212927
0.212379
0.211761
0.211297
0.211293
0.211289
0.211285
0.211281
0.211278
0.211274
0.211271
0.211268
0.211265
0.211262
0.211259
0.211256
0.211254
0.211251
0.211249
0.211246
0.211244
0.211242
0.21124
0.211238
0.211236
0.211234
0.211233
0.211231
0.211229
0.211228
0.211226
0.211225
0.211224
0.211222
0.211221
0.21122
0.211219
0.211218
0.211217
0.211216
0.211215
0.211214
0.211213
0.211212
0.211211
0.21121
0.211209
0.211209
0.211206
0.211199
0.211189
0.211175
0.211141
0.211058
0.210946
0.210805
0.210633
0.210429
0.210191
0.209919
0.209918
0.209918
0.209917
0.209917
0.209917
0.209916
0.208875
0.204673
0.200409
0.196021
0.191483
0.186767
0.181845
0.17669
0.171275
0.165573
0.159556
0.153198
0.146473
0.143449
0.141615
0.139621
0.137464
0.135143
0.132656
0.130002
0.127177
0.12418
0.121009
0.117661
0.114136
0.11043
0.106542
0.10247
0.098213
0.098213
0.098213
0.102199
0.106018
0.109678
0.113184
0.116544
0.119763
0.122848
0.125804
0.128637
0.131352
0.133953
0.136447
0.138836
0.141127
0.143322
0.145426
0.147443
0.149376
0.151229
0.153006
0.154709
0.156342
0.157908
0.159409
0.160848
0.162228
0.163552
0.164821
0.166038
0.167205
0.168325
0.169398
0.170428
0.171415
0.172363
0.173191
0.173904
0.174507
0.175003
0.175395
0.175685
0.175876
0.17597
0.175967
0.17587
0.175677
0.175391
0.17501
0.174535
0.173213
0.170611
0.166857
0.160561
0.151576
0.141011
0.129774
0.117943
0.105596
0.09272
0.079185
0.06509
0.054793
0.047172
0.045611
0.050728
0.055637
0.060346
0.064863
0.069197
0.073354
0.077342
0.081023
0.084414
0.087527
0.090374
0.092968
0.095318
0.097435
0.099328
0.101004
0.102472
0.104913
0.107431
0.109846
0.112163
0.114387
0.11652
0.118566
0.12053
0.122413
0.124221
0.125955
0.127589
0.129022
0.130289
0.131393
0.132341
0.133135
0.133779
0.134278
0.134633
0.134848
0.134923
0.134862
0.134665
0.134334
0.133868
0.133269
0.134204
0.135101
0.135962
0.136788
0.137581
0.138342
0.139072
0.139773
0.140446
0.141092
0.141712
0.142307
0.142878
0.143426
0.143952
0.144457
0.144942
0.135834
0.124219
0.112256
0.100106
0.087774
0.075242
0.062493
0.049512
0.036281
0.022787
0.009014
-0.002147
-0.004014
-0.006055
-0.006055
-0.006055
-0.006055
-0.006055
-0.006055
-0.006055
-0.006055
-0.006055
0.000228
0.00626
0.01205
0.017607
0.022941
0.028061
0.032975
0.03769
0.042216
0.046558
0.050726
0.054725
0.058562
0.062245
0.065779
0.069169
0.072423
0.075545
0.078541
0.081416
0.084174
0.086821
0.089361
0.091799
0.094138
0.096382
0.098536
0.100602
0.102586
0.104489
0.106315
0.108068
0.10975
0.111364
0.112913
0.1144
0.115826
0.117195
0.118509
0.11977
0.12098
0.122142
0.123256
0.124326
0.125353
0.126338
0.127284
0.128192
0.129063
0.129899
0.130702
0.131472
0.132212
0.132921
0.133602
0.134256
0.134884
0.135486
0.136064
0.136619
0.137152
0.137663
0.138154
0.138625
0.139077
0.139511
0.140024
0.140616
0.141286
0.142035
0.142861
0.143765
0.144745
0.1458
0.14693
0.148133
0.149408
0.149876
0.15013
0.150375
0.15061
0.150835
0.151052
0.15126
0.151459
0.15165
0.151834
0.15201
0.15218
0.152342
0.152498
0.152648
0.152792
0.15293
0.153062
0.153273
0.15357
0.15395
0.154413
0.154958
0.155584
0.156291
0.157077
0.157262
0.157348
0.157431
0.15751
0.157586
0.157659
0.15773
0.157797
0.157862
0.157924
0.157983
0.15804
0.158095
0.158148
0.158198
0.158247
0.158294
0.158338
0.158381
0.158423
0.158462
0.1585
0.158537
0.158572
0.158605
0.158638
0.158669
0.158698
0.158727
0.158754
0.158781
0.158806
0.15883
0.158853
0.158876
0.158897
0.158918
0.156646
0.148824
0.137605
0.125973
0.114303
0.102599
0.090863
0.079099
0.067311
0.055503
0.043678
0.031839
0.019991
0.012701
0.012701
0.012701
0.012701
0.012701
0.012701
0.012701
0.012701
0.012701
0.012701
0.012701
0.018628
0.024316
0.029776
0.035015
0.040042
0.044867
0.049496
0.053938
0.0582
0.062289
0.066213
0.069978
0.073589
0.077055
0.08038
0.08357
0.086631
0.089567
0.092385
0.095088
0.097682
0.100171
0.102559
0.10485
0.107048
0.109157
0.111182
0.113123
0.114987
0.116775
0.118491
0.120137
0.121717
0.123233
0.124688
0.126084
0.127424
0.128709
0.129943
0.131127
0.132263
0.133354
0.1344
0.135405
0.136368
0.137293
0.138181
0.139033
0.139851
0.140636
0.141389
0.142112
0.142806
0.143472
0.144111
0.144724
0.145313
0.145878
0.146421
0.146942
0.147441
0.146839
0.135241
0.123601
0.111924
0.100212
0.082092
0.064176
0.04647
0.028975
0.011694
-0.005371
-0.022218
-0.031896
-0.036511
-0.04094
-0.04519
-0.049268
-0.053182
-0.050385
-0.039724
-0.02693
-0.014128
-0.001321
0.017412
0.024312
0.029771
0.035011
0.040038
0.044863
0.049492
0.053906
0.058106
0.062104
0.065908
0.069521
0.072955
0.076216
0.07933
0.082263
0.08507
0.088022
0.09086
0.093583
0.096195
0.098702
0.101107
0.103415
0.10563
0.107754
0.109793
0.11175
0.113627
0.115428
0.117156
0.118815
0.120407
0.121934
0.1234
0.124806
0.126156
0.127451
0.128694
0.129887
0.131031
0.13213
0.133184
0.134196
0.135167
0.13609
0.136855
0.137487
0.137988
0.138361
0.138607
0.138728
0.138725
0.138599
0.138352
0.138988
0.139599
0.140185
0.138683
0.134933
0.129047
0.120002
0.108926
0.097058
0.084902
0.072562
0.060042
0.047324
0.034394
0.021234
0.007831
-0.002816
-0.002816
-0.002816
-0.002816
0.003408
0.009382
0.015116
0.02062
0.025903
0.030973
0.035839
0.040508
0.04499
0.04929
0.053416
0.057376
0.061176
0.06483
0.068361
0.071772
0.075064
0.078278
0.08144
0.084557
0.087653
0.090721
0.093806
0.096977
0.10017
0.103367
0.106569
0.109505
0.111404
0.113227
0.114976
0.116654
0.118264
0.11981
0.121293
0.122716
0.124081
0.125392
0.12665
0.127857
0.129015
0.130127
0.131194
0.132217
0.1332
0.134143
0.135048
0.135917
0.136751
0.137551
0.138319
0.139056
0.139763
0.140442
0.141094
0.14172
0.14232
0.142896
0.14345
0.14398
0.14449
0.144979
0.145449
0.145899
0.146332
0.146747
0.147146
0.147528
0.147895
0.148248
0.148586
0.148911
0.149223
0.149522
0.149809
0.150085
0.150349
0.150604
0.150847
0.151082
0.151306
0.151522
0.151729
0.151928
0.152119
0.152302
0.152478
0.152646
0.152808
0.152964
0.153113
0.153256
0.153394
0.153526
0.153653
0.153775
0.153891
0.154004
0.154111
0.154215
0.154314
0.154409
0.1545
0.154588
0.154672
0.154753
0.154831
0.154905
0.154977
0.155046
0.155112
0.155175
0.155236
0.155294
0.15535
0.155404
0.155455
0.155505
0.155552
0.155598
0.155642
0.155684
0.155724
0.155763
0.1558
0.155836
0.15587
0.155903
0.155935
0.155965
0.155994
0.156022
0.156049
0.156075
0.156099
0.156123
0.156146
0.156168
0.156189
0.156209
0.156228
0.156247
0.156265
0.156282
0.156298
0.156314
0.156329
0.156344
0.156358
0.156371
0.156384
0.156396
0.156408
0.156419
0.15643
0.156441
0.156451
0.156461
0.15647
0.156479
0.156487
0.156495
0.156503
0.156511
0.156518
0.156525
0.156532
0.156538
0.156544
0.15655
0.156556
0.156561
0.156566
0.156571
0.156576
0.156581
0.156585
0.15659
0.156594
0.156598
0.156601
0.156605
0.156608
0.156612
0.156615
0.156618
0.156621
0.156624
0.156626
0.156629
0.156631
0.156634
0.156636
0.156638
0.156641
0.156642
0.156644
0.156646
0.156648
0.15665
0.156651
0.156653
0.156655
0.156656
0.156657
0.156659
0.15666
0.156661
0.156662
0.156664
0.156665
0.156666
0.156667
0.156668
0.156669
0.156669
0.15667
0.156671
0.156672
0.15472
0.152519
0.15007
0.147618
0.145047
0.142473
0.139401
0.13583
0.131638
0.126089
0.119164
0.110988
0.102045
0.092844
0.083627
0.074263
0.064765
0.055375
0.045975
0.036445
0.026909
0.017368
0.011974
0.010225
0.016137
0.021812
0.021856
0.027547
0.03317
0.038724
0.044211
0.049632
0.054987
0.060277
0.065504
0.070669
0.075773
0.07925
0.082586
0.085787
0.088858
0.091804
0.094631
0.097343
0.099945
0.102441
0.104836
0.107134
0.109339
0.111455
0.113485
0.115432
0.117301
0.119095
0.116225
0.111916
0.107602
0.103283
0.09873
0.094044
0.089482
0.084915
0.080343
0.075768
0.071062
0.066353
0.06164
0.056924
0.052205
0.047483
0.042643
0.037801
0.032956
0.028227
0.025931
0.031427
0.036702
0.041763
0.046619
0.051278
0.055749
0.060039
0.064154
0.068103
0.071892
0.075531
0.079033
0.082403
0.085658
0.088837
0.092017
0.095264
0.09851
0.101754
0.104996
0.108236
0.111474
0.114709
0.117315
0.119282
0.12117
0.122981
0.124719
0.126387
0.127987
0.129522
0.130995
0.132409
0.133765
0.135067
0.136316
0.136384
0.137765
0.139194
0.14067
0.142194
0.143763
0.145378
0.147038
0.148741
0.150486
0.152273
0.154099
0.155963
0.157864
0.159799
0.161766
0.163763
0.165788
0.166312
0.166815
0.167297
0.167761
0.168205
0.166602
0.158437
0.148912
0.139138
0.129321
0.119466
0.109573
0.099648
0.089692
0.079708
0.069701
0.059672
0.055585
0.055585
0.055585
0.055529
0.05526
0.054821
0.05421
0.053574
0.053313
0.053313
0.053313
0.053313
0.053313
0.053313
0.053313
0.053313
0.053453
0.053779
0.054276
0.054944
0.055782
0.061784
0.067699
0.073526
0.079264
0.084914
0.090474
0.095945
0.101325
0.106616
0.111816
0.116925
0.121942
0.126867
0.131699
0.136261
0.140669
0.144947
0.149149
0.153274
0.157296
0.161215
0.165029
0.168523
0.171594
0.174381
0.17684
0.178504
0.179514
0.180483
0.181411
0.182302
0.183155
0.183973
0.184758
0.18551
0.186232
0.186924
0.187587
0.188223
0.18704
0.181195
0.175103
0.168957
0.16276
0.156514
0.150219
0.143879
0.137495
0.131069
0.125958
0.125958
0.125958
0.125958
0.125958
0.125958
0.125958
0.125958
0.125958
0.125958
0.125958
0.125958
0.125958
0.125958
0.129191
0.132287
0.135249
0.138085
0.1408
0.143399
0.145887
0.148269
0.150549
0.152733
0.154825
0.156827
0.158746
0.160583
0.162342
0.164028
0.165642
0.167189
0.168671
0.170091
0.171452
0.172755
0.174005
0.175202
0.17635
0.177449
0.178504
0.179514
0.180483
0.181411
0.182302
0.183155
0.183973
0.184758
0.185511
0.186232
0.186924
0.185172
0.182151
0.177532
0.172053
0.166402
0.160577
0.154709
0.1488
0.142788
0.136801
0.130777
0.125958
0.125958
0.125958
0.125958
0.125958
0.125958
0.125958
0.125958
0.125958
0.125958
0.125958
0.125958
0.125958
0.125958
0.129191
0.132287
0.135249
0.138085
0.1408
0.143399
0.145887
0.148269
0.150549
0.152733
0.154825
0.156827
0.158745
0.160583
0.162342
0.164028
0.165642
0.167189
0.168671
0.170091
0.171452
0.172755
0.174005
0.175202
0.17635
0.177449
0.178503
0.179514
0.180483
0.181411
0.182301
0.183155
0.183973
0.184758
0.18551
0.186232
0.186923
0.187587
0.188223
0.188833
0.189418
0.18998
0.190518
0.191034
0.19153
0.192005
0.192461
0.192898
0.193317
0.19372
0.194106
0.194476
0.194831
0.195172
0.195499
0.195813
0.196114
0.196403
0.196681
0.196947
0.197202
0.197447
0.197682
0.197907
0.198124
0.198332
0.198531
0.198722
0.198906
0.199082
0.199251
0.199414
0.199569
0.199719
0.199862
0.20005
0.200281
0.200552
0.200864
0.201215
0.201603
0.202029
0.202489
0.202982
0.203506
0.204058
0.204638
0.20524
0.205499
0.205564
0.205627
0.205687
0.205746
0.205801
0.205855
0.205906
0.205955
0.205752
0.202954
0.198353
0.193487
0.188567
0.183541
0.178463
0.173335
0.168156
0.16293
0.157658
0.15234
0.146979
0.141576
0.140933
0.140933
0.140933
0.140933
0.140933
0.140933
0.140933
0.140933
0.143732
0.146408
0.148967
0.151416
0.153757
0.155997
0.15814
0.16019
0.162152
0.16403
0.165826
0.167546
0.169191
0.170767
0.172275
0.173719
0.175101
0.176425
0.177693
0.178907
0.180069
0.181183
0.18225
0.183272
0.184251
0.185189
0.186088
0.186949
0.187775
0.188566
0.189353
0.190192
0.190372
0.191307
0.192268
0.193253
0.194259
0.195284
0.196325
0.197379
0.198443
0.199085
0.200189
0.200589
0.200972
0.20134
0.201692
0.20203
0.202354
0.202665
0.202963
0.203248
0.203522
0.203785
0.204037
0.204279
0.204511
0.204733
0.204947
0.205152
0.205348
0.204345
0.202281
0.199001
0.195231
0.191235
0.187141
0.182954
0.178618
0.174062
0.169253
0.164215
0.158922
0.15335
0.149766
0.148561
0.148485
0.148485
0.148485
0.148485
0.148485
0.148485
0.151056
0.153513
0.155861
0.158114
0.160421
0.162749
0.165093
0.167447
0.169803
0.172159
0.174507
0.176844
0.179165
0.181465
0.18374
0.185986
0.188199
0.190375
0.192509
0.194597
0.196636
0.198622
0.200549
0.202414
0.204212
0.205939
0.20759
0.209161
0.209439
0.209704
0.209957
0.210198
0.210429
0.21065
0.21086
0.211061
0.211254
0.211437
0.211613
0.211781
0.211942
0.212095
0.212242
0.212383
0.212517
0.212646
0.212769
0.212887
0.213
0.213108
0.213212
0.213311
0.213405
0.213496
0.213583
0.213667
0.213746
0.213823
0.213896
0.213966
0.214034
0.214098
0.21416
0.214219
0.214276
0.21433
0.214382
0.214432
0.21448
0.214526
0.214587
0.213605
0.21229
0.210883
0.209507
0.208224
0.207063
0.206052
0.205219
0.204591
0.204195
0.204057
0.204204
0.205597
0.207478
0.209467
-0.211561
-0.213756
-0.216047
-0.218431
-0.220903
-0.223457
-0.226089
-0.228792
-0.23156
-0.234387
-0.237267
-0.240192
-0.243154
-0.246146
-0.249159
-0.252184
-0.255213
-0.258235
-0.261241
-0.26422
-0.267161
-0.270054
-0.272885
-0.275643
-0.278316
-0.28089
-0.283352
-0.285688
-0.287883
-0.289924
-0.291795
-0.293481
-0.294966
-0.296235
-0.297271
-0.298058
-0.298581
-0.298821
-0.293025
-0.286742
-0.286097
-0.280479
-0.275069
-0.269859
-0.264844
-0.260018
-0.255372
-0.250903
-0.246602
-0.242466
-0.238487
-0.23466
-0.23098
-0.227441
-0.224039
-0.220768
-0.217624
-0.214602
-0.211697
-0.208905
-0.206221
-0.203643
-0.201165
-0.198784
-0.196496
-0.194298
-0.192186
-0.190157
-0.188208
-0.186335
-0.184537
-0.182809
-0.181149
-0.179555
-0.178024
-0.176553
-0.17514
-0.173784
-0.172481
-0.17123
-0.170028
-0.168874
-0.167765
-0.166701
-0.16671
-0.1658
-0.165015
-0.164354
-0.163817
-0.163403
-0.16311
-0.162937
-0.162883
-0.162946
-0.163123
-0.163413
-0.163812
-0.16432
-0.163747
-0.163197
-0.162668
-0.162161
-0.161674
-0.161206
-0.160757
-0.160326
-0.159912
-0.159514
-0.159133
-0.158767
-0.158415
-0.158077
-0.157753
-0.157441
-0.157142
-0.156856
-0.15658
-0.156315
-0.156061
-0.155818
-0.155583
-0.155446
-0.155406
-0.155463
-0.155615
-0.155864
-0.156206
-0.156642
-0.156514
-0.156354
-0.156201
-0.156054
-0.155913
-0.155777
-0.155647
-0.155522
-0.155402
-0.155287
-0.155176
-0.15507
-0.154968
-0.15487
-0.154776
-0.154686
-0.154599
-0.154516
-0.154437
-0.15436
-0.154286
-0.154216
-0.154148
-0.154083
-0.15402
-0.15396
-0.153903
-0.153847
-0.153794
-0.153743
-0.153695
-0.153648
-0.153603
-0.153559
-0.153518
-0.153478
-0.153439
-0.153403
-0.153367
-0.153333
-0.153301
-0.15327
-0.15324
-0.153211
-0.153183
-0.153157
-0.153131
-0.153107
-0.153083
-0.153061
-0.153039
-0.153018
-0.152998
-0.152979
-0.152961
-0.152943
-0.152926
-0.15291
-0.152894
-0.152879
-0.152865
-0.152851
-0.152838
-0.152825
-0.152813
-0.152801
-0.15279
-0.152779
-0.152769
-0.152759
-0.152749
-0.15274
-0.152731
-0.152722
-0.152714
-0.152706
-0.152699
-0.152692
-0.152685
-0.152678
-0.152672
-0.152666
-0.15266
-0.152654
-0.152649
-0.152644
-0.152639
-0.152634
-0.152629
-0.152625
-0.15262
-0.152616
-0.152612
-0.152609
-0.152605
-0.152602
-0.152598
-0.152595
-0.152592
-0.152713
-0.152705
-0.152826
-0.152814
-0.152802
-0.15279
-0.15278
-0.152769
-0.152759
-0.152749
-0.15274
-0.152731
-0.152723
-0.152714
-0.152707
-0.152699
-0.152692
-0.152685
-0.152678
-0.152672
-0.152665
-0.15266
-0.152654
-0.154793
-0.164587
-0.176352
-0.188315
-0.200221
-0.212067
-0.223847
-0.23556
-0.247201
-0.258766
-0.270253
-0.281657
-0.292975
-0.298834
-0.293209
-0.287788
-0.282564
-0.277533
-0.272687
-0.268021
-0.263529
-0.259205
-0.255043
-0.251038
-0.247185
-0.243479
-0.239913
-0.236484
-0.233186
-0.230014
-0.226965
-0.224033
-0.221214
-0.218505
-0.2159
-0.213397
-0.210991
-0.208678
-0.206456
-0.204321
-0.202269
-0.200298
-0.198404
-0.196584
-0.194836
-0.193156
-0.191542
-0.189992
-0.188503
-0.187073
-0.185699
-0.18438
-0.183112
-0.181895
-0.180726
-0.179603
-0.178524
-0.177489
-0.176494
-0.175539
-0.174621
-0.17374
-0.172895
-0.172082
-0.171302
-0.170553
-0.169834
-0.169143
-0.16848
-0.167843
-0.167231
-0.166644
-0.16608
-0.165539
-0.165019
-0.16452
-0.16404
-0.16358
-0.163138
-0.162714
-0.162307
-0.161916
-0.16154
-0.16118
-0.160834
-0.160501
-0.160182
-0.159876
-0.159582
-0.1593
-0.159028
-0.158768
-0.158518
-0.158278
-0.158048
-0.157827
-0.157614
-0.157411
-0.157215
-0.157027
-0.156847
-0.156673
-0.156507
-0.156348
-0.156194
-0.156047
-0.155906
-0.15577
-0.15564
-0.155515
-0.155395
-0.15528
-0.155169
-0.155063
-0.154961
-0.154863
-0.15477
-0.154679
-0.154593
-0.15451
-0.15443
-0.154353
-0.15428
-0.154209
-0.154141
-0.154076
-0.154014
-0.153954
-0.153896
-0.153841
-0.153788
-0.153737
-0.153688
-0.153641
-0.153596
-0.153552
-0.153511
-0.153471
-0.153433
-0.153396
-0.153361
-0.153327
-0.153294
-0.153263
-0.153233
-0.153204
-0.153176
-0.15315
-0.153124
-0.1531
-0.153076
-0.153054
-0.153049
-0.153155
-0.153351
-0.152776
-0.150912
-0.147649
-0.142752
-0.136622
-0.129151
-0.120483
-0.110898
-0.101171
-0.091329
-0.081517
-0.071891
-0.062592
-0.053645
-0.045075
-0.036906
-0.033366
-0.036893
-0.040587
-0.044446
-0.048469
-0.052655
-0.057
-0.061503
-0.066161
-0.070972
-0.075931
-0.076811
-0.076811
-0.076811
-0.076811
-0.076811
-0.076811
-0.076811
-0.076811
-0.076811
-0.076811
-0.076811
-0.076811
-0.076811
-0.076811
-0.076811
-0.076979
-0.077315
-0.077819
-0.07849
-0.079328
-0.080334
-0.081505
-0.082842
-0.084345
-0.086011
-0.087841
-0.089833
-0.091986
-0.094298
-0.096769
-0.099397
-0.102179
-0.105114
-0.1082
-0.111433
-0.114813
-0.118334
-0.121995
-0.125792
-0.129722
-0.133779
-0.137959
-0.142259
-0.146672
-0.151194
-0.155818
-0.160538
-0.165347
-0.170238
-0.175204
-0.180235
-0.185324
-0.185324
-0.185324
-0.185324
-0.185324
-0.185324
-0.185324
-0.185324
-0.185324
-0.185324
-0.18546
-0.185733
-0.186141
-0.186684
-0.187362
-0.188174
-0.190349
-0.192517
-0.19467
-0.196801
-0.198903
-0.200969
-0.202992
-0.204967
-0.206888
-0.208749
-0.210545
-0.212269
-0.212507
-0.212731
-0.212941
-0.213137
-0.213321
-0.213493
-0.213655
-0.213807
-0.213949
-0.214083
-0.214209
-0.214327
-0.214438
-0.214542
-0.21464
-0.214733
-0.21482
-0.214902
-0.214979
-0.215052
-0.21512
-0.215185
-0.215246
-0.215304
-0.215359
-0.21541
-0.215459
-0.215505
-0.215549
-0.21559
-0.215629
-0.215667
-0.215702
-0.215735
-0.215766
-0.215796
-0.215825
-0.215852
-0.215877
-0.215902
-0.215925
-0.215947
-0.215968
-0.215987
-0.216006
-0.216024
-0.216041
-0.216058
-0.216073
-0.216088
-0.216102
-0.216115
-0.216128
-0.21614
-0.216152
-0.216163
-0.216174
-0.216184
-0.216193
-0.216203
-0.216211
-0.21622
-0.216228
-0.216235
-0.216243
-0.21625
-0.216256
-0.216263
-0.216269
-0.216275
-0.21628
-0.216286
-0.216291
-0.216296
-0.2163
-0.216305
-0.216309
-0.216313
-0.216317
-0.216321
-0.216324
-0.216328
-0.216331
-0.216334
-0.216337
-0.21634
-0.216343
-0.216346
-0.216348
-0.216351
-0.216353
-0.216355
-0.216358
-0.21636
-0.216362
-0.216364
-0.216365
-0.216367
-0.216369
-0.21637
-0.216372
-0.216373
-0.216375
-0.216376
-0.216377
-0.216379
-0.21638
-0.216381
-0.216382
-0.216383
-0.216384
-0.216385
-0.216386
-0.216387
-0.216388
-0.216389
-0.216389
-0.21639
-0.216391
-0.216392
-0.216392
-0.216393
-0.216394
-0.216394
-0.216395
-0.216395
-0.216396
-0.216396
-0.216397
-0.216397
-0.216398
-0.216398
-0.216399
-0.216399
-0.216399
-0.2164
-0.2164
-0.2164
-0.216401
-0.216401
-0.216401
-0.216402
-0.216402
-0.216402
-0.216402
-0.216403
-0.216403
-0.216403
-0.216403
-0.216403
-0.216404
-0.216404
-0.216404
-0.216404
-0.216404
-0.216404
-0.216405
-0.216405
-0.216405
-0.216405
-0.216405
-0.216405
-0.216405
-0.216406
-0.216406
-0.216406
-0.216406
-0.216406
-0.216406
-0.216406
-0.216406
-0.216406
-0.216406
-0.216406
-0.216407
-0.216407
-0.216407
-0.216407
-0.216407
-0.216407
-0.216407
-0.216407
-0.216407
-0.216407
-0.216407
-0.216407
-0.216407
-0.216407
-0.216407
-0.216407
-0.216407
-0.216407
-0.216407
-0.216407
-0.216408
-0.216408
-0.216408
-0.216408
-0.216408
-0.216408
-0.216408
-0.216408
-0.216408
-0.216408
-0.216408
-0.216408
-0.216408
-0.216408
-0.216408
-0.216408
-0.216408
-0.216408
-0.216408
-0.216408
-0.216408
-0.216408
-0.216408
-0.216408
-0.216408
-0.216408
-0.216408
-0.216408
-0.216408
-0.216408
-0.216408
-0.216408
-0.216408
-0.216408
-0.216408
-0.216408
-0.216408
-0.216408
-0.216408
-0.216408
-0.216408
-0.216408
-0.216408
-0.216408
-0.216408
-0.216408
-0.216408
-0.216408
-0.216408
-0.216408
-0.216408
-0.216408
-0.216408
-0.216408
-0.216408
-0.216408
-0.216408
-0.216408
-0.216408
-0.216408
-0.216408
-0.216408
-0.216408
-0.216408
-0.216408
-0.216408
-0.216408
-0.216408
-0.216408
-0.216408
-0.216408
-0.216408
-0.216408
-0.216408
-0.216408
-0.216408
-0.216408
-0.216408
-0.216408
-0.216408
-0.216408
-0.216408
-0.216408
-0.216408
-0.216408
-0.216408
-0.216408
-0.216408
-0.216408
-0.216408
-0.216408
-0.216408
-0.216408
-0.216408
-0.216408
-0.216408
-0.216408
-0.216408
-0.216408
-0.216408
-0.216408
-0.216408
-0.216408
-0.216408
-0.216408
-0.216408
-0.216408
-0.216408
-0.216408
-0.216408
-0.216408
-0.216408
-0.216408
-0.216408
-0.216408
-0.216408
-0.216408
-0.216408
-0.216408
-0.216408
-0.216408
-0.216408
-0.216408
-0.216408
-0.216408
-0.216408
-0.216408
-0.216408
-0.216408
-0.216408
-0.216408
-0.216408
-0.216408
-0.216408
-0.216408
-0.216408
-0.216408
-0.216408
-0.216408
-0.216408
-0.216408
-0.216408
-0.216408
-0.216408
-0.216408
-0.216408
-0.216408
-0.216408
-0.216408
-0.216408
-0.216408
-0.216408
-0.216408
-0.216408
-0.216408
-0.216408
-0.216408
-0.216408
-0.216408
-0.216408
-0.216408
-0.216408
-0.216408
-0.216408
-0.216408
-0.216408
-0.216408
-0.216408
-0.216408
-0.216408
-0.216408
-0.216408
-0.216408
-0.216408
-0.216408
-0.216408
-0.216408
-0.216408
-0.216408
-0.216408
-0.216408
-0.216408
-0.216408
-0.216408
-0.216408
-0.216408
-0.216408
-0.216408
-0.216408
-0.216408
-0.216408
-0.216408
-0.216408
-0.216408
-0.216408
-0.216408
-0.216408
-0.216408
-0.216408
-0.216408
-0.216408
-0.216408
-0.216408
-0.216408
-0.216408
-0.216408
-0.216408
-0.216408
-0.216408
-0.216408
-0.216408
-0.216408
-0.216408
-0.216408
-0.216408
-0.216408
-0.216408
-0.216408
-0.216408
-0.216408
-0.216408
-0.216408
-0.216408
-0.216408
-0.216408
-0.216408
-0.216408
-0.216408
-0.216408
-0.216408
-0.216408
-0.216408
-0.216408
-0.216408
-0.216408
-0.216408
-0.216408
-0.216408
-0.216408
-0.216408
-0.216408
-0.216408
-0.216408
-0.216408
-0.216408
-0.216408
-0.216408
-0.216408
-0.216408
-0.216408
-0.216408
-0.216408
-0.216408
-0.216408
-0.216408
-0.216408
-0.216408
-0.216408
-0.216408
-0.216408
-0.216408
-0.216408
-0.216408
-0.216408
-0.216408
-0.216408
-0.216408
-0.216408
-0.216408
-0.216408
-0.216408
-0.216408
-0.216408
-0.216408
-0.216408
-0.216408
-0.216408
-0.216408
-0.216408
-0.216408
-0.216408
-0.216408
-0.216408
-0.216408
-0.216408
-0.216408
