0.0
0.017452
0.034899
0.052336
0.069756
0.087156
0.104528
0.121869
0.139173
0.156434
0.173648
0.190808
0.207911
0.21644
0.21644
0.21644
0.21644
0.21644
0.21644
0.21644
0.21644
0.21644
0.21644
0.21644
0.21644
0.21644
0.21644
0.21644
0.21644
0.21644
0.21644
0.21644
0.21644
0.21644
0.21644
0.21644
0.21644
0.21644
0.21644
0.21644
0.21644
0.21644
0.21644
0.21644
0.21644
0.21644
0.21644
0.21644
0.21644
0.21644
0.21644
0.21644
0.21644
0.21644
0.21644
0.21644
0.21644
0.21644
0.21644
0.21644
0.21644
0.21644
0.21644
0.21644
0.21644
0.21644
0.21644
0.21644
0.21644
0.21644
0.21644
0.21644
0.21644
0.21644
0.21644
0.21644
0.21644
0.21644
0.21644
0.21644
0.21644
0.21644
0.21644
0.21644
0.21644
0.21644
0.21644
0.21644
0.21644
0.21644
0.21644
0.21644
0.21644
0.21644
0.21644
0.21644
0.21644
0.21644
0.21644
0.21644
0.21644
0.21644
0.21644
0.21644
0.21644
0.21644
0.21644
0.21644
0.21644
0.21644
0.21644
0.21644
0.21644
0.21644
0.21644
0.21644
0.21644
0.21644
0.21644
0.21644
0.21644
0.21644
0.21644
0.21644
0.21644
0.21644
0.21644
0.21644
0.21644
0.21644
0.21644
0.21644
0.21644
0.21644
0.21644
0.21644
0.21644
0.21644
0.21644
0.21644
0.21644
0.21644
0.21644
0.21644
0.21644
0.21644
0.21644
0.21644
0.21644
0.21644
0.21644
0.21644
0.21644
0.21644
0.21644
0.21644
0.21644
0.21644
0.21644
0.21644
0.21644
0.21644
0.21644
0.21644
0.21644
0.21644
0.21644
0.21644
0.21644
0.216439
0.216443
0.216461
0.216507
0.216598
0.216752
0.216994
0.217352
0.217854
0.218528
0.219399
0.220494
0.221839
0.223458
0.225378
0.22735
0.229257
0.231251
0.23333
0.235486
0.237716
0.237716
0.237716
0.237716
0.237716
0.237716
0.237716
0.237716
0.237716
0.237716
0.237716
0.237822
0.238032
0.238347
0.238766
0.239288
0.239911
0.240635
0.241457
0.242375
0.243388
0.244493
0.245687
0.246966
0.248328
0.24977
0.251286
0.252873
0.254527
0.256242
0.258014
0.259836
0.261704
0.263611
0.265551
0.267516
0.2695
0.271495
0.271495
0.271495
0.271495
0.271495
0.271495
0.271495
0.271495
0.271495
0.271495
0.271567
0.271712
0.271929
0.272217
0.272574
0.273
0.273493
0.27405
0.274671
0.275351
0.276088
0.27688
0.277722
0.278612
0.279544
0.280515
0.28152
0.282555
0.283613
0.284689
0.285778
0.286873
0.287967
0.289054
0.290127
0.291177
0.292197
0.293178
0.294113
0.294992
0.295805
0.296544
0.297199
0.297199
0.297199
0.297199
0.297199
0.297199
0.297199
0.297199
0.297199
0.297199
0.297199
0.297217
0.297253
0.297306
0.297376
0.29746
0.297558
0.297668
0.297788
0.297915
0.298046
0.298179
0.29831
0.298435
0.298551
0.298654
0.298654
0.298654
0.298654
0.298654
0.298654
0.298654
0.298654
0.298654
0.298654
0.298654
0.298654
0.298654
0.298654
0.298654
0.29866
0.298672
0.298689
0.29871
0.298734
0.298759
0.298785
0.298807
0.298825
0.298835
0.298834
0.298819
0.298787
0.298787
0.298787
0.298787
0.298787
0.298787
0.298787
0.298787
0.298787
0.298787
0.298787
0.298787
0.298787
0.298787
0.298787
0.298787
0.298787
0.293071
0.287564
0.282258
0.277146
0.272224
0.267485
0.262922
0.258531
0.254305
0.250238
0.246325
0.242561
0.238941
0.235459
0.23211
0.22889
0.225794
0.222818
0.219956
0.217206
0.214562
0.212021
0.209599
0.207346
0.205247
0.203303
0.201512
0.199873
0.198385
0.197046
0.195854
0.194807
0.193903
0.193137
0.192508
0.192012
0.191646
0.191405
0.191287
0.191286
0.1914
0.190385
0.18941
0.188474
0.187576
0.186712
0.185883
0.185087
0.184322
0.183587
0.182882
0.182205
0.181555
0.18093
0.18033
0.179754
0.179201
0.17867
0.17816
0.177671
0.177201
0.176749
0.176316
0.1759
0.1755
0.175116
0.174748
0.174394
0.174054
0.173728
0.173415
0.173115
0.172826
0.172549
0.172283
0.172027
0.171782
0.171547
0.171321
0.171104
0.170895
0.170695
0.170503
0.170319
0.170142
0.169972
0.169809
0.169652
0.169501
0.169357
0.169218
0.169085
0.168958
0.168835
0.168717
0.168604
0.168496
0.168391
0.168291
0.168195
0.168103
0.168015
0.16793
0.167848
0.16777
0.167695
0.167623
0.167553
0.167487
0.167423
0.167362
0.167303
0.167246
0.167192
0.16714
0.16709
0.167042
0.166996
0.166952
0.166909
0.166869
0.166829
0.166792
0.166756
0.166721
0.166688
0.166656
0.166626
0.166596
0.166568
0.164521
0.157667
0.147699
0.13735
0.126621
0.115499
0.104342
0.093153
0.081935
0.070693
0.059429
0.048148
0.036855
0.026439
0.026813
0.027359
0.028079
0.028972
0.030037
0.031275
0.032685
0.034267
0.03602
0.037945
0.040041
0.042307
0.044742
0.047345
0.050117
0.053055
0.056159
0.059426
0.062856
0.066448
0.070198
0.074105
0.078166
0.082379
0.083667
0.083667
0.083667
0.083667
0.083667
0.083667
0.083667
0.083667
0.083667
0.083667
0.083667
0.083667
0.083667
0.083695
0.08393
0.084332
0.0849
0.085634
0.086535
0.0876
0.088831
0.090225
0.091783
0.093503
0.095385
0.097426
0.099627
0.101985
0.103047
0.103047
0.103047
0.103047
0.103047
0.103047
0.103047
0.103047
0.103047
0.103047
0.103047
0.103047
0.103047
0.10321
0.103536
0.104025
0.104677
0.105491
0.106466
0.107602
0.108899
0.110355
0.111968
0.113739
0.115666
0.117746
0.11998
0.11998
0.11998
0.11998
0.11998
0.11998
0.11998
0.11998
0.11998
0.120139
0.120457
0.120934
0.12157
0.122363
0.123069
0.123069
0.123069
0.123069
0.123069
0.123069
0.123069
0.123069
0.123069
0.126384
0.129557
0.132596
0.135504
0.138289
0.140955
0.143507
0.145952
0.148292
0.150534
0.15268
0.154736
0.156705
0.158482
0.160077
0.161501
0.162764
0.163873
0.164837
0.165662
0.166354
0.16692
0.167362
0.167686
0.167895
0.167992
0.167978
0.167857
0.167628
0.167293
0.166852
0.166304
0.16565
0.164887
0.164016
0.163034
0.161938
0.160953
0.161939
0.162885
0.163793
0.164664
0.1655
0.166302
0.167071
0.16781
0.168518
0.169198
0.16985
0.170476
0.171077
0.171654
0.172207
0.172738
0.173247
0.173736
0.174205
0.174656
0.175088
0.175503
0.175901
0.176283
0.176649
0.177001
0.177339
0.177663
0.177974
0.178273
0.17856
0.178835
0.179099
0.179352
0.179595
0.179829
0.180053
0.180268
0.180475
0.180673
0.180863
0.181046
0.181221
0.181389
0.181551
0.181706
0.181855
0.181997
0.182135
0.182266
0.182349
0.183153
0.18619
0.191754
0.198744
0.206268
0.213974
0.221697
0.229544
0.237446
0.24542
0.253485
0.261754
0.270238
0.2787
0.286999
0.29379
0.29379
0.29379
0.29379
0.29379
0.29379
0.293821
0.293885
0.293979
0.294103
0.294256
0.294436
0.294641
0.29487
0.29512
0.295389
0.295672
0.295968
0.296272
0.29658
0.296889
0.297193
0.297488
0.297768
0.298029
0.298264
0.298468
0.298633
0.298754
0.298822
0.298832
0.298775
0.298644
0.29843
0.298124
0.297719
0.297205
0.296573
0.295814
0.295814
0.295814
0.295814
0.295814
0.295814
0.295814
0.295814
0.295814
0.295789
0.29574
0.295664
0.295562
0.295433
0.295274
0.295084
0.294861
0.294603
0.294306
0.293969
0.293587
0.293156
0.292674
0.292137
0.291538
0.290875
0.290141
0.289333
0.289333
0.289333
0.289333
0.289333
0.289333
0.289333
0.289333
0.289333
0.289333
0.289333
0.289286
0.289195
0.28906
0.28888
0.288653
0.288378
0.288053
0.287676
0.287245
0.286757
0.28621
0.285599
0.284922
0.284174
0.284174
0.284174
0.284174
0.284174
0.276936
0.269968
0.26326
0.256805
0.250594
0.244618
0.23887
0.233341
0.228023
0.22291
0.217994
0.213268
0.208803
0.204596
0.200644
0.196945
0.193493
0.190286
0.18732
0.18459
0.182091
0.17982
0.177772
0.175943
0.174326
0.172918
0.171713
0.170707
0.169893
0.169268
0.168825
0.168559
0.168464
0.168535
0.168766
0.16915
0.169682
0.170355
0.168958
0.167616
0.166328
0.16509
0.163902
0.16276
0.161664
0.160612
0.159601
0.158631
0.157699
0.156804
0.155944
0.155119
0.154327
0.153566
0.152836
0.152134
0.151461
0.150814
0.150193
0.149597
0.149025
0.148475
0.147948
0.147441
0.146955
0.146488
0.146039
0.145609
0.145196
0.144799
0.144418
0.144052
0.143701
0.143364
0.14304
0.142729
0.142431
0.142144
0.141869
0.141605
0.141352
0.141108
0.140875
0.14065
0.140435
0.140228
0.14003
0.139839
0.139656
0.139481
0.139312
0.13915
0.138995
0.138846
0.138702
0.138565
0.138433
0.138306
0.138185
0.138068
0.137956
0.137848
0.137745
0.137646
0.13755
0.137459
0.137371
0.137287
0.137206
0.137128
0.136716
0.132565
0.127717
0.122585
0.117032
0.111326
0.1052
0.099066
0.092095
0.084834
0.077417
0.069993
0.062011
0.053739
0.045596
0.037164
0.028728
0.020288
0.011846
0.003268
-0.005446
-0.014159
-0.02287
-0.031579
-0.032904
-0.032904
-0.032904
-0.032904
-0.032904
-0.032904
-0.032904
-0.032904
-0.032904
-0.032904
-0.032904
-0.032904
-0.032904
-0.032904
-0.032904
-0.032904
-0.032904
-0.032904
-0.032904
-0.032904
-0.032904
-0.032904
-0.032904
-0.026154
-0.019672
-0.013447
-0.007472
-0.001734
0.003774
0.009216
0.014594
0.019912
0.02517
0.030371
0.035517
0.040612
0.045657
0.050653
0.055605
0.060513
0.065379
0.068495
0.071485
0.074354
0.077108
0.07975
0.082286
0.084719
0.087054
0.089295
0.091446
0.09351
0.095491
0.097391
0.099216
0.100966
0.102646
0.104259
0.105806
0.107291
0.108716
0.110084
0.111397
0.112657
0.113867
0.115027
0.116141
0.11721
0.118236
0.119221
0.120167
0.121074
0.121945
0.12278
0.123583
0.124353
0.125092
0.125801
0.126482
0.127136
0.127763
0.128365
0.128943
0.129498
0.130031
0.130542
0.131032
0.131504
0.131956
0.13239
0.132806
0.133206
0.13359
0.133958
0.134312
0.134652
0.134977
0.13529
0.135591
0.135879
0.136156
0.136421
0.136676
0.136921
0.137156
0.137382
0.137598
0.137806
0.138005
0.138197
0.138381
0.138557
0.138727
0.138889
0.139046
0.139196
0.139339
0.139477
0.13961
0.139737
0.13986
0.139977
0.140089
0.140198
0.140301
0.140401
0.140497
0.140588
0.140677
0.140761
0.140842
0.14092
0.140995
0.141067
0.141136
0.141202
0.141266
0.141327
0.141386
0.141442
0.141496
0.141548
0.141597
0.141645
0.141691
0.141735
0.141777
0.141818
0.141857
0.141894
0.14193
0.141965
0.141998
0.14203
0.14206
0.142089
0.142117
0.142144
0.14217
0.142195
0.142219
0.142242
0.142264
0.142285
0.142305
0.142325
0.142344
0.142362
0.142379
0.142395
0.142411
0.142426
0.142441
0.142455
0.142469
0.142482
0.142494
0.142506
0.142522
0.14265
0.142871
0.143187
0.143596
0.144097
0.14469
0.145375
0.146149
0.146895
0.146902
0.14691
0.146916
0.146923
0.146929
0.146935
0.146941
0.146947
0.146952
0.146957
0.146962
0.146967
0.146972
0.147068
0.147257
0.147538
0.14791
0.148373
0.148925
0.149567
0.150297
0.151114
0.152015
0.152018
0.152021
0.152024
0.152026
0.152029
0.152031
0.152033
0.152035
0.152037
0.152039
0.152041
0.152043
0.152045
0.152046
0.152138
0.152318
0.152588
0.152946
0.153392
0.153926
0.154545
0.15525
0.156039
0.15604
0.156041
0.156042
0.156043
0.156044
0.156045
0.156046
0.156046
0.156047
0.156048
0.156049
0.156049
0.15605
0.15605
0.15605
0.15605
0.15605
0.15605
0.15605
0.15605
0.15605
0.15605
0.15605
0.15605
0.15605
0.15605
0.15605
0.15605
0.15605
0.15605
0.15605
0.15605
0.15605
0.15605
0.15605
0.15605
0.15605
0.15605
0.15605
0.15605
0.15605
0.15605
0.15605
0.15605
0.15605
0.15605
0.15605
0.15605
0.15605
0.15605
0.15605
0.15605
0.15605
0.15605
0.15605
0.15605
0.15605
0.15605
0.15605
0.15605
0.15605
0.15605
0.15605
0.15605
0.15605
0.15605
0.15605
0.15605
0.15605
0.15605
0.15605
0.15605
0.15605
0.15605
0.15605
0.15605
0.15605
0.15605
0.15605
0.15605
0.155963
0.155789
0.155528
0.155177
0.154738
0.15397
0.153109
0.152022
0.151527
0.151153
0.150658
0.150163
0.149668
0.149173
0.148678
0.148183
0.147688
0.147193
0.146697
0.146202
0.145706
0.145211
0.144715
0.144219
0.143723
0.143227
0.142732
0.142235
0.141739
0.141243
0.140747
0.140251
0.139754
0.139258
0.138761
0.138264
0.137768
0.137271
0.136774
0.136277
0.13578
0.135283
0.134786
0.134289
0.133792
0.133294
0.132797
0.132299
0.131802
0.131304
0.130807
0.130309
0.129811
0.129313
0.128815
0.128317
0.127819
0.127321
0.126823
0.126325
0.125827
0.125328
0.12483
0.124331
0.123833
0.123334
0.122835
0.122337
0.121838
0.121339
0.12084
0.120341
0.119842
0.119343
0.118843
0.11844
0.118153
0.117975
0.117775
0.115935
0.112952
0.10836
0.099798
0.090184
0.080541
0.071141
0.061758
0.052781
0.044114
0.035778
0.025078
0.020379
0.020379
0.020379
0.020379
0.020379
0.020379
0.020379
0.020379
0.020379
0.020379
0.020379
0.020414
0.020665
0.02109
0.021688
0.022459
0.023404
0.024521
0.025812
0.027275
0.02891
0.030717
0.032697
0.034847
0.037168
0.039659
0.04232
0.045148
0.048145
0.051307
0.054635
0.058126
0.061779
0.065592
0.069563
0.07369
0.077969
0.082399
0.086975
0.091695
0.096554
0.101548
0.106673
0.111923
0.114241
0.114241
0.114241
0.114241
0.114241
0.114241
0.114241
0.1143
0.114558
0.114976
0.115554
0.116292
0.116977
0.116977
0.116977
0.116977
0.116977
0.116977
0.116977
0.116977
0.116977
0.116977
0.116977
0.116977
0.116977
0.116977
0.117137
0.117456
0.117936
0.118574
0.119372
0.120327
0.12144
0.12271
0.124135
0.125714
0.127447
0.129331
0.131365
0.133546
0.135874
0.138346
0.140959
0.143711
0.146598
0.149618
0.152767
0.156042
0.159438
0.162952
0.166578
0.166578
0.166578
0.166578
0.166578
0.166578
0.166578
0.166722
0.16701
0.167443
0.168018
0.168737
0.169596
0.170597
0.171737
0.173015
0.17443
0.175979
0.177661
0.179473
0.181413
0.183479
0.185666
0.187973
0.190396
0.19293
0.195572
0.198318
0.201163
0.204102
0.207129
0.21024
0.213429
0.216688
0.220011
0.223392
0.223392
0.223392
0.223392
0.223392
0.223392
0.223392
0.223394
0.223525
0.223771
0.224132
0.224607
0.225195
0.225895
0.226705
0.227624
0.22865
0.229781
0.231014
0.232347
0.233776
0.235299
0.236912
0.238612
0.240393
0.242253
0.244186
0.246187
0.248251
0.250373
0.252546
0.254764
0.257021
0.25931
0.261622
0.263951
0.266288
0.268625
0.270952
0.270952
0.270952
0.270952
0.270952
0.270952
0.270952
0.271025
0.271172
0.27139
0.271681
0.272042
0.272472
0.272969
0.273532
0.274159
0.274846
0.275591
0.276391
0.277242
0.278142
0.279085
0.280003
0.280003
0.280003
0.280003
0.280003
0.280003
0.280064
0.280185
0.280366
0.280606
0.280904
0.281258
0.281667
0.282128
0.28264
0.2832
0.283805
0.284451
0.285136
0.285855
0.286604
0.287379
0.288176
0.288988
0.289812
0.29064
0.291468
0.292288
0.293094
0.29388
0.294637
0.295358
0.296036
0.296661
0.297226
0.297722
0.298138
0.298466
0.298466
0.298466
0.298466
0.298466
0.298466
0.298466
0.298466
0.298466
0.298466
0.298466
0.298466
0.298466
0.298466
0.298467
0.298475
0.293191
0.288083
0.283134
0.27833
0.273656
0.269097
0.26464
0.260272
0.25598
0.251751
0.247575
0.243439
0.239334
0.235248
0.231171
0.227095
0.223009
0.218904
0.214772
0.210605
0.206727
0.203995
0.20137
0.198848
0.196424
0.194095
0.191858
0.189708
0.187643
0.185659
0.183753
0.181923
0.180164
0.178475
0.176852
0.175294
0.173797
0.17236
0.170979
0.169653
0.16838
0.167157
0.165983
0.164855
0.163772
0.162732
0.161733
0.160774
0.159853
0.158968
0.161961
0.168617
0.178237
0.189175
0.200485
0.211877
0.223218
0.234773
0.246269
0.257704
0.269074
0.280376
0.291733
0.297462
0.297462
0.297462
0.297462
0.297462
0.297462
0.297462
0.297462
0.297462
0.297463
0.297463
0.297463
0.297463
0.291294
0.285351
0.279627
0.274114
0.268807
0.263699
0.258782
0.25405
0.249498
0.245118
0.240905
0.236853
0.232956
0.229209
0.225606
0.222142
0.218812
0.21561
0.212533
0.209576
0.206733
0.204002
0.201377
0.198855
0.196431
0.194102
0.191865
0.189715
0.18765
0.185667
0.183761
0.18193
0.180172
0.178483
0.176861
0.175302
0.173806
0.178267
0.187728
0.199572
0.212174
0.224983
0.237723
0.250391
0.262982
0.275493
0.28792
0.297463
0.297463
0.297463
0.297464
0.297464
0.297464
0.297465
0.297467
0.297468
0.297471
0.297474
0.297477
0.297481
0.297484
0.297489
0.297494
0.297499
0.297505
0.291351
0.285426
0.279718
0.274223
0.268934
0.263845
0.25895
0.254229
0.249687
0.245318
0.241115
0.237072
0.233184
0.229446
0.225851
0.222395
0.219073
0.215879
0.212809
0.209858
0.207023
0.204297
0.201678
0.199162
0.196744
0.19442
0.192188
0.190043
0.187983
0.186004
0.190166
0.196618
0.206666
0.217877
0.229165
0.240664
0.252367
0.264917
0.277396
0.289811
0.29761
0.297666
0.297735
0.297817
0.297909
0.29801
0.298117
0.298228
0.29834
0.298449
0.298552
0.298646
0.298725
0.298725
0.298725
0.298725
0.298725
0.292956
0.287396
0.28204
0.27688
0.271912
0.267128
0.262523
0.258091
0.253825
0.249721
0.245772
0.241973
0.23832
0.234806
0.231427
0.228177
0.225053
0.222049
0.219119
0.216237
0.213401
0.210602
0.207833
0.205084
0.202349
0.199619
0.196887
0.194147
0.19139
0.188611
0.185802
0.182957
0.180071
0.177137
0.174847
0.173269
0.171754
0.170299
0.168901
0.167559
0.16627
0.165032
0.163843
0.162701
0.161605
0.160552
0.159541
0.15857
0.157638
0.156743
0.155883
0.155058
0.154265
0.153504
0.152773
0.152072
0.151398
0.150751
0.15013
0.149534
0.148954
0.148318
0.147594
0.148263
0.158131
0.170979
0.183761
0.19649
0.20918
0.221842
0.234488
0.247131
0.259779
0.272443
0.285132
0.293928
0.293409
0.29283
0.292186
0.29147
0.290679
0.289805
0.288843
0.287786
0.286629
0.285363
0.283982
0.282479
0.280846
0.279076
0.277162
0.275094
0.272865
0.270467
0.267891
0.26513
0.262175
0.259018
0.259018
0.259018
0.259018
0.259018
0.259018
0.259018
0.258931
0.258757
0.258496
0.258146
0.257707
0.257178
0.256556
0.25584
0.255028
0.254117
0.253106
0.25199
0.250768
0.249436
0.24799
0.246427
0.244744
0.242934
0.240996
0.238924
0.236713
0.226136
0.215689
0.205362
0.195145
0.185027
0.175001
0.165057
0.155188
0.149118
0.143284
0.137679
0.132294
0.127121
0.122151
0.117377
0.112791
0.108386
0.104155
0.100092
0.096189
0.092441
0.088842
0.085386
0.082066
0.078879
0.075818
0.072879
0.070057
0.067348
0.064746
0.062248
0.059849
0.057546
0.055335
0.053212
0.051173
0.049216
0.047337
0.045533
0.043801
0.042138
0.040542
0.039009
0.037538
0.036125
0.034769
0.033467
0.032217
0.031017
0.029865
0.028759
0.027697
0.026678
0.025699
0.024759
0.023857
0.022991
0.02216
0.021362
0.020596
0.01986
0.019154
0.018476
0.017826
0.017201
0.016601
0.016025
0.015473
0.014942
0.014432
0.013943
0.013474
0.013023
0.012591
0.012175
0.011776
0.011394
0.011026
0.010673
0.010335
0.010009
0.009697
0.009398
0.00911
0.008834
0.008569
0.008314
0.00807
0.007835
0.00761
0.007394
0.007186
0.006987
0.006796
0.006612
0.006436
0.006265
0.005964
0.005543
0.005002
0.004342
0.003561
-0.00266
-0.001638
-0.000495
0.000769
0.002154
0.00366
0.005287
0.007037
0.008907
0.010899
0.010987
0.011071
0.011152
0.01123
0.011305
0.011376
0.011445
0.011511
0.011575
0.011635
0.011694
0.01175
0.011804
0.011856
0.011905
0.011953
0.011999
0.012043
0.012085
0.012125
0.012164
0.012202
0.012237
0.012272
0.012305
0.012336
0.012367
0.012396
0.012424
0.012451
0.012477
0.012502
0.012525
0.012548
0.01257
0.01259
0.012551
0.012347
0.012022
0.011629
0.011355
0.011373
0.01139
0.011407
0.011423
0.011438
0.011453
0.011467
0.01148
0.011493
0.011505
0.011517
0.011529
0.01154
0.01155
0.01156
0.01157
0.011579
0.011588
0.011597
0.011605
0.011613
0.011621
0.011628
0.011635
0.011642
0.011648
0.011654
0.01166
0.009006
0.002098
-0.00658
-0.015615
-0.024818
-0.033849
-0.043047
-0.052242
-0.061618
-0.070989
-0.080353
-0.089524
-0.098686
-0.108026
-0.117356
-0.130537
-0.147379
-0.164175
-0.180921
-0.197613
-0.199471
-0.199471
-0.199471
-0.199471
-0.199471
-0.199471
-0.199471
-0.199471
-0.199471
-0.199471
-0.199471
-0.199471
-0.199471
-0.191136
-0.18312
-0.175413
-0.168003
-0.160881
-0.154035
-0.147456
-0.141133
-0.135058
-0.12922
-0.123612
-0.118224
-0.113048
-0.108076
-0.103301
-0.098714
-0.094308
-0.090077
-0.086013
-0.082111
-0.078363
-0.074764
-0.071309
-0.06799
-0.064804
-0.061744
-0.058806
-0.055985
-0.053277
-0.050676
-0.048179
-0.045782
-0.043481
-0.041271
-0.039149
-0.037112
-0.035157
-0.033279
-0.031476
-0.029746
-0.028084
-0.026489
-0.024958
-0.023488
-0.022077
-0.020722
-0.019421
-0.018172
-0.016973
-0.015822
-0.014717
-0.013657
-0.012638
-0.01166
-0.010722
-0.009821
-0.008956
-0.008126
-0.007328
-0.006563
-0.005829
-0.005123
-0.004446
-0.003796
-0.003172
-0.002573
-0.001998
-0.001446
-0.000916
-0.000407
0.000081
0.00055
0.001
0.001432
0.001847
0.002246
0.002628
0.002995
0.003347
0.003685
0.00401
0.004322
0.004621
0.004908
0.005184
0.005449
0.005703
0.005947
0.006181
0.006406
0.006622
0.006829
0.007028
0.007219
0.007403
0.007579
0.007748
0.00791
0.008066
0.008215
0.008359
0.008497
0.008629
0.008756
0.008878
0.008995
0.009107
0.009215
0.009319
0.005967
-0.011049
-0.02806
-0.045064
-0.062053
-0.079024
-0.095971
-0.112888
-0.129771
-0.146615
-0.163413
-0.180162
-0.196856
-0.199471
-0.199471
-0.199471
-0.199471
-0.199471
-0.199471
-0.199471
-0.199471
-0.199471
-0.199471
-0.199471
-0.199471
-0.199471
-0.191135
-0.18312
-0.175412
-0.168003
-0.16088
-0.154034
-0.147455
-0.141132
-0.135057
-0.12922
-0.123611
-0.118223
-0.113048
-0.108076
-0.1033
-0.098713
-0.094307
-0.090076
-0.086013
-0.08211
-0.078363
-0.074764
-0.071308
-0.06799
-0.064803
-0.061743
-0.058806
-0.055985
-0.053276
-0.050676
-0.048179
-0.045782
-0.04348
-0.04127
-0.039149
-0.037112
-0.035156
-0.033278
-0.031476
-0.029745
-0.028084
-0.026489
-0.024958
-0.023488
-0.022076
-0.020721
-0.01942
-0.018172
-0.016973
-0.015822
-0.014717
-0.013656
-0.012638
-0.01166
-0.010722
-0.009821
-0.008956
-0.008125
-0.007328
-0.006563
-0.005828
-0.005123
-0.004446
-0.003796
-0.003172
-0.002573
-0.001998
-0.001446
-0.000916
-0.000407
0.000081
0.00055
0.001
0.001432
0.001847
0.002246
0.002628
0.002995
0.003347
0.003686
0.00401
0.004322
0.004621
0.004909
0.005184
0.005449
0.005703
0.005947
0.007377
0.016785
0.033795
0.050794
0.067778
0.084741
0.101678
0.118585
0.135455
0.152284
0.169067
0.185798
0.202472
0.219084
0.222518
0.222518
0.222518
0.222518
0.222518
0.222518
0.222518
0.222518
0.222518
0.222518
0.222518
0.222518
0.222518
0.222518
0.222518
0.222518
0.222518
0.222518
0.222518
0.222518
0.222518
0.222518
0.222518
0.222518
0.222518
0.222518
0.222518
0.222518
0.222518
0.222518
0.222518
0.222518
0.222518
0.222518
0.222518
0.222518
0.222518
0.222518
0.222518
0.222518
0.222518
0.222518
0.222518
0.222518
0.222518
0.222518
0.222518
0.222518
0.222518
0.222518
0.222518
0.222518
0.222518
0.222518
0.222518
0.222518
0.222518
0.222518
0.222518
0.222518
0.222518
0.222518
0.222518
0.222518
0.222518
0.222518
0.222518
0.222518
0.222402
0.22217
0.22182
0.221354
0.220769
0.220065
0.219239
0.218292
0.21722
0.216023
0.214697
0.213241
0.211651
-0.209926
-0.208062
-0.206056
-0.203905
-0.201606
-0.199156
-0.19655
-0.193785
-0.190858
-0.187764
-0.1845
-0.181061
-0.177444
-0.173646
-0.169661
-0.165487
-0.161119
-0.156554
-0.151788
-0.146818
-0.141641
-0.136254
-0.130654
-0.124839
-0.124839
-0.124839
-0.124839
-0.124839
-0.124839
-0.124839
-0.124839
-0.124839
-0.124839
-0.124839
-0.124839
-0.124839
-0.124839
-0.124839
-0.124839
-0.124839
-0.124839
-0.124839
-0.124839
-0.124839
-0.124839
-0.124839
-0.124839
-0.124839
-0.124839
-0.124681
-0.124365
-0.123891
-0.123257
-0.122465
-0.121513
-0.1204
-0.119125
-0.117689
-0.116089
-0.116089
-0.116089
-0.116089
-0.116089
-0.116089
-0.116089
-0.116089
-0.116089
-0.116089
-0.116089
-0.116089
-0.116089
-0.116089
-0.116089
-0.116089
-0.116089
-0.116089
-0.116089
-0.116089
-0.116089
-0.116089
-0.116089
-0.116089
-0.116089
-0.115928
-0.115608
-0.115127
-0.114485
-0.113681
-0.112716
-0.111587
-0.110296
-0.10884
-0.107219
-0.105432
-0.103477
-0.101354
-0.099061
-0.096596
-0.09396
-0.09115
-0.088164
-0.085003
-0.081664
-0.078146
-0.074448
-0.070568
-0.066507
-0.062263
-0.057834
-0.053222
-0.048425
-0.043443
-0.038277
-0.032926
-0.027391
-0.015112
-0.003115
0.008602
0.020043
0.031208
0.042099
0.052715
0.063057
0.073123
0.082913
0.092422
0.10165
0.104732
0.107688
0.110523
0.113242
0.11585
0.118351
0.12075
0.123052
0.125259
0.127376
0.129407
0.131356
0.133224
0.135017
0.129312
0.119325
0.109301
0.099244
0.089157
0.079043
0.068904
0.058745
0.052618
0.052618
0.052618
0.052618
0.052618
0.052618
0.052618
0.052618
0.052618
0.052618
0.052618
0.052618
0.052618
0.052618
0.052618
0.052618
0.052618
0.052618
0.052618
0.052618
0.052618
0.052618
0.052618
0.052618
0.052618
0.052618
0.052659
0.052914
0.05334
0.053937
0.054704
0.055642
0.05675
0.058028
0.059475
0.061091
0.062875
0.064826
0.066944
0.069228
0.071676
0.074287
0.07706
0.079994
0.083087
0.086336
0.08974
0.093296
0.097003
0.100856
0.104854
0.108992
0.113081
0.113081
0.113081
0.113081
0.113081
0.113081
0.113081
0.113081
0.113242
0.113564
0.114046
0.114688
0.115491
0.119951
0.124361
0.128717
0.133013
0.137249
0.141419
0.145521
0.149552
0.153509
0.15739
0.161191
0.163033
0.164795
0.166483
0.168099
0.169647
0.171129
0.172549
0.173908
0.175211
0.176459
0.177654
0.178799
0.179897
0.180948
0.181956
0.182921
0.183846
0.184733
0.185583
0.186398
0.187317
0.190989
0.196165
0.201573
0.206919
0.212203
0.217421
0.222574
0.227658
0.232673
0.237618
0.24249
0.247288
0.252011
0.256657
0.261224
0.265713
0.26681
0.26681
0.26681
0.26681
0.26681
0.26681
0.26681
0.26681
0.26681
0.26681
0.26681
0.26681
0.26681
0.26681
0.26681
0.26681
0.26681
0.26681
0.26681
0.26681
0.26681
0.26681
0.26681
0.26681
0.26681
0.26681
0.26681
0.26681
0.26681
0.26681
0.26681
0.26681
0.26681
0.26681
0.26681
0.26681
0.26681
0.26681
0.26681
0.26681
0.26681
0.26681
0.26681
0.26681
0.26681
0.26681
0.26681
0.26681
0.26681
0.26681
0.26681
0.26681
0.266889
0.267045
0.267278
0.267589
0.267974
0.268434
0.268967
0.26957
0.270242
0.270979
0.27178
0.272641
0.273558
0.274529
0.275549
0.276613
0.277718
0.278858
0.280029
0.281224
0.282438
0.283664
0.284897
0.286128
0.287352
0.287352
0.287352
0.287352
0.287352
0.287352
0.287389
0.287479
0.287616
0.287798
0.288026
0.288297
0.28861
0.288962
0.289352
0.289777
0.290234
0.286696
0.283216
0.279782
0.276382
0.273003
0.269634
0.266265
0.262884
0.259482
0.256049
0.252575
0.249052
0.245469
0.24182
0.238096
0.234289
0.230391
0.226395
0.222294
0.218081
0.21375
0.209295
0.204709
0.199988
0.195125
0.190117
0.184958
0.182712
0.180554
0.178481
0.176491
0.174578
0.172741
0.170977
0.169282
0.167655
0.166092
0.166799
0.173439
0.185559
0.199047
0.212475
0.225838
0.239132
0.252353
0.265498
0.278561
0.291539
0.295489
0.295541
0.295618
0.295719
0.295843
0.295988
0.296153
0.296336
0.296534
0.296744
0.296964
0.29719
0.297418
0.297645
0.291784
0.28624
0.281005
0.275667
0.270527
0.265579
0.260816
0.256232
0.251821
0.247577
0.243494
0.239567
0.23579
0.232158
0.228666
0.225308
0.222079
0.218975
0.215992
0.213124
0.210368
0.207719
0.205173
0.202727
0.200376
0.198118
0.195947
0.193862
0.191859
0.189935
0.188086
0.18631
0.184604
0.182965
0.181391
0.179879
0.178427
0.177032
0.175693
0.174406
0.173171
0.171984
0.170844
0.16975
0.168699
0.167689
0.16672
0.165789
0.164896
0.164037
0.163213
0.162422
0.161662
0.160932
0.160232
0.159559
0.158913
0.158293
0.157697
0.157125
0.156576
0.156049
0.155543
0.155057
0.15459
0.154142
0.153712
0.153299
0.152903
0.152522
0.152156
0.151805
0.151468
0.151145
0.150834
0.150536
0.15025
0.149975
0.149711
0.149458
0.149215
0.148981
0.148757
0.148542
0.148335
0.148137
0.147947
0.147764
0.147588
0.14742
0.147258
0.147103
0.146954
0.146811
0.146673
0.146541
0.146415
0.146293
0.146176
0.146064
0.145957
0.145853
0.145754
0.145659
0.145568
0.14548
0.145607
0.146003
0.146666
0.147329
0.14812
0.149038
0.149828
0.150618
0.151675
0.152732
0.159092
0.170977
0.183612
0.19619
0.208709
0.221164
0.233552
0.245868
0.25811
0.270273
0.282353
0.294348
0.298274
0.298274
0.298274
0.298274
0.298274
0.298274
0.298274
0.298274
0.298274
0.298274
0.298274
0.292302
0.286548
0.281005
0.275667
0.270527
0.265579
0.260816
0.256232
0.251822
0.247578
0.243495
0.239568
0.235792
0.232159
0.228667
0.225309
0.22208
0.218977
0.215993
0.213126
0.210369
0.20772
0.205175
0.202728
0.200378
0.198119
0.195949
0.193864
0.191861
0.189936
0.188088
0.186312
0.184606
0.182967
0.181393
0.179881
0.178429
0.177034
0.175695
0.174408
0.173172
0.171986
0.170846
0.169752
0.168701
0.167691
0.166722
0.165791
0.164898
0.165418
0.169372
0.180954
0.19328
0.205813
0.218283
0.230687
0.24302
0.255279
0.267461
0.279561
0.291575
0.298274
0.298274
0.298274
0.298274
0.298274
0.298274
0.298274
0.298274
0.298274
0.298274
0.298274
0.298274
0.298274
0.298274
0.298274
0.298274
0.298274
0.298263
0.298241
0.298208
0.298162
0.298103
0.298028
0.297936
0.297825
0.297692
0.297535
0.297351
0.297136
0.296887
0.296599
0.296269
0.295893
0.295464
0.294979
0.294433
0.293818
0.29313
0.292362
0.291508
0.290561
0.289515
0.288362
0.287094
0.285705
0.284186
0.28253
0.280728
0.278773
0.278773
0.278773
0.278773
0.278773
0.278773
0.278773
0.278773
0.278773
0.27871
0.278584
0.278395
0.278142
0.277823
0.277437
0.276982
0.276457
0.275859
0.275186
0.274435
0.273602
0.272686
0.271681
0.270584
0.269392
0.268099
0.266703
0.265196
0.263576
0.261835
0.259971
0.257976
0.255844
0.253571
0.251151
0.248576
0.245841
0.24341
0.24341
0.24341
0.24341
0.24341
0.24341
0.24341
0.24341
0.24341
0.24341
0.24341
0.24341
0.24341
0.243405
0.24336
0.24322
0.242954
0.242585
0.242113
0.241538
0.240856
0.240068
0.239171
0.238163
0.237041
0.235804
0.234448
0.23297
0.231368
0.229638
0.227777
0.22578
0.223644
0.221365
0.221148
0.221148
0.221148
0.221148
0.221148
0.221148
0.221148
0.221148
0.221148
0.221148
0.221148
0.221148
0.221148
0.221148
0.221148
0.221123
0.220951
0.220662
0.220254
0.219729
0.219083
0.218317
0.217428
0.216415
0.215277
0.21401
0.212614
-0.211085
-0.209421
-0.207619
-0.205676
-0.20359
-0.201356
-0.198972
-0.196434
-0.196434
-0.196434
-0.196434
-0.196434
-0.196434
-0.196434
-0.196434
-0.196434
-0.196434
-0.196434
-0.196434
-0.196434
-0.196434
-0.196434
-0.196401
-0.196204
-0.195876
-0.195416
-0.194824
-0.194097
-0.193237
-0.19224
-0.191106
-0.189834
-0.18842
-0.186864
-0.185163
-0.183315
-0.181318
-0.179169
-0.176864
-0.174403
-0.171781
-0.168996
-0.166045
-0.162924
-0.159631
-0.156162
-0.152515
-0.152515
-0.152515
-0.152515
-0.152515
-0.152515
-0.152515
-0.152515
-0.152515
-0.152515
-0.152515
-0.152515
-0.152467
-0.152233
-0.15185
-0.151316
-0.150631
-0.149795
-0.148807
-0.147665
-0.146369
-0.144917
-0.143308
-0.141541
-0.139613
-0.137524
-0.135272
-0.132853
-0.130268
-0.127513
-0.124587
-0.121487
-0.118212
-0.116708
-0.116708
-0.116708
-0.116708
-0.116708
-0.116708
-0.116708
-0.116708
-0.116708
-0.116708
-0.11663
-0.116358
-0.115926
-0.115333
-0.114579
-0.113663
-0.112585
-0.111344
-0.10994
-0.10837
-0.106635
-0.104732
-0.102662
-0.100422
-0.098012
-0.095429
-0.092674
-0.089744
-0.086638
-0.086638
-0.086638
-0.086638
-0.086638
-0.086638
-0.086638
-0.086469
-0.086135
-0.085633
-0.084965
-0.084129
-0.083126
-0.081955
-0.080614
-0.079105
-0.077425
-0.075574
-0.073552
-0.071358
-0.06899
-0.066448
-0.063731
-0.063731
-0.063731
-0.063731
-0.063731
-0.063731
-0.063731
-0.063648
-0.06336
-0.062901
-0.062272
-0.061473
-0.060503
-0.059362
-0.05805
-0.056566
-0.054909
-0.05308
-0.051077
-0.048901
-0.04655
-0.044024
-0.041323
-0.038446
-0.035392
-0.032162
-0.028756
-0.028756
-0.028756
-0.028756
-0.028756
-0.028756
-0.028756
-0.028756
-0.028756
-0.028756
-0.028756
-0.022074
-0.015658
-0.009498
-0.003584
0.002094
0.007544
0.012777
0.017799
0.02262
0.027247
0.031687
0.03595
0.040041
0.043967
0.047734
0.051351
0.054821
0.058151
0.061348
0.064475
0.067637
0.070804
0.073978
0.07716
0.08035
0.08355
0.086761
0.089983
0.093218
0.096464
0.099724
0.102997
0.106283
0.109582
0.112893
0.116217
0.119551
0.122896
0.126249
0.12961
0.130757
0.131857
0.132913
0.133927
0.1349
0.135833
0.136729
0.137589
0.138414
0.139206
0.139966
0.140696
0.141396
0.142068
0.142714
0.143333
0.143927
0.144497
0.145045
0.14557
0.146075
0.146559
0.147024
0.14747
0.147898
0.148309
0.148704
0.149082
0.149446
0.149795
0.150129
0.150451
0.15076
0.151056
0.15134
0.151613
0.151875
0.152126
0.152368
0.1526
0.152822
0.153036
0.153241
0.153437
0.153626
0.153808
0.153982
0.154149
0.154309
0.154463
0.154611
0.154753
0.154889
0.15502
0.155145
0.155266
0.155381
0.155492
0.155599
0.155701
0.1558
0.155894
0.155984
0.156071
0.156155
0.156235
0.156312
0.156386
0.156456
0.156524
0.15659
0.156652
0.156713
0.15677
0.156826
0.156879
0.15693
0.156979
0.157026
0.157072
0.157115
0.157157
0.157197
0.157235
0.157272
0.157307
0.157341
0.157374
0.157405
0.157435
0.157464
0.157492
0.157519
0.157544
0.157569
0.157592
0.157615
0.157636
0.157657
0.157677
0.157697
0.157715
0.157733
0.15775
0.157766
0.157782
0.157797
0.157811
0.157825
0.157838
0.157851
0.157863
0.157875
0.157886
0.157897
0.157908
0.157918
0.157927
0.157937
0.157945
0.157954
0.157962
0.15797
0.157977
0.157985
0.157992
0.157998
0.158005
0.158011
0.158017
0.158022
0.158028
0.158033
0.158038
0.158043
0.158048
0.158052
0.158056
0.15806
0.158064
0.158068
0.158072
0.158075
0.158078
0.158082
0.158085
0.158088
0.15809
0.158093
0.158096
0.158098
0.158101
0.158103
0.158105
0.158107
0.158109
0.158111
0.158113
0.158115
0.158117
0.158119
0.15812
0.158122
0.158123
0.158125
0.158126
0.158127
0.158129
0.15813
0.158131
0.158132
0.158133
0.158134
0.158135
0.158136
0.158137
0.158138
0.158139
0.15814
0.158141
0.158141
0.158142
0.158143
0.158143
0.158143
0.158143
0.158143
0.158143
0.158143
0.158143
0.158143
0.158143
0.158143
0.158143
0.158143
0.158143
0.158143
0.158143
0.158143
0.158143
0.158143
0.158143
0.158143
0.158143
0.158143
0.158143
0.158143
0.158143
0.158143
0.158143
0.158143
0.158143
0.158143
0.158143
0.158143
0.158143
0.158143
0.158143
0.158143
0.158143
0.158143
0.158143
0.158143
0.158143
0.158143
0.158143
0.158143
0.158143
0.158143
0.158143
0.158143
0.158143
0.158143
0.158143
0.158143
0.158143
0.158143
0.158143
0.15805
0.157872
0.157607
0.157254
0.156814
0.156286
0.155668
0.15496
0.15416
0.153266
0.152278
0.151194
0.150011
0.150275
0.151371
0.152405
0.153377
0.154429
0.155281
0.156073
0.156805
0.157476
0.158086
0.158632
0.159116
0.163276
0.174267
0.185958
0.19778
0.209731
0.221806
0.233999
0.246301
0.260768
0.275155
0.286016
0.286016
0.286016
0.286016
0.286016
0.286016
0.286016
0.286016
0.286016
0.286016
0.286016
0.285965
0.285864
0.285712
0.285507
0.285249
0.284937
0.284567
0.28414
0.283651
0.283099
0.282481
0.281794
0.281033
0.280196
0.279279
0.278277
0.277186
0.276002
0.274719
0.273332
0.271835
0.270224
0.268493
0.266635
0.264644
0.262514
0.260239
0.257812
0.255226
0.252474
0.24955
0.246446
0.243156
0.243156
0.243156
0.243156
0.243156
0.243156
0.243156
0.243156
0.243156
0.243055
0.242852
0.242548
0.242141
0.241631
0.241016
0.240294
0.239465
0.238525
0.237474
0.236308
0.235026
0.233623
0.232097
0.230446
0.228665
0.226751
0.224701
0.222509
0.220173
0.217688
0.21505
0.212255
-0.209297
-0.206172
-0.202877
-0.199405
-0.195753
-0.191916
-0.187889
-0.183668
-0.179247
-0.174624
-0.169793
-0.164751
-0.159494
-0.154017
-0.148319
-0.142395
-0.136243
-0.12986
-0.123246
-0.116397
-0.109314
-0.101996
-0.094444
-0.094444
-0.094444
-0.094444
-0.094444
-0.094444
-0.094444
-0.094444
-0.094444
-0.094444
-0.094444
-0.094444
-0.094444
-0.094444
-0.094444
-0.094444
-0.094444
-0.094434
-0.09423
-0.09386
-0.093325
-0.092625
-0.091758
-0.090725
-0.089525
-0.088158
-0.086622
-0.084917
-0.083041
-0.073537
-0.06421
-0.055054
-0.048497
-0.042199
-0.036151
-0.030344
-0.024767
-0.019412
-0.014271
-0.009335
-0.004597
-0.000047
0.00432
0.008513
0.012537
0.016401
0.020109
0.023669
0.027087
0.030367
0.033515
0.036537
0.039438
0.042222
0.044894
0.04746
0.049922
0.052413
0.054934
0.057488
0.060075
0.062697
0.065356
0.068053
0.070788
0.073564
0.07638
0.079238
0.082138
0.085081
0.088066
0.091094
0.094165
0.097277
0.100431
0.103625
0.106858
0.110129
0.113437
0.116779
0.120153
0.123556
0.126986
0.13044
0.131105
0.131743
0.132356
0.132944
0.133509
0.134051
0.134571
0.13507
0.135549
0.136009
0.136451
0.136875
0.137282
0.137672
0.138047
0.138407
0.138752
0.139084
0.139402
0.139708
0.140001
0.140282
0.140553
0.140812
0.141061
0.1413
0.14153
0.14175
0.141961
0.142164
0.142359
0.142546
0.142726
0.142898
0.143064
0.143223
0.143375
0.143522
0.143662
0.143797
0.143927
0.144051
0.14417
0.144285
0.144395
0.1445
0.144602
0.144699
0.144792
0.144882
0.144968
0.145051
0.14513
0.145206
0.145279
0.14535
0.145417
0.145482
0.145544
0.145603
0.145661
0.145715
0.145768
0.145819
0.145867
0.145914
0.145959
0.146002
0.146043
0.146083
0.146121
0.146157
0.146192
0.146226
0.146258
0.146289
0.146319
0.146348
0.146375
0.146402
0.146427
0.146451
0.146475
0.146497
0.146518
0.146539
0.146559
0.146578
0.146596
0.146614
0.14663
0.146647
0.146662
0.146677
0.146691
0.146705
0.146718
0.146731
0.146743
0.146755
0.146766
0.146777
0.146787
0.146797
0.146806
0.146816
0.146824
0.146833
0.146841
0.146849
0.146856
0.146863
0.14687
0.146877
0.146883
0.146889
0.146895
0.146901
0.146906
0.146911
0.146916
0.146921
0.146925
0.14693
0.146934
0.146938
0.146942
0.146946
0.146949
0.146953
0.146956
0.146959
0.146962
0.146965
0.146968
0.146971
0.146973
0.146976
0.146978
0.146981
0.146983
0.146985
0.146987
0.146989
0.146991
0.146993
0.146994
0.146996
0.146998
0.146999
0.147001
0.147002
0.147003
0.147005
0.147006
0.147007
0.147008
0.147009
0.14701
0.147011
0.147012
0.147013
0.147014
0.147015
0.147016
0.147017
0.147018
0.147018
0.147019
0.14702
0.14702
0.14702
0.14702
0.14702
0.14702
0.14702
0.14702
0.14702
0.14702
0.14702
0.14702
0.14702
0.14702
0.14702
0.14702
0.14702
0.14702
0.14702
0.14702
0.14702
0.14702
0.14702
0.14702
0.14702
0.14702
0.14702
0.14702
0.14702
0.14702
0.14702
0.14702
0.14702
0.14702
0.14702
0.14702
0.14702
0.14702
0.14702
0.14702
0.14702
0.14702
0.14702
0.14702
0.14702
0.14702
0.14702
0.14702
0.14702
0.14702
0.14702
0.14702
0.14702
0.14702
0.14702
0.14702
0.14702
0.14702
0.14702
0.14702
0.14702
0.151182
0.158978
0.169986
0.182374
0.194707
0.206981
0.219192
0.231336
0.243409
0.255409
0.26733
0.27917
0.290925
0.298614
0.298614
0.298614
0.298614
0.298614
0.298614
0.298614
0.298614
0.292777
0.287152
0.281733
0.276513
0.271487
0.266648
0.26199
0.257507
0.253193
0.249041
0.245048
0.241206
0.237511
0.233957
0.23054
0.227254
0.224095
0.221058
0.218138
0.215332
0.212634
0.210042
0.20755
0.205156
0.202855
0.200644
0.19852
0.196479
0.194518
0.192634
0.190824
0.189085
0.187415
0.185811
0.18427
0.182789
0.181368
0.180002
0.17869
0.177431
0.176221
0.175059
0.173943
0.172871
0.171842
0.170853
0.169904
0.168993
0.168118
0.167277
0.16647
0.165695
0.164951
0.164236
0.16355
0.162891
0.162258
0.161651
0.161068
0.160508
0.15997
0.159454
0.158958
0.158482
0.158025
0.157586
0.157165
0.156761
0.156372
0.155999
0.155641
0.155298
0.154968
0.154651
0.154347
0.154055
0.153774
0.153505
0.153247
0.152999
0.152761
0.152532
0.152312
0.152102
0.151899
0.151705
0.151518
0.151339
0.151167
0.151002
0.150844
0.150692
0.150546
0.150406
0.150271
0.150142
0.150018
0.149899
0.149784
0.149675
0.149569
0.149468
0.149371
0.149278
0.149188
0.149102
0.14902
0.148941
0.148865
0.148792
0.148722
0.148654
0.14859
0.148528
0.148468
0.148411
0.148356
0.148304
0.148253
0.148205
0.148158
0.148113
0.14807
0.148029
0.14799
0.147952
0.147915
0.14788
0.147847
0.147814
0.147783
0.147754
0.147725
0.147698
0.147671
0.147646
0.147622
0.147599
0.147576
0.147555
0.147534
0.147515
0.147496
0.147477
0.14746
0.147443
0.147427
0.147412
0.147397
0.147382
0.147369
0.147356
0.147343
0.147331
0.147319
0.147308
0.147297
0.147287
0.147277
0.147268
0.147259
0.14725
0.147242
0.147234
0.147226
0.147219
0.147212
0.147205
0.147198
0.147192
0.147186
0.14718
0.147175
0.147169
0.147164
0.147159
0.147154
0.14715
0.147146
0.147141
0.147137
0.147134
0.14713
0.147126
0.147123
0.14712
0.147117
0.147114
0.147111
0.147108
0.147105
0.147103
0.1471
0.147098
0.147096
0.147094
0.147091
0.147089
0.147088
0.147086
0.147084
0.147082
0.147081
0.147079
0.147078
0.147076
0.147075
0.147074
0.147072
0.147071
0.14707
0.147069
0.147068
0.147067
0.147066
0.147042
0.148216
0.15216
0.157586
0.164504
0.173312
0.182207
0.191452
0.200796
0.210128
0.219457
0.228794
0.238542
0.24885
0.259997
0.27159
0.28378
0.296042
0.295795
0.295295
0.294729
0.29409
0.293372
0.292569
0.291673
0.291673
0.291673
0.291673
0.291673
0.291673
0.291673
0.291662
0.291603
0.291505
0.291369
0.291192
0.290974
0.290712
0.290405
0.290051
0.289646
0.28919
0.288677
0.288105
0.28747
0.286769
0.285996
0.285149
0.284221
0.283208
0.282105
0.280906
0.279605
0.278197
0.276676
0.275035
0.273267
0.271366
0.269325
0.267137
0.267137
0.267137
0.267137
0.267137
0.267137
0.267137
0.267137
0.267137
0.267059
0.266903
0.266668
0.266353
0.265958
0.265481
0.26492
0.264274
0.26354
0.262716
0.261799
0.260786
0.259675
0.258462
0.257143
0.255715
0.254173
0.252514
0.250732
0.248823
0.246782
0.244605
0.242286
0.23982
0.237202
0.234426
0.231486
0.228377
0.225092
0.221628
0.217977
0.214133
-0.210092
-0.205848
-0.202585
-0.201224
-0.201224
-0.201224
-0.201224
-0.201224
-0.201224
-0.201224
-0.192888
-0.184872
-0.177165
-0.169755
-0.162632
-0.155785
-0.149205
-0.142882
-0.136805
-0.130967
-0.125358
-0.119969
-0.114793
-0.10982
-0.105043
-0.100455
-0.096049
-0.091817
-0.087752
-0.083849
-0.080101
-0.076501
-0.073044
-0.069725
-0.066538
-0.063477
-0.060539
-0.057717
-0.055008
-0.052406
-0.049909
-0.047511
-0.045208
-0.042998
-0.040876
-0.038838
-0.036882
-0.035004
-0.033201
-0.03147
-0.029808
-0.028212
-0.02668
-0.02521
-0.023798
-0.022442
-0.021141
-0.019892
-0.024844
-0.034236
-0.048402
-0.064682
-0.081655
-0.098604
-0.115523
-0.132407
-0.149251
-0.166048
-0.182795
-0.199487
-0.201224
-0.201224
-0.201224
-0.201224
-0.201224
-0.201224
-0.201224
-0.201224
-0.201224
-0.201224
-0.201224
-0.201224
-0.201224
-0.201224
-0.201224
-0.201224
-0.201224
-0.201224
-0.201224
-0.201224
-0.201224
-0.201224
-0.201224
-0.201224
-0.201095
-0.200838
-0.200451
-0.199935
-0.199288
-0.198509
-0.197598
-0.196553
-0.195371
-0.194052
-0.192594
-0.190994
-0.18925
-0.18736
-0.185322
-0.183131
-0.180787
-0.178285
-0.175623
-0.172798
-0.169807
-0.166645
-0.163311
-0.159801
-0.156112
-0.15224
-0.148182
-0.143935
-0.139496
-0.134862
-0.130031
-0.125213
-0.125213
-0.125213
-0.125213
-0.125213
-0.125213
-0.125213
-0.125213
-0.125055
-0.124739
-0.124265
-0.123632
-0.122841
-0.121889
-0.120776
-0.119503
-0.118067
-0.116468
-0.114704
-0.112775
-0.110679
-0.108414
-0.10598
-0.103374
-0.100596
-0.097644
-0.094516
-0.091211
-0.087728
-0.084064
-0.08022
-0.076192
-0.071982
-0.071315
-0.071315
-0.071315
-0.071315
-0.071315
-0.071315
-0.071315
-0.071315
-0.071315
-0.071315
-0.071315
-0.071315
-0.071315
-0.071315
-0.071315
-0.071315
-0.071315
-0.071315
-0.071315
-0.071315
-0.071315
-0.071315
-0.071315
-0.071315
-0.07131
-0.071122
-0.070759
-0.070227
-0.069526
-0.068656
-0.067615
-0.066404
-0.065022
-0.063469
-0.061744
-0.059846
-0.057776
-0.055531
-0.053113
-0.050519
-0.04775
-0.044805
-0.041683
-0.038385
-0.034908
-0.031254
-0.027921
-0.027599
-0.027599
-0.027599
-0.027599
-0.027599
-0.027599
-0.027599
-0.027599
-0.027573
-0.027333
-0.02692
-0.026334
-0.025574
-0.024641
-0.023534
-0.022254
-0.0208
-0.012654
-0.004656
0.003198
0.010913
0.018491
0.025936
0.033252
0.040441
0.047507
0.054452
0.061278
0.067989
0.074585
0.081067
0.087438
0.093697
0.099845
0.105882
0.111807
0.11762
0.123318
0.128902
0.13091
0.132837
0.134686
0.136459
0.13816
0.139792
0.141357
0.142859
0.144299
0.145682
0.147008
0.14828
0.149501
0.150672
0.151796
0.152874
0.153908
0.154901
0.155853
0.156767
0.157644
0.158486
0.159227
0.159839
0.160336
0.16072
0.160993
0.161157
0.161213
0.161162
0.161005
0.160742
0.160374
0.159901
0.159321
0.158636
0.157842
0.15694
0.155929
0.154805
0.153569
0.152217
0.150748
0.151151
0.151538
0.151909
0.152265
0.152608
0.152936
0.153251
0.153554
0.153844
0.154123
0.154387
0.154538
0.154591
0.154547
0.154405
0.154165
0.153828
0.153393
0.15286
0.152679
0.152861
0.153037
0.153205
0.153366
0.153521
0.15367
0.153813
0.15395
0.154082
0.154208
0.154329
0.154446
0.154557
0.154665
0.154768
0.154867
0.154962
0.155053
0.15514
0.155224
0.155305
0.155382
0.155456
0.155528
0.155596
0.155662
0.155725
0.155786
0.155844
0.1559
0.155953
0.156005
0.156054
0.156101
0.156147
0.156191
0.156233
0.156273
0.156312
0.156349
0.156384
0.156419
0.156451
0.156483
0.156513
0.156542
0.15657
0.156597
0.156623
0.156647
0.156671
0.156694
0.156716
0.156737
0.156757
0.156776
0.156795
0.156813
0.15683
0.156846
0.156862
0.156877
0.156892
0.156905
0.156919
0.156932
0.156944
0.156956
0.156967
0.156978
0.156989
0.156999
0.157009
0.157018
0.157027
0.157035
0.157044
0.157051
0.157059
0.157066
0.157073
0.15708
0.157086
0.157093
0.157098
0.157104
0.15711
0.157115
0.15712
0.157125
0.157129
0.157134
0.157138
0.157142
0.157146
0.15715
0.157154
0.157157
0.157161
0.157164
0.157167
0.15717
0.157173
0.157175
0.157178
0.157181
0.157183
0.157185
0.157188
0.15719
0.157192
0.157194
0.157196
0.157198
0.157199
0.157201
0.157203
0.157204
0.157206
0.157207
0.157209
0.15721
0.157211
0.157212
0.157214
0.157215
0.157216
0.157217
0.157218
0.157219
0.15722
0.157221
0.157222
0.157222
0.157223
0.157224
0.157225
0.157225
0.157226
0.157227
0.157227
0.157227
0.157227
0.157227
0.157227
0.157227
0.157226
0.158591
0.163784
0.173895
0.185263
0.19657
0.207835
0.219073
0.230302
0.241536
0.252791
0.264081
0.27542
0.286821
0.298296
0.298556
0.298556
0.298556
0.298556
0.298556
0.298556
0.298556
0.298556
0.298556
0.298556
0.298556
0.298556
0.298556
0.298549
0.298533
0.298509
0.298476
0.298432
0.298376
0.298306
0.29822
0.298115
0.29799
0.29784
0.297662
0.297454
0.29721
0.296927
0.2966
0.296225
0.295796
0.295308
0.294755
0.294132
0.293432
0.292648
0.291775
0.290805
0.289731
0.288546
0.287241
0.285809
0.284243
0.282533
0.280672
0.27865
0.27646
0.274093
0.271539
0.268791
0.265838
0.262673
0.259286
0.255669
0.251813
0.247709
0.243349
0.238725
0.23383
0.228655
0.223194
0.217439
0.217439
0.217439
0.217439
0.217439
0.217439
0.217439
0.209128
0.201135
0.193448
0.186057
0.178952
0.172121
0.165555
0.159245
0.153181
0.147353
0.141754
0.136374
0.131206
0.12624
0.121471
0.116889
0.112488
0.10826
0.1042
0.100301
0.096556
0.09296
0.089506
0.086189
0.083004
0.079945
0.077009
0.074188
0.071481
0.06888
0.066384
0.063987
0.061685
0.059475
0.057354
0.055316
0.053361
0.051483
0.04968
0.047949
0.046287
0.044691
0.04316
0.041689
0.040402
0.039297
0.038372
0.037623
0.03705
0.036649
0.03642
0.03636
0.036466
0.036738
0.037173
0.036273
0.03541
0.03458
0.033784
0.03302
0.032286
0.031582
0.030906
0.030257
0.029633
0.029035
0.028461
0.027909
0.02738
0.026872
0.026384
0.025915
0.025466
0.025034
0.02462
0.024222
0.02384
0.023473
0.023121
0.022784
0.022459
0.022148
0.021849
0.021562
0.021286
0.021022
0.020768
0.020524
0.02029
0.020065
0.01985
0.019643
0.019444
0.019253
0.01907
0.018894
0.018725
0.018563
0.018408
0.018258
0.018115
0.017977
0.017845
0.017718
0.017596
0.017479
0.017367
0.017259
0.017156
0.017057
0.016961
0.01687
0.016782
0.016698
0.016617
0.016539
0.016464
0.016393
0.016324
0.016258
0.016194
0.016134
0.016075
0.016019
0.015965
0.015914
0.008654
-0.008348
-0.025347
-0.042339
-0.059318
-0.076279
-0.093217
-0.110126
-0.127002
-0.143839
-0.160632
-0.177376
-0.194066
-0.196497
-0.196497
-0.196497
-0.196497
-0.196497
-0.196497
-0.196497
-0.188163
-0.180149
-0.172444
-0.165036
-0.157916
-0.151072
-0.144494
-0.138174
-0.132101
-0.126265
-0.120659
-0.115274
-0.1101
-0.10513
-0.100357
-0.095772
-0.091369
-0.08714
-0.083078
-0.079178
-0.075432
-0.071835
-0.068381
-0.065065
-0.06188
-0.058822
-0.055886
-0.053067
-0.05036
-0.047761
-0.045266
-0.04287
-0.04057
-0.038362
-0.036241
-0.034206
-0.032252
-0.030375
-0.028574
-0.026845
-0.025184
-0.02359
-0.02206
-0.020591
-0.019181
-0.025555
-0.04112
-0.0581
-0.075062
-0.092002
-0.108913
-0.125792
-0.142632
-0.159428
-0.176176
-0.19287
-0.196497
-0.196497
-0.196497
-0.196497
-0.196497
-0.196497
-0.196497
-0.196497
-0.196497
-0.188163
-0.180149
-0.172444
-0.165036
-0.157916
-0.151072
-0.144494
-0.138174
-0.132101
-0.126265
-0.120659
-0.115274
-0.1101
-0.10513
-0.100357
-0.095772
-0.091369
-0.08714
-0.083078
-0.079178
-0.075432
-0.071835
-0.068381
-0.065065
-0.06188
-0.058822
-0.055886
-0.053067
-0.05036
-0.047761
-0.045266
-0.04287
-0.04057
-0.038362
-0.036241
-0.034206
-0.032252
-0.030375
-0.028574
-0.026845
-0.025184
-0.02359
-0.02393
-0.02959
-0.040906
-0.057886
-0.074849
-0.091789
-0.108701
-0.12558
-0.14242
-0.159217
-0.175966
-0.19266
-0.196497
-0.196497
-0.196497
-0.196497
-0.196497
-0.196497
-0.196497
-0.196497
-0.196497
-0.196497
-0.196497
-0.196497
-0.196497
-0.196497
-0.196497
-0.196497
-0.188163
-0.180149
-0.172444
-0.165036
-0.157916
-0.151072
-0.144494
-0.138174
-0.132101
-0.126265
-0.120659
-0.115274
-0.1101
-0.10513
-0.100357
-0.095772
-0.091369
-0.08714
-0.083078
-0.079178
-0.075432
-0.071835
-0.068381
-0.065065
-0.06188
-0.058822
-0.055886
-0.053067
-0.05036
-0.047761
-0.045266
-0.04287
-0.04057
-0.038362
-0.036241
-0.034206
-0.032252
-0.030375
-0.028574
-0.026845
-0.025184
-0.02359
-0.028893
-0.042035
-0.058045
-0.074619
-0.091038
-0.107295
-0.123382
-0.139294
-0.155021
-0.170557
-0.185893
-0.187709
-0.186081
-0.184307
-0.182385
-0.180312
-0.178086
-0.175704
-0.173163
-0.17046
-0.167593
-0.164558
-0.161352
-0.157972
-0.154415
-0.150677
-0.146756
-0.142649
-0.138353
-0.133864
-0.129181
-0.1243
-0.11922
-0.113937
-0.108451
-0.102758
-0.096859
-0.090752
-0.084436
-0.07791
-0.071176
-0.064233
-0.057083
-0.049728
-0.04217
-0.034411
-0.026455
-0.018307
-0.009972
-0.001455
0.007237
0.016097
0.016097
0.021957
0.027581
0.032978
0.038158
0.043127
0.047896
0.052472
0.056863
0.061088
0.065316
0.069516
0.073687
0.077831
0.081947
0.086035
0.090095
0.094129
0.098136
0.102116
0.10607
0.108521
0.110872
0.113127
0.115291
0.117367
0.119359
0.12127
0.123104
0.124863
0.126551
0.128171
0.129725
0.131216
0.128926
0.123412
0.115124
0.104508
0.093485
0.082146
0.070595
0.058813
0.046784
0.034489
0.021878
0.020317
0.018583
0.016674
0.01459
0.012332
0.0099
0.007294
0.004512
0.004512
0.004512
0.004512
0.010598
0.016439
0.022046
0.027427
0.032591
0.037547
0.042302
0.046866
0.051245
0.055448
0.05948
0.063349
0.067061
0.070623
0.074041
0.07732
0.080467
0.083486
0.086383
0.089162
0.09183
0.094389
0.096844
0.0992
0.101461
0.103631
0.105712
0.10771
0.109627
0.111466
0.113231
0.114925
0.11655
0.11811
0.119606
0.121043
0.122421
0.123744
0.125013
0.126231
0.127401
0.128523
0.129599
0.130633
0.131625
0.132577
0.13349
0.134367
0.135209
0.136016
0.136792
0.137536
0.13825
0.138935
0.139593
0.140224
0.14083
0.141412
0.141971
0.142506
0.143021
0.143515
0.143989
0.144444
0.14488
0.145299
0.145702
0.146088
0.146459
0.146814
0.147156
0.147484
0.147799
0.148101
0.148391
0.148669
0.148936
0.149193
0.149439
0.149675
0.149902
0.15012
0.150329
0.15053
0.150722
0.150907
0.151085
0.151255
0.151419
0.151576
0.151727
0.151871
0.15201
0.152144
0.152272
0.152395
0.152513
0.152626
0.152735
0.152839
0.152939
0.153035
0.153128
0.153216
0.153302
0.153383
0.153462
0.153537
0.153609
0.153679
0.153745
0.153809
0.153871
0.153929
0.153986
0.15404
0.154093
0.154143
0.154191
0.154237
0.154281
0.154323
0.154364
0.154403
0.154441
0.154477
0.154512
0.154545
0.154577
0.154608
0.154637
0.154666
0.154693
0.154719
0.154744
0.154768
0.154791
0.154813
0.154834
0.154855
0.154874
0.154893
0.154911
0.154928
0.154945
0.154961
0.154976
0.154991
0.155005
0.155019
0.155032
0.155044
0.155056
0.155068
0.155079
0.15509
0.1551
0.15511
0.155119
0.155128
0.155137
0.155145
0.155153
0.155161
0.155168
0.155175
0.155182
0.155189
0.155195
0.155201
0.155207
0.155212
0.155217
0.155223
0.155227
0.155232
0.155237
0.155241
0.155245
0.155249
0.155253
0.155257
0.15526
0.155264
0.155267
0.15527
0.155273
0.155276
0.155279
0.155281
0.155284
0.155286
0.155289
0.155291
0.155293
0.155295
0.155297
0.155299
0.155301
0.155303
0.155305
0.155306
0.155308
0.155309
0.155311
0.155312
0.155314
0.155315
0.155316
0.155317
0.155318
0.15532
0.155321
0.155322
0.155323
0.155323
0.155324
0.155325
0.155326
0.155327
0.155328
0.155328
0.155329
0.15533
0.15533
0.15533
0.15533
0.15533
0.15533
0.15533
0.15533
0.15533
0.15533
0.15533
0.15533
0.15533
0.15533
0.15533
0.15533
0.15533
0.15533
0.15533
0.15533
0.151376
0.146549
0.141095
0.13501
0.128545
0.120689
0.111703
0.102194
0.092388
0.08228
0.072098
0.061585
0.050849
0.039999
0.028777
0.017292
0.005532
-0.006512
-0.011385
-0.013824
-0.016435
-0.019219
-0.022175
-0.025301
-0.028598
-0.032064
-0.035699
-0.0395
-0.043467
-0.047598
-0.051891
-0.056343
-0.060953
-0.065717
-0.070633
-0.063312
-0.05628
-0.049525
-0.043038
-0.036807
-0.030824
-0.025079
-0.019563
-0.014266
-0.00933
-0.004742
-0.000488
0.003442
0.007061
0.010377
0.013401
0.016143
0.018611
0.020813
0.022756
0.024447
0.025894
0.027101
0.028075
0.02882
0.029341
0.029643
0.029729
0.029603
0.029268
0.028727
0.027984
0.030129
0.032188
0.034164
0.036061
0.037883
0.039631
0.041309
0.04292
0.044466
0.045951
0.047376
0.048743
0.050056
0.051317
0.052527
0.053688
0.054803
0.055873
0.0569
0.057886
0.058833
0.059742
0.060614
0.061451
0.062255
0.063027
0.063767
0.064478
0.065162
0.065867
0.066616
0.067407
0.068357
0.069407
0.070552
0.071793
0.073129
0.074562
0.07609
0.077714
0.079433
0.081247
0.083155
0.085157
0.087251
0.073859
0.060704
0.047804
0.03518
0.022852
0.01084
-0.000833
-0.012144
-0.023071
-0.033589
-0.043674
-0.052745
-0.047924
-0.042919
-0.037729
-0.032355
-0.026797
-0.021056
-0.015133
-0.009031
-0.002751
0.003703
0.003703
0.003703
0.009804
0.01566
0.021281
0.026676
0.031853
0.036822
0.04159
0.046166
0.050556
0.054769
0.058812
0.062691
0.066413
0.069985
0.073411
0.076699
0.079854
0.082881
0.085786
0.088573
0.091247
0.093813
0.096276
0.098638
0.100905
0.10308
0.105168
0.10717
0.109092
0.110937
0.112706
0.114405
0.116034
0.117598
0.119099
0.120589
0.122151
0.123761
0.125419
0.127124
0.128876
0.130676
0.132522
0.134413
0.13635
0.138331
0.139213
0.140059
0.140872
0.141651
0.1424
0.143118
0.143807
0.144469
0.145104
0.145713
0.146298
0.14686
0.147399
0.147916
0.148413
0.148889
0.149347
0.149786
0.150207
0.150612
0.151
0.151373
0.15173
0.152074
0.152404
0.15272
0.153024
0.153315
0.153595
0.153864
0.154122
0.154369
0.154607
0.154835
0.155054
0.155264
0.155466
0.155659
0.155845
0.156024
0.156282
0.156621
0.157039
0.157536
0.158111
0.158764
0.159494
0.160299
0.161179
0.162131
0.163155
0.164248
0.165408
0.165503
0.165594
0.165681
0.165765
0.165846
0.165923
0.165997
0.166068
0.166137
0.166202
0.166265
0.166326
0.166384
0.166439
0.166493
0.166544
0.166594
0.166641
0.166686
0.16673
0.166772
0.166812
0.166851
0.166888
0.166923
0.166957
0.16699
0.167022
0.167052
0.167081
0.167109
0.167135
0.167161
0.167186
0.167209
0.167232
0.167254
0.167275
0.167295
0.167314
0.167333
0.167351
0.167368
0.167384
0.1674
0.167415
0.16743
0.167443
0.167457
0.16747
0.170052
0.175873
0.184244
0.193792
0.204012
0.214469
0.224854
0.235185
0.245481
0.255762
0.266046
0.27635
0.286692
0.297087
0.29824
0.298364
0.298482
0.298591
0.298685
0.298761
0.298812
0.298835
0.298824
0.298773
0.298675
0.298525
0.298316
0.298041
0.297693
0.297455
0.297455
0.297455
0.297455
0.297455
0.297455
0.297439
0.297405
0.297353
0.297283
0.297194
0.297083
0.296948
0.296789
0.296602
0.296385
0.296135
0.295847
0.29552
0.295149
0.294729
0.294257
0.293727
0.293135
0.292475
0.291741
0.290929
0.290031
0.289042
0.287954
0.286761
0.285457
0.284033
0.282482
0.27342
0.26436
0.255295
0.246217
0.237119
0.230818
0.224757
0.21893
0.213327
0.20794
0.202761
0.197783
0.192998
0.1884
0.183981
0.179734
0.175654
0.171733
0.167966
0.164347
0.16087
0.15753
0.154322
0.15124
0.14828
0.145437
0.142706
0.140083
0.137563
0.135144
0.13282
0.130589
0.128446
0.126388
0.124412
0.122514
0.120692
0.118942
0.117262
0.115648
0.114099
0.112612
0.111183
0.109812
0.108495
0.107231
0.106017
0.104851
0.103732
0.102657
0.098035
0.089538
0.07553
0.060299
0.044861
0.029566
0.014428
-0.000537
-0.015315
-0.02989
-0.044247
-0.058368
-0.07224
-0.085843
-0.099162
-0.10319
-0.100571
-0.097779
-0.094813
-0.091671
-0.088352
-0.088352
-0.088352
-0.088352
-0.088352
-0.088352
-0.088352
-0.088206
-0.087884
-0.087396
-0.086741
-0.085919
-0.08493
-0.083772
-0.082447
-0.080952
-0.079288
-0.077452
-0.075446
-0.073267
-0.070916
-0.06839
-0.06569
-0.062814
-0.059761
-0.056532
-0.053124
-0.049538
-0.045773
-0.041828
-0.037703
-0.033399
-0.028914
-0.024249
-0.019405
-0.014382
-0.009181
-0.003803
0.001749
0.007475
0.013372
0.019436
0.025667
0.032059
0.038608
0.04531
0.052161
0.059153
0.066282
0.07354
0.080919
0.088411
0.096008
0.103699
0.111474
0.111474
0.111474
0.111474
0.111474
0.111474
0.111474
0.111474
0.111474
0.111474
0.111474
0.111474
0.111474
0.111474
0.111474
0.111474
0.111474
0.115109
0.11859
0.121925
0.125118
0.128176
0.131106
0.133912
0.1366
0.139175
0.141642
0.144005
0.14534
0.148075
0.152051
0.157109
0.163091
0.169397
0.175873
0.182446
0.189036
0.195572
0.202051
0.208473
0.214907
0.221279
0.227585
0.233825
0.239997
0.246098
0.252127
0.258083
0.263963
0.269766
0.27549
0.277266
0.277266
0.277266
0.277266
0.277266
0.277266
0.277266
0.277266
0.277266
0.277266
0.277266
0.277266
0.277266
0.277266
0.277266
0.277266
0.277331
0.27746
0.277653
0.27791
0.278228
0.278607
0.279045
0.27954
0.280089
0.28069
0.281341
0.282037
0.282776
0.283554
0.284366
0.285209
0.286078
0.286966
0.287871
0.288784
0.289702
0.290616
0.291522
0.292411
0.293276
0.294111
0.294906
0.295653
0.296345
0.296972
0.297525
0.297525
0.297525
0.297525
0.297525
0.297525
0.297525
0.297525
0.297541
0.297573
0.297621
0.297682
0.297757
0.297844
0.297941
0.298045
0.298155
0.298267
0.298379
0.298487
0.298588
0.298677
0.298751
0.298804
0.298833
0.298831
0.298794
0.298715
0.292739
0.286773
0.280808
0.274833
0.268836
0.262809
0.256742
0.250627
0.244454
0.238216
0.231905
0.225514
0.219036
0.212466
0.205797
0.199025
0.192143
0.185149
0.178038
0.170806
0.163452
0.155972
0.148365
0.140629
0.132765
0.124772
0.116651
0.108403
0.10003
0.091534
0.089064
0.086692
0.084414
0.082227
0.080127
0.078111
0.076175
0.074316
0.072532
0.070818
0.069173
0.067593
0.066077
0.064621
0.063223
0.06188
0.060592
0.059355
0.058167
0.057027
0.055932
0.054881
0.053872
0.052903
0.051973
0.05108
0.050222
0.049399
0.054155
0.068564
0.085397
0.102205
0.118981
0.135721
0.15242
0.169072
0.185672
0.201396
0.217144
0.232905
0.235361
0.234674
0.234001
0.233345
0.232704
0.23208
0.231472
0.230881
0.229806
0.227938
0.226001
0.223994
0.22192
0.219778
0.217569
0.215294
0.212953
0.210547
0.199627
0.188974
0.178586
0.168458
0.158589
0.148973
0.139606
0.130485
0.121605
0.11296
0.104873
0.121644
0.139845
0.157989
0.176065
0.186098
0.18736
0.188561
0.189705
0.190796
0.191835
0.192825
0.193769
0.194669
0.195528
0.196347
0.197128
0.197873
0.198585
0.200503
0.203156
0.205747
0.208275
0.21074
0.213141
0.214148
0.214158
0.214168
0.214177
0.214186
0.214195
0.214203
0.214211
0.214218
0.214226
0.214233
0.214239
0.216262
0.21851
0.220691
0.222805
0.224851
0.226828
0.228736
0.230575
0.232344
0.234041
0.235668
0.237222
0.238257
0.238257
0.238257
0.238257
0.238257
0.238257
0.230064
0.222183
0.214602
0.207312
0.200301
0.193561
0.187081
0.180852
0.174865
0.16911
0.163581
0.158267
0.174902
0.191483
0.208006
0.224465
0.237514
0.236784
0.236067
0.235364
0.234677
0.234004
0.233348
0.232707
0.232083
0.231475
0.230883
0.230307
0.229748
0.229206
0.228679
0.228168
0.227672
0.227192
0.226728
0.226278
0.225842
0.225421
0.225014
0.22462
0.22424
0.223872
0.223518
0.223175
0.222845
0.222526
0.222218
0.221921
0.221635
0.221359
0.221093
0.220837
0.22059
0.220352
0.220123
0.219903
0.21969
0.219213
0.216987
0.214694
0.212336
0.201461
0.19085
0.180499
0.170406
0.160566
0.150976
0.141632
0.132531
0.123667
0.115036
0.12395
0.138879
0.155569
0.172211
0.180375
0.181912
0.183375
0.184767
0.186092
0.187354
0.188556
0.1897
0.190791
0.19183
0.19282
0.193765
0.194665
0.195523
0.196342
0.197124
0.197869
0.198581
0.19926
0.199909
0.200528
0.20112
0.201685
0.202225
0.20274
0.205236
0.207778
0.201804
0.196092
0.190637
0.185434
0.180475
0.175757
0.171273
0.167018
0.162984
0.180862
0.199592
0.2181
0.233314
0.232674
0.23205
0.231443
0.230852
0.230277
0.231326
0.233065
0.234734
0.228094
0.221762
0.214607
0.207317
0.200306
0.193566
0.187086
0.180857
0.17487
0.169116
0.163586
0.158272
0.153167
0.148261
0.143548
0.13902
0.13467
0.130492
0.126479
0.122624
0.118921
0.115365
0.111949
0.108551
0.105164
0.101782
0.098399
0.095009
0.091608
0.088189
0.084748
0.081279
0.077778
0.07424
0.070662
0.067038
0.063365
0.059639
0.055857
0.052015
0.04811
0.04414
0.040101
0.038629
0.037217
0.035861
0.034559
0.033309
0.032109
0.030957
0.029851
0.028789
0.02777
0.026791
0.025852
0.02495
0.024084
0.023253
0.022455
0.021689
0.020953
0.020247
0.019569
0.018919
0.018294
0.017694
0.017129
0.016595
0.016081
0.015578
0.015089
0.014619
0.014168
0.013736
0.01332
0.012922
0.012539
0.012171
0.011819
0.01148
0.011155
0.010843
0.010543
0.010255
0.009979
0.009714
0.00946
0.009215
0.008981
0.008756
0.008539
0.008332
0.008133
0.007941
0.007758
0.007582
0.007412
0.00725
0.007094
0.006944
0.006801
0.006663
0.00653
0.006403
0.006281
0.006158
0.005919
0.005545
0.005049
0.004432
0.003692
0.002831
-0.001847
-0.000741
0.000488
0.00184
0.003314
0.004911
0.00498
0.005046
0.00511
0.00517
0.005229
0.005285
0.005339
0.005391
0.005441
0.005507
0.005681
0.005982
0.006453
0.007005
0.007727
0.008573
0.009542
0.010636
0.011854
0.013195
0.01466
0.016248
0.01796
0.019795
0.021753
0.023832
0.026034
0.028356
0.030799
0.033361
0.036041
0.038839
0.041732
0.044761
0.046901
0.04692
0.046938
0.046956
0.046972
0.046989
0.047004
0.047019
0.047033
0.047047
0.04706
0.047072
0.047085
0.047096
0.047107
0.047118
0.047128
0.047138
0.047148
0.047157
0.047165
0.047174
0.047182
0.04719
0.047197
0.047204
0.047211
0.047217
0.047224
0.04723
0.047236
0.047241
0.047246
0.047252
0.047257
0.047261
0.047266
0.04727
0.047274
0.047278
0.047282
0.047286
0.047289
0.047293
0.047297
0.047309
0.047341
0.047383
0.047446
0.047597
0.047964
0.048453
0.049064
0.049798
0.050653
0.05163
0.052727
0.052729
0.052731
0.052733
0.052735
0.052736
0.052738
0.056869
0.07338
0.089869
0.106445
0.123095
0.139806
0.156564
0.173354
0.190162
0.206973
0.22377
0.240535
0.257251
0.262155
0.26315
0.264214
0.265342
0.266532
0.267778
0.269077
0.270424
0.271813
0.27324
0.274698
0.276181
0.277683
0.279198
0.280718
0.282236
0.282236
0.282236
0.274915
0.267868
0.261085
0.254557
0.248276
0.242233
0.236421
0.230831
0.225455
0.220286
0.215316
0.210538
0.205945
0.20153
0.197287
0.193209
0.18929
0.185524
0.181906
0.178429
0.175088
0.171879
0.168796
0.165834
0.162989
0.160256
0.157631
0.155109
0.152687
0.150361
0.148127
0.145981
0.143921
0.141942
0.140041
0.138317
0.136767
0.13539
0.134184
0.133148
0.132278
0.131573
0.13103
0.130648
0.130423
0.130353
0.130436
0.130668
0.131046
0.132859
0.136749
0.142356
0.151758
0.164834
0.179546
0.194354
0.209067
0.22351
0.237651
0.251599
0.265168
0.277493
0.286553
0.288403
0.282332
0.276487
0.270858
0.26544
0.260226
0.255207
0.250379
0.245781
0.241413
0.237274
0.233364
0.22968
0.226219
0.22298
0.21996
0.217154
0.214561
0.211596
0.208662
0.205843
0.203133
0.20053
0.198028
0.195624
0.193314
0.191095
0.188963
0.186915
0.184969
0.183194
0.181572
0.180102
0.178783
0.177613
0.176591
0.175715
0.174982
0.174391
0.173938
0.173622
0.17344
0.173387
0.173462
0.17366
0.172696
0.17177
0.17088
0.170026
0.169206
0.168419
0.167663
0.166936
0.166239
0.16557
0.164927
0.164309
0.163717
0.163148
0.162601
0.162076
0.161573
0.171012
0.182969
0.195162
0.207358
0.219518
0.231616
0.243626
0.255522
0.267277
0.278864
0.290255
0.298828
0.298809
0.298775
0.298775
0.298775
0.298775
0.298775
0.298775
0.298775
0.298775
0.298775
0.293297
0.288017
0.28293
0.278028
0.273308
0.268762
0.264385
0.260171
0.256116
0.252213
0.248458
0.244845
0.24137
0.238027
0.234812
0.23172
0.228746
0.225888
0.223139
0.220497
0.217958
0.215516
0.21317
0.210915
0.208748
0.206665
0.204664
0.202741
0.200893
0.199118
0.197413
0.195774
0.1942
0.192688
0.191236
0.18984
0.1885
0.187212
0.185976
0.184788
0.183647
0.182552
0.1815
0.180489
0.179519
0.178586
0.177691
0.176832
0.176006
0.175214
0.174452
0.173721
0.173019
0.172345
0.171698
0.171077
0.17048
0.169907
0.169356
0.168828
0.168321
0.167834
0.167366
0.166917
0.166486
0.166072
0.165593
0.165048
0.164434
0.163751
0.162996
0.162168
0.161265
0.160284
0.159223
0.158081
0.156855
0.156409
0.156144
0.15589
0.155646
0.155411
0.155186
0.15497
0.154763
0.154564
0.154373
0.154189
0.154013
0.153844
0.153682
0.153526
0.153376
0.153233
0.153095
0.152879
0.152576
0.152188
0.151714
0.151154
0.150506
0.149768
0.148941
0.148742
0.148649
0.148559
0.148473
0.14839
0.14831
0.148234
0.148161
0.148091
0.148023
0.147958
0.147896
0.147836
0.147779
0.147724
0.147671
0.14762
0.147572
0.147525
0.14748
0.147437
0.147396
0.147356
0.147318
0.147281
0.147246
0.147212
0.14718
0.147149
0.147119
0.14709
0.147063
0.147037
0.147011
0.146987
0.146964
0.146941
0.149412
0.157891
0.169975
0.182408
0.194785
0.207103
0.219357
0.231545
0.243663
0.255706
0.267671
0.279555
0.291353
0.298566
0.298566
0.298566
0.298566
0.298566
0.298566
0.298566
0.298566
0.298566
0.298566
0.298566
0.292705
0.287057
0.281616
0.276376
0.27133
0.266472
0.261795
0.257294
0.252963
0.248796
0.244786
0.24093
0.23722
0.233653
0.230222
0.226924
0.223752
0.220703
0.217772
0.214955
0.212247
0.209645
0.207144
0.20474
0.202431
0.200211
0.198079
0.19603
0.194062
0.192171
0.190354
0.188609
0.186932
0.185322
0.183775
0.182289
0.180862
0.179491
0.178175
0.17691
0.175696
0.17453
0.173409
0.172334
0.171301
0.170309
0.169356
0.168441
0.167563
0.166719
0.165909
0.165131
0.164384
0.163667
0.162978
0.162317
0.161682
0.161072
0.160487
0.159925
0.159385
0.160035
0.172509
0.184931
0.197296
0.209601
0.216251
0.223109
0.230165
0.237405
0.244818
0.252393
0.26012
0.260945
0.256991
0.253186
0.249524
0.246001
0.242611
0.245035
0.254232
0.265188
0.276063
0.286855
0.291693
0.287057
0.281617
0.276377
0.271331
0.266473
0.261796
0.257301
0.252985
0.248842
0.244869
0.241062
0.237416
0.233928
0.230586
0.227401
0.22435
0.221324
0.218413
0.215615
0.212925
0.210341
0.207856
0.205469
0.203175
0.20097
0.198852
0.196817
0.194861
0.192983
0.191178
0.189445
0.187779
0.186179
0.184643
0.183167
0.181749
0.180387
0.179079
0.177823
0.176617
0.175458
0.174345
0.173277
0.17225
0.171272
0.170429
0.169705
0.1691
0.168612
0.16824
0.167984
0.167842
0.167813
0.167895
0.167255
0.166641
0.166051
0.167561
0.171327
0.177219
0.186231
0.197194
0.208855
0.220705
0.232536
0.244314
0.256014
0.267609
0.279073
0.29038
0.298823
0.298823
0.298823
0.298823
0.293277
0.287932
0.282782
0.277821
0.273043
0.268442
0.264012
0.259747
0.255643
0.251694
0.247893
0.244237
0.24072
0.237336
0.234073
0.230927
0.227893
0.224955
0.222098
0.219312
0.216582
0.213904
0.211252
0.208585
0.205921
0.203262
0.200598
0.198074
0.19614
0.194283
0.192498
0.190783
0.189136
0.187553
0.186034
0.184574
0.183171
0.181824
0.180531
0.179288
0.178095
0.176949
0.175848
0.174791
0.173776
0.172801
0.171865
0.170966
0.170102
0.169273
0.168477
0.167713
0.166978
0.166274
0.165597
0.164947
0.164323
0.163723
0.163148
0.162596
0.162065
0.161556
0.161067
0.160597
0.160146
0.159714
0.159298
0.158899
0.158516
0.158148
0.157795
0.157456
0.15713
0.156818
0.156518
0.15623
0.155953
0.155688
0.155433
0.155188
0.154953
0.154727
0.154511
0.154303
0.154103
0.153911
0.153727
0.153551
0.153381
0.153218
0.153062
0.152912
0.152768
0.15263
0.152497
0.152369
0.152247
0.15213
0.152017
0.151908
0.151805
0.151705
0.151609
0.151517
0.151429
0.151344
0.151263
0.151184
0.151109
0.151037
0.150968
0.150902
0.150838
0.150777
0.150718
0.150662
0.150608
0.150556
0.150506
0.150458
0.150412
0.150368
0.150326
0.150285
0.150246
0.150209
0.150173
0.150138
0.150105
0.150073
0.150043
0.150013
0.149985
0.149958
0.149932
0.149907
0.149884
0.149861
0.149839
0.149817
0.149797
0.149778
0.149759
0.149741
0.149724
0.149707
0.149691
0.149676
0.149661
0.149647
0.149634
0.149621
0.149609
0.149597
0.149585
0.149574
0.149564
0.149554
0.149544
0.149535
0.149526
0.149517
0.149509
0.149501
0.149493
0.149486
0.149479
0.149472
0.149466
0.14946
0.149454
0.149448
0.149442
0.149437
0.149432
0.149427
0.149423
0.149418
0.149414
0.14941
0.149406
0.149402
0.149398
0.149395
0.149392
0.149388
0.149385
0.149382
0.14938
0.149377
0.149374
0.149372
0.149369
0.149367
0.149365
0.149363
0.149361
0.149359
0.149357
0.149355
0.149353
0.149352
0.14935
0.149348
0.149347
0.149346
0.149344
0.149343
0.149342
0.14934
0.149339
0.149338
0.149337
0.149336
0.149335
0.149334
0.149333
0.149333
0.149332
0.151379
0.153683
0.156245
0.158804
0.161484
0.164162
0.167353
0.171055
0.175388
0.181106
0.188212
0.196561
0.205643
0.214931
0.22418
0.23352
0.242935
0.252185
0.261389
0.270661
0.279881
0.289048
0.294204
0.295872
0.290226
0.284785
0.284781
0.279515
0.274414
0.269462
0.264646
0.25995
0.255363
0.25087
0.24646
0.24212
0.23784
0.234143
0.230587
0.227169
0.223882
0.220722
0.217685
0.214765
0.211959
0.209261
0.206669
0.204178
0.201785
0.199485
0.197275
0.195151
0.193111
0.191151
0.194287
0.198983
0.203671
0.20835
0.213269
0.218315
0.223213
0.228101
0.232978
0.237844
0.242833
0.24781
0.252775
0.257727
0.262666
0.267592
0.272626
0.277644
0.282649
0.287518
0.289876
0.284224
0.278781
0.273539
0.268492
0.263634
0.258958
0.254458
0.250128
0.245962
0.241954
0.238098
0.234387
0.230812
0.227367
0.22403
0.220765
0.217531
0.214347
0.211204
0.208092
0.205003
0.20193
0.198863
0.196173
0.193896
0.191708
0.189607
0.187588
0.185648
0.183785
0.181995
0.180276
0.178625
0.177038
0.175515
0.174052
0.173998
0.172446
0.170867
0.169255
0.167606
0.165916
0.164181
0.162396
0.160558
0.158663
0.156706
0.154683
0.152591
0.150425
0.148182
0.145858
0.143449
0.140952
0.140191
0.139461
0.13876
0.138087
0.137441
0.139771
0.151582
0.165257
0.179175
0.193039
0.206845
0.220587
0.234262
0.247866
0.261393
0.274842
0.288206
0.293621
0.293621
0.293621
0.293632
0.293682
0.293765
0.293878
0.293995
0.294042
0.294042
0.294042
0.294042
0.294042
0.294042
0.294042
0.294042
0.294017
0.293957
0.293866
0.293742
0.293583
0.286716
0.280018
0.273474
0.267071
0.260793
0.254627
0.248558
0.242575
0.236666
0.230817
0.225018
0.219258
0.213526
0.207813
0.202228
0.196699
0.191208
0.185706
0.180186
0.174658
0.169117
0.163557
0.158199
0.153191
0.148421
0.143971
0.140475
0.137839
0.135307
0.132876
0.130541
0.128298
0.126145
0.124077
0.122091
0.120184
0.118353
0.116595
0.114906
0.118044
0.133441
0.149308
0.165129
0.180899
0.196614
0.21227
0.227861
0.243382
0.258829
0.270994
0.270994
0.270994
0.270994
0.270994
0.270994
0.270994
0.270994
0.270994
0.270994
0.270994
0.270994
0.270994
0.270994
0.263311
0.255917
0.248801
0.241955
0.235369
0.229035
0.222943
0.217085
0.211453
0.206038
0.200833
0.195829
0.19102
0.186398
0.181957
0.177688
0.173587
0.169647
0.165861
0.162224
0.15873
0.155373
0.152149
0.149051
0.146076
0.143219
0.140474
0.137838
0.135307
0.132876
0.130541
0.128298
0.126145
0.124077
0.122091
0.120184
0.118353
0.122985
0.130937
0.143004
0.157183
0.171654
0.186412
0.20112
0.215774
0.230526
0.24506
0.259528
0.270994
0.270994
0.270994
0.270994
0.270994
0.270994
0.270994
0.270994
0.270994
0.270994
0.270994
0.270994
0.270994
0.270994
0.263311
0.255917
0.248801
0.241955
0.23537
0.229035
0.222943
0.217085
0.211453
0.206038
0.200833
0.195829
0.19102
0.186398
0.181957
0.177689
0.173587
0.169647
0.165861
0.162224
0.15873
0.155373
0.152149
0.149052
0.146077
0.143219
0.140475
0.137839
0.135307
0.132876
0.130541
0.128299
0.126145
0.124077
0.122091
0.120184
0.118353
0.116595
0.114907
0.113285
0.111729
0.110234
0.108798
0.10742
0.106097
0.104827
0.103607
0.102436
0.101311
0.100231
0.099195
0.098199
0.097244
0.096326
0.095445
0.094599
0.093788
0.093008
0.092259
0.091541
0.090851
0.090189
0.089553
0.088942
0.088356
0.087793
0.087253
0.086735
0.086237
0.085759
0.0853
0.084859
0.084436
0.08403
0.08364
0.083144
0.082547
0.081847
0.081043
0.080135
0.07912
0.077999
0.07677
0.075431
0.073981
0.07242
0.070746
0.068958
0.068166
0.06795
0.067743
0.067545
0.067354
0.067171
0.066996
0.066827
0.066665
0.067334
0.076492
0.091402
0.106972
0.122511
0.138178
0.153805
0.169388
0.184923
0.200406
0.215831
0.231194
0.246491
0.261718
0.263516
0.263516
0.263516
0.263516
0.263516
0.263516
0.263516
0.263516
0.255664
0.248108
0.240838
0.233844
0.227117
0.220647
0.214426
0.208444
0.202692
0.197164
0.191849
0.186742
0.181833
0.177115
0.172582
0.168226
0.164041
0.16002
0.156158
0.152447
0.148882
0.145458
0.142168
0.139009
0.135974
0.13306
0.130261
0.127573
0.124991
0.122511
0.120084
0.117615
0.117323
0.114719
0.112088
0.109424
0.106723
0.10398
0.101191
0.098351
0.095456
0.094109
0.091032
0.089486
0.088002
0.086577
0.085209
0.083895
0.082634
0.081423
0.08026
0.079144
0.078072
0.077043
0.076055
0.075107
0.074196
0.073322
0.072483
0.071677
0.070903
0.074849
0.082919
0.095613
0.110017
0.125068
0.140268
0.155594
0.170983
0.186584
0.202401
0.21824
0.234087
0.24993
0.258598
0.259293
0.259336
0.259336
0.259336
0.259336
0.259336
0.259336
0.251406
0.243776
0.236435
0.229368
0.22246
0.215715
0.209119
0.202661
0.196327
0.190107
0.183988
0.177961
0.172014
0.166137
0.160321
0.154555
0.148832
0.143142
0.137478
0.131831
0.126194
0.12056
0.114922
0.109274
0.10361
0.097924
0.092211
0.086467
0.08377
0.081181
0.078695
0.076308
0.074016
0.071815
0.069702
0.067673
0.065726
0.063855
0.06206
0.060335
0.05868
0.057091
0.055565
0.0541
0.052694
0.051343
0.050047
0.048802
0.047607
0.04646
0.045359
0.044302
0.043287
0.042312
0.041376
0.040478
0.039616
0.038788
0.037993
0.03723
0.036498
0.035795
0.03512
0.034472
0.033849
0.033252
0.032679
0.032128
0.0316
0.031092
0.030488
0.041543
0.056354
0.072456
0.088777
0.104959
0.120998
0.136892
0.152637
0.168228
0.183661
0.198931
0.214033
0.21687
0.215072
0.213135
-0.211057
-0.208833
-0.206462
-0.203938
-0.201258
-0.198418
-0.195415
-0.192243
-0.188899
-0.185379
-0.181679
-0.177795
-0.173721
-0.169456
-0.164994
-0.160331
-0.155465
-0.150392
-0.145107
-0.139609
-0.133894
-0.127961
-0.121806
-0.115428
-0.108826
-0.101999
-0.094946
-0.087667
-0.080164
-0.072437
-0.064489
-0.056321
-0.047939
-0.039345
-0.030544
-0.021544
-0.01235
-0.002971
0.012631
0.027784
0.033783
0.03906
0.044124
0.048982
0.053643
0.058116
0.062407
0.066524
0.070473
0.074262
0.077898
0.081385
0.084731
0.087941
0.09102
0.093975
0.096809
0.099529
0.102137
0.10464
0.107042
0.109346
0.111556
0.113677
0.115712
0.117665
0.119538
0.121336
0.12306
0.124715
0.126303
0.127827
0.129289
0.130692
0.132038
0.13333
0.13457
0.13576
0.136901
0.137997
0.139048
0.140057
0.141025
0.141955
0.141943
0.142706
0.143338
0.143842
0.14422
0.144475
0.144609
0.144622
0.144515
0.14429
0.143947
0.143486
0.142907
0.14221
0.142766
0.143299
0.143811
0.144302
0.144774
0.145226
0.145661
0.146078
0.146478
0.146862
0.147231
0.147585
0.147925
0.148251
0.148565
0.148865
0.149154
0.149431
0.149697
0.149952
0.150197
0.150432
0.150658
0.150784
0.150811
0.15074
0.150571
0.150304
0.149937
0.149472
0.149598
0.149757
0.14991
0.150056
0.150197
0.150332
0.150461
0.150586
0.150705
0.15082
0.15093
0.151035
0.151137
0.151234
0.151327
0.151417
0.151503
0.151586
0.151665
0.151741
0.151815
0.151885
0.151952
0.152017
0.152079
0.152139
0.152196
0.152251
0.152304
0.152354
0.152403
0.15245
0.152494
0.152537
0.152579
0.152618
0.152656
0.152693
0.152728
0.152762
0.152794
0.152825
0.152855
0.152884
0.152911
0.152937
0.152963
0.152987
0.15301
0.153033
0.153054
0.153075
0.153095
0.153114
0.153132
0.15315
0.153166
0.153183
0.153198
0.153213
0.153227
0.153241
0.153254
0.153267
0.153279
0.153291
0.153302
0.153313
0.153323
0.153333
0.153342
0.153352
0.15336
0.153369
0.153377
0.153385
0.153392
0.153399
0.153406
0.153413
0.153419
0.153425
0.153431
0.153437
0.153442
0.153447
0.153452
0.153457
0.153461
0.153466
0.15347
0.153474
0.153478
0.153482
0.153485
0.153489
0.153492
0.153495
0.153498
0.153378
0.153386
0.153266
0.153278
0.15329
0.153301
0.153312
0.153323
0.153332
0.153342
0.153351
0.15336
0.153369
0.153377
0.153385
0.153392
0.153399
0.153406
0.153413
0.153419
0.153425
0.153431
0.153437
0.151311
0.141539
0.12972
0.117608
0.10546
0.093281
0.081073
0.06884
0.056586
0.044315
0.03203
0.019736
0.007436
0.00103
0.007181
0.013086
0.018754
0.024194
0.029415
0.034425
0.039234
0.043848
0.048276
0.052525
0.056603
0.060515
0.064269
0.067871
0.071328
0.074645
0.077827
0.08088
0.08381
0.086622
0.08932
0.091908
0.094392
0.096775
0.099062
0.101256
0.103362
0.105383
0.107322
0.109182
0.110968
0.112681
0.114326
0.115903
0.117418
0.118871
0.120265
0.121603
0.122888
0.12412
0.125303
0.126438
0.127528
0.128573
0.129577
0.13054
0.131464
0.132351
0.133203
0.13402
0.134804
0.135557
0.13628
0.136973
0.137639
0.138278
0.138891
0.13948
0.140045
0.140587
0.141107
0.141607
0.142087
0.142547
0.142989
0.143413
0.14382
0.144211
0.144586
0.144946
0.145291
0.145623
0.145942
0.146247
0.146541
0.146822
0.147093
0.147352
0.147602
0.147841
0.14807
0.148291
0.148502
0.148705
0.1489
0.149087
0.149267
0.14944
0.149605
0.149764
0.149917
0.150063
0.150204
0.150339
0.150468
0.150593
0.150712
0.150827
0.150937
0.151042
0.151144
0.151241
0.151334
0.151424
0.15151
0.151593
0.151672
0.151748
0.151822
0.151892
0.151959
0.152024
0.152086
0.152146
0.152203
0.152258
0.152311
0.152361
0.15241
0.152456
0.152501
0.152544
0.152586
0.152625
0.152663
0.1527
0.152735
0.152769
0.152801
0.152832
0.152862
0.15289
0.152918
0.152944
0.15297
0.152994
0.153017
0.15304
0.153045
0.152938
0.152742
0.153316
0.155194
0.158507
0.163525
0.169875
0.177711
0.186928
0.197291
0.208047
0.219212
0.230677
0.24232
0.254031
0.265818
0.277691
0.289658
0.296967
0.29655
0.296067
0.295512
0.294879
0.294161
0.293349
0.292439
0.29142
0.290286
0.289028
0.288796
0.288796
0.288796
0.288796
0.288796
0.288796
0.288796
0.288796
0.288796
0.288796
0.288796
0.288796
0.288796
0.288796
0.288796
0.288751
0.288661
0.288526
0.288344
0.288115
0.287836
0.287506
0.287124
0.286686
0.286191
0.285634
0.285014
0.284327
0.283568
0.282734
0.281821
0.280825
0.279739
0.27856
0.277282
0.2759
0.274408
0.2728
0.271071
0.269212
0.267219
0.265085
0.262803
0.260365
0.257766
0.254997
0.252053
0.248924
0.245605
0.242088
0.238366
0.234431
0.234431
0.234431
0.234431
0.234431
0.234431
0.234431
0.234431
0.234431
0.234431
0.234323
0.234108
0.233783
0.233349
0.232805
0.23215
0.223138
0.214313
0.205665
0.197178
0.188842
0.180643
0.172571
0.164615
0.156763
0.149006
0.141335
0.133739
0.128567
0.123598
0.118825
0.114241
0.109837
0.105607
0.101545
0.097643
0.093896
0.090298
0.086842
0.083524
0.080337
0.077277
0.074338
0.071517
0.068808
0.066207
0.063709
0.061311
0.059008
0.056797
0.054674
0.052636
0.05068
0.048801
0.046997
0.045266
0.043603
0.042007
0.040474
0.039003
0.037591
0.036235
0.034933
0.033683
0.032483
0.031331
0.030225
0.029163
0.028144
0.027166
0.026226
0.025324
0.024459
0.023627
0.022829
0.022063
0.021328
0.020622
0.019944
0.019293
0.018669
0.018069
0.017493
0.016941
0.01641
0.015901
0.015412
0.014942
0.014492
0.014059
0.013644
0.013245
0.012862
0.012495
0.012142
0.011803
0.011478
0.011166
0.010866
0.010579
0.010303
0.010037
0.009783
0.009539
0.009304
0.009079
0.008863
0.008655
0.008456
0.008265
0.008081
0.007905
0.007736
0.007573
0.007417
0.007268
0.007124
0.006986
0.006854
0.006727
0.006605
0.006487
0.006375
0.006267
0.006163
0.006064
0.005968
0.005876
0.005788
0.005704
0.005623
0.005545
0.00547
0.005398
0.005329
0.005263
0.0052
0.005139
0.00508
0.005024
0.00497
0.004918
0.004868
0.004821
0.004775
0.004731
0.004689
0.004648
0.004609
0.004572
0.004536
0.004502
0.004469
0.004437
0.004406
0.004377
0.004349
0.004322
0.004296
0.004271
0.004247
0.004225
0.004203
0.004182
0.004161
0.004142
0.004123
0.004105
0.004088
0.004071
0.004056
0.00404
0.004026
0.004012
0.003998
0.003985
0.003973
0.003961
0.00395
0.003939
0.003928
0.003918
0.003908
0.003899
0.00389
0.003881
0.003873
0.003865
0.003858
0.00385
0.003843
0.003837
0.00383
0.003824
0.003818
0.003812
0.003807
0.003802
0.003797
0.003792
0.003787
0.003782
0.003778
0.003774
0.00377
0.003766
0.003763
0.003759
0.003756
0.003753
0.003749
0.003747
0.003744
0.003741
0.003738
0.003736
0.003733
0.003731
0.003729
0.003727
0.003725
0.003723
0.003721
0.003719
0.003717
0.003715
0.003714
0.003712
0.003711
0.003709
0.003708
0.003707
0.003705
0.003704
0.003703
0.003702
0.003701
0.0037
0.003699
0.003698
0.003697
0.003696
0.003696
0.003696
0.003696
0.003696
0.003696
0.003696
0.003696
0.003696
0.003696
0.003696
0.003696
0.003696
0.003696
0.003696
0.003696
0.003696
0.003696
0.003696
0.003696
0.003696
0.003696
0.003696
0.003696
0.003696
0.003696
0.003696
0.003696
0.003696
0.003696
0.003696
0.003696
0.003696
0.003696
0.003696
0.003696
0.003696
0.003696
0.003696
0.003696
0.003696
0.003696
0.003696
0.003696
0.003696
0.003696
0.003696
0.003696
0.003696
0.003696
0.003696
0.003696
0.003696
0.003696
0.003696
0.003696
0.003696
0.003696
0.003696
0.003696
0.003696
0.003696
0.003696
0.003696
0.003696
0.003696
0.003696
0.003696
0.003696
0.003696
0.003696
0.003696
0.003696
0.003696
0.003696
0.003696
0.003696
0.003696
0.003696
0.003696
0.003696
0.003696
0.003696
0.003696
0.003696
0.003696
0.003696
0.003696
0.003696
0.003696
0.003696
0.003696
0.003696
0.003696
0.003696
0.003696
0.003696
0.003696
0.003696
0.003696
0.003696
0.003696
0.003696
0.003696
0.003696
0.003696
0.003696
0.003696
0.003696
0.003696
0.003696
0.003696
0.003696
0.003696
0.003696
0.003696
0.003696
0.003696
0.003696
0.003696
0.003696
0.003696
0.003696
0.003696
0.003696
0.003696
0.003696
0.003696
0.003696
0.003696
0.003696
0.003696
0.003696
0.003696
0.003696
0.003696
0.003696
0.003696
0.003696
0.003696
0.003696
0.003696
0.003696
0.003696
0.003696
0.003696
0.003696
0.003696
0.003696
0.003696
0.003696
0.003696
0.003696
0.003696
0.003696
0.003696
0.003696
0.003696
0.003696
0.003696
0.003696
0.003696
0.003696
0.003696
0.003696
0.003696
0.003696
0.003696
0.003696
0.003696
0.003696
0.003696
0.003696
0.003696
0.003696
0.003696
0.003696
0.003696
0.003696
0.003696
0.003696
0.003696
0.003696
0.003696
0.003696
0.003696
0.003696
0.003696
0.003696
0.003696
0.003696
0.003696
0.003696
0.003696
0.003696
0.003696
0.003696
0.003696
0.003696
0.003696
0.003696
0.003696
0.003696
0.003696
0.003696
0.003696
0.003696
0.003696
0.003696
0.003696
0.003696
0.003696
0.003696
0.003696
0.003696
0.003696
0.003696
0.003696
0.003696
0.003696
0.003696
0.003696
0.003696
0.003696
0.003696
0.003696
0.003696
0.003696
0.003696
0.003696
0.003696
0.003696
0.003696
0.003696
0.003696
0.003696
0.003696
0.003696
0.003696
0.003696
0.003696
0.003696
0.003696
0.003696
0.003696
0.003696
0.003696
0.003696
0.003696
0.003696
0.003696
0.003696
0.003696
0.003696
0.003696
0.003696
0.003696
0.003696
0.003696
0.003696
0.003696
0.003696
0.003696
0.003696
0.003696
0.003696
0.003696
