0.0
0.0
0.0
-0.0
0.0
0.0
0.0
-0.0
0.0
0.0
-0.0
0.0
0.0
0.0
0.0
0.0
0.0
0.0
0.0
0.0
0.0
0.0
0.0
0.0
0.0
0.0
0.0
0.0
0.0
0.0
0.0
0.0
0.0
0.0
0.0
0.0
0.0
0.0
0.0
0.0
0.0
0.0
0.0
0.0
0.0
0.0
0.0
0.0
0.0
0.0
0.0
0.0
0.0
0.0
0.0
0.0
0.0
0.0
0.0
0.0
0.0
0.0
0.0
0.0
0.0
0.0
0.0
0.0
0.0
0.0
0.0
0.0
0.0
0.0
0.0
0.0
0.0
0.0
0.0
0.0
0.0
0.0
0.0
0.0
0.0
0.0
0.0
0.0
0.0
0.0
0.0
0.0
0.0
0.0
0.0
0.0
0.0
0.0
0.0
0.0
0.0
0.0
0.0
0.0
0.0
0.0
0.0
0.0
0.0
0.0
0.0
0.0
0.0
0.0
0.0
0.0
0.0
0.0
0.0
0.0
0.0
0.0
0.0
0.0
0.0
0.0
0.0
0.0
0.0
0.0
0.0
0.0
0.0
0.0
0.0
0.0
0.0
0.0
0.0
0.0
0.0
0.0
0.0
0.0
0.0
0.0
0.0
0.0
0.0
0.0
0.0
0.0
0.0
0.0
0.0
0.0
0.0
0.0
0.0
0.0
0.0
0.0
0.0
0.0
0.0
0.0
0.0
0.0
0.0
0.000568
0.001073
0.001319
0.001267
0.000719
0.000342
0.000526
0.001266
0.002557
0.004393
0.006768
0.009672
0.013098
0.017035
0.021473
0.028637
0.03807
0.048053
0.058585
0.069664
0.081287
0.081287
0.081287
0.081287
0.081287
0.081287
0.081287
0.081287
0.081287
0.081287
0.081287
0.08184
0.082946
0.084606
0.086817
0.089582
0.092898
0.096765
0.101182
0.10615
0.111665
0.117728
0.124336
0.131488
0.139182
0.147416
0.156185
0.165488
0.175321
0.185679
0.196558
0.207952
0.219855
0.232261
0.245162
0.258549
0.272414
0.286746
0.286746
0.286746
0.286746
0.286746
0.286746
0.286746
0.286746
0.286746
0.286746
0.287275
0.288334
0.289921
0.292036
0.294678
0.297844
0.301534
0.305745
0.310474
0.315718
0.321474
0.327739
0.334508
0.341776
0.349539
0.357789
0.366521
0.375728
0.385401
0.395533
0.406113
0.417133
0.42858
0.440443
0.452709
0.465364
0.478393
0.49178
0.505507
0.519556
0.533907
0.548539
0.563429
0.563429
0.563429
0.563429
0.563429
0.563429
0.563429
0.563429
0.563429
0.563429
0.563429
0.563877
0.564772
0.566113
0.567899
0.570127
0.572795
0.575898
0.579434
0.583396
0.587779
0.592578
0.597786
0.603394
0.609396
0.615781
0.615781
0.615781
0.615781
0.615781
0.615781
0.615781
0.615781
0.615781
0.615781
0.615781
0.615781
0.615781
0.615781
0.615781
0.616213
0.617069
0.618347
0.620045
0.622161
0.624691
0.627632
0.630979
0.634727
0.63887
0.643402
0.648315
0.6536
0.6536
0.6536
0.6536
0.6536
0.6536
0.6536
0.6536
0.6536
0.6536
0.6536
0.6536
0.6536
0.6536
0.6536
0.6536
0.6536
0.656183
0.658615
0.660906
0.663066
0.665101
0.667021
0.668833
0.670542
0.672156
0.673681
0.675121
0.676482
0.67777
0.678987
0.680139
0.681229
0.682261
0.683239
0.684165
0.685044
0.685876
0.686666
0.687268
0.687337
0.686967
0.686162
0.684921
0.683241
0.681123
0.678563
0.675558
0.672104
0.668197
0.663829
0.658996
0.653691
0.647905
0.641631
0.63486
0.627583
0.619791
0.620103
0.620401
0.620686
0.620957
0.621217
0.621466
0.621703
0.62193
0.622147
0.622355
0.622553
0.622743
0.622924
0.623098
0.623264
0.623423
0.623575
0.623721
0.62386
0.623994
0.624121
0.624244
0.624361
0.624473
0.624581
0.624683
0.624782
0.624877
0.624967
0.625054
0.625137
0.625217
0.625293
0.625366
0.625436
0.625503
0.625568
0.62563
0.625689
0.625745
0.6258
0.625852
0.625902
0.62595
0.625996
0.62604
0.626082
0.626123
0.626162
0.626199
0.626235
0.626269
0.626302
0.626333
0.626364
0.626393
0.62642
0.626447
0.626473
0.626497
0.626521
0.626543
0.626565
0.626585
0.626605
0.626624
0.626643
0.62666
0.626677
0.626693
0.626709
0.626724
0.626738
0.626751
0.626764
0.626777
0.626789
0.626801
0.626812
0.626822
0.626832
0.626842
0.626851
0.62686
0.626869
0.626877
0.626885
0.626893
0.6269
0.62744
0.629197
0.631611
0.633942
0.636171
0.638284
0.640202
0.641926
0.643453
0.644785
0.645921
0.646859
0.64759
0.647636
0.646755
0.645465
0.643763
0.641646
0.639112
0.636155
0.632772
0.628957
0.624705
0.620009
0.614863
0.609258
0.603188
0.596643
0.589616
0.582097
0.574076
0.565545
0.556492
0.546908
0.536782
0.526103
0.514862
0.503047
0.499402
0.499402
0.499402
0.499402
0.499402
0.499402
0.499402
0.499402
0.499402
0.499402
0.499402
0.499402
0.499402
0.499323
0.498657
0.497517
0.495902
0.493809
0.491238
0.488185
0.484646
0.48062
0.476101
0.471084
0.465566
0.459541
0.453004
0.445948
0.442753
0.442753
0.442753
0.442753
0.442753
0.442753
0.442753
0.442753
0.442753
0.442753
0.442753
0.442753
0.442753
0.442261
0.441277
0.4398
0.437827
0.435359
0.432392
0.428923
0.424951
0.420471
0.41548
0.409973
0.403947
0.397396
0.390316
0.390316
0.390316
0.390316
0.390316
0.390316
0.390316
0.390316
0.390316
0.38981
0.388796
0.387274
0.385244
0.382703
0.380438
0.380438
0.380438
0.380438
0.380438
0.380438
0.380438
0.380438
0.380438
0.37935
0.378278
0.377224
0.376189
0.375174
0.37418
0.373209
0.37226
0.371334
0.370431
0.369551
0.368695
0.367863
0.367575
0.367834
0.36864
0.369992
0.371891
0.374334
0.37732
0.380845
0.384909
0.389506
0.394634
0.400287
0.406459
0.413146
0.420342
0.428038
0.436227
0.4449
0.454049
0.463663
0.473731
0.484241
0.495181
0.506538
0.511958
0.511646
0.511346
0.511056
0.510776
0.510505
0.510244
0.509993
0.50975
0.509517
0.509291
0.509074
0.508865
0.508663
0.508468
0.508281
0.508101
0.507927
0.50776
0.507599
0.507445
0.507296
0.507152
0.507014
0.506881
0.506753
0.50663
0.506512
0.506398
0.506289
0.506184
0.506083
0.505985
0.505892
0.505802
0.505716
0.505633
0.505553
0.505476
0.505403
0.505332
0.505264
0.505198
0.505135
0.505075
0.505017
0.504961
0.504907
0.504855
0.504806
0.504759
0.505025
0.505566
0.505751
0.505431
0.50496
0.504647
0.504622
0.504956
0.505603
0.506597
0.50793
0.509594
0.511531
0.513731
0.50919
0.504559
0.500635
0.500635
0.500635
0.500635
0.500635
0.500635
0.501108
0.502052
0.503468
0.505353
0.507706
0.510523
0.513802
0.517539
0.52173
0.526369
0.531452
0.536973
0.542924
0.549298
0.556086
0.563281
0.570872
0.578848
0.587199
0.595912
0.604973
0.614369
0.624085
0.634104
0.644409
0.654982
0.665802
0.67685
0.688103
0.699538
0.711131
0.722854
0.734682
0.734682
0.734682
0.734682
0.734682
0.734682
0.734682
0.734682
0.734682
0.735036
0.735743
0.736803
0.738212
0.739968
0.742067
0.744505
0.747275
0.750372
0.75379
0.75752
0.761553
0.76588
0.770492
0.775376
0.78052
0.785912
0.791538
0.797382
0.797382
0.797382
0.797382
0.797382
0.797382
0.797382
0.797382
0.797382
0.797382
0.797383
0.79771
0.79834
0.799274
0.800507
0.802036
0.803858
0.805967
0.808358
0.811023
0.813956
0.817148
0.82059
0.824271
0.82818
0.82818
0.82818
0.82818
0.82818
0.830629
0.83292
0.835064
0.837071
0.838952
0.840714
0.842365
0.843913
0.845365
0.846728
0.848007
0.849207
0.850065
0.850586
0.850772
0.850628
0.850154
0.84935
0.848216
0.84675
0.844948
0.842806
0.84032
0.837481
0.834284
0.830719
0.826778
0.82245
0.817724
0.812588
0.807031
0.801037
0.794594
0.787686
0.780298
0.772414
0.764018
0.755093
0.755407
0.755706
0.755991
0.756262
0.75652
0.756767
0.757002
0.757226
0.757439
0.757643
0.757837
0.758023
0.7582
0.75837
0.758531
0.758686
0.758833
0.758974
0.759109
0.759237
0.75936
0.759478
0.759591
0.759698
0.759801
0.7599
0.759994
0.760084
0.76017
0.760253
0.760332
0.760407
0.76048
0.760549
0.760616
0.760679
0.76074
0.760799
0.760855
0.760908
0.76096
0.761009
0.761056
0.761101
0.761144
0.761186
0.761225
0.761263
0.7613
0.761335
0.761368
0.761401
0.761431
0.761461
0.761489
0.761517
0.761543
0.761568
0.761591
0.761614
0.761637
0.761658
0.761678
0.761697
0.761716
0.761734
0.761751
0.761768
0.761783
0.761799
0.761813
0.761827
0.761901
0.762635
0.763461
0.764302
0.765172
0.766023
0.766888
0.767705
0.768572
0.769408
0.770189
0.770899
0.771582
0.772203
0.772726
0.773178
0.773537
0.773804
0.77398
0.774063
0.774051
0.773941
0.773732
0.773426
0.773371
0.773371
0.773371
0.773371
0.773371
0.773371
0.773371
0.773371
0.773371
0.773371
0.773371
0.773371
0.773371
0.773371
0.773371
0.773371
0.773371
0.773371
0.773371
0.773371
0.773371
0.773371
0.773371
0.773628
0.77382
0.773953
0.774034
0.774068
0.774061
0.773683
0.772935
0.771816
0.770325
0.76846
0.766219
0.763597
0.76059
0.757194
0.753401
0.749205
0.744599
0.744318
0.744037
0.743756
0.743476
0.743197
0.74292
0.742647
0.742376
0.74211
0.741848
0.741591
0.741338
0.741091
0.740849
0.740612
0.740381
0.740156
0.739936
0.739722
0.739514
0.739311
0.739114
0.738923
0.738738
0.738558
0.738383
0.738214
0.738051
0.737892
0.737739
0.73759
0.737447
0.737308
0.737174
0.737044
0.736919
0.736799
0.736682
0.736569
0.736461
0.736356
0.736255
0.736157
0.736063
0.735973
0.735885
0.735801
0.73572
0.735642
0.735567
0.735495
0.735425
0.735358
0.735293
0.735231
0.735171
0.735114
0.735058
0.735005
0.734954
0.734904
0.734857
0.734811
0.734767
0.734725
0.734684
0.734645
0.734608
0.734572
0.734537
0.734504
0.734472
0.734441
0.734412
0.734383
0.734356
0.73433
0.734304
0.73428
0.734257
0.734234
0.734213
0.734192
0.734172
0.734153
0.734135
0.734117
0.7341
0.734084
0.734068
0.734053
0.734039
0.734025
0.734012
0.733999
0.733986
0.733975
0.733963
0.733952
0.733942
0.733932
0.733922
0.733913
0.733904
0.733895
0.733887
0.733879
0.733872
0.733864
0.733857
0.733851
0.733844
0.733838
0.733832
0.733826
0.733821
0.733816
0.733811
0.733806
0.733801
0.733796
0.733792
0.733788
0.733784
0.73378
0.733776
0.733773
0.733769
0.733766
0.733763
0.73376
0.733757
0.733754
0.733751
0.733749
0.733746
0.733744
0.733722
0.733258
0.732419
0.731203
0.729607
0.727628
0.725261
0.722504
0.71935
0.716281
0.71628
0.716278
0.716277
0.716275
0.716274
0.716273
0.716271
0.71627
0.716269
0.716268
0.716267
0.716266
0.716265
0.715877
0.715104
0.713941
0.712389
0.710443
0.7081
0.705356
0.702206
0.698645
0.694665
0.694664
0.694663
0.694663
0.694662
0.694661
0.694661
0.69466
0.694659
0.694659
0.694658
0.694658
0.694657
0.694657
0.694656
0.694256
0.693457
0.692256
0.690651
0.688641
0.686221
0.683386
0.680133
0.676456
0.676456
0.676456
0.676455
0.676455
0.676455
0.676454
0.676454
0.676454
0.676453
0.676453
0.676453
0.676453
0.676452
0.676452
0.676452
0.676452
0.676452
0.676452
0.676452
0.676452
0.676452
0.676452
0.676452
0.676452
0.676452
0.676452
0.676452
0.676452
0.676452
0.676452
0.676452
0.676452
0.676452
0.676452
0.676452
0.676452
0.676452
0.676452
0.676452
0.676452
0.676452
0.676452
0.676452
0.676452
0.676452
0.676452
0.676452
0.676452
0.676452
0.676452
0.676452
0.676452
0.676452
0.676452
0.676452
0.676452
0.676452
0.676452
0.676452
0.676452
0.676452
0.676452
0.676452
0.676452
0.676452
0.676452
0.676452
0.676452
0.676452
0.676452
0.676452
0.676452
0.676452
0.676452
0.676452
0.676452
0.676452
0.676452
0.676452
0.676452
0.676861
0.677679
0.678905
0.680535
0.682568
0.685054
0.687935
0.691234
0.691342
0.691424
0.691532
0.691639
0.691746
0.691853
0.69196
0.692065
0.692171
0.692277
0.692382
0.692486
0.692591
0.692695
0.692798
0.692901
0.693004
0.693107
0.693209
0.69331
0.693412
0.693513
0.693614
0.693714
0.693815
0.693914
0.694014
0.694113
0.694211
0.69431
0.694407
0.694505
0.694602
0.694699
0.694795
0.694892
0.694987
0.695083
0.695178
0.695273
0.695367
0.695461
0.695555
0.695648
0.695741
0.695833
0.695926
0.696017
0.696109
0.6962
0.696291
0.696381
0.696471
0.696561
0.69665
0.696739
0.696828
0.696916
0.697004
0.697092
0.697179
0.697266
0.697352
0.697439
0.697524
0.69761
0.697695
0.697431
0.696747
0.695664
0.694204
0.692636
0.690867
0.688953
0.687209
0.685109
0.682487
0.679308
0.675598
0.671319
0.666487
0.661105
0.661597
0.661758
0.661758
0.661758
0.661758
0.661758
0.661758
0.661758
0.661758
0.661758
0.661758
0.661758
0.661677
0.661098
0.660117
0.658733
0.656943
0.654746
0.652137
0.649111
0.645665
0.641793
0.637488
0.632744
0.627553
0.621909
0.615803
0.609226
0.602169
0.594623
0.586578
0.578024
0.56895
0.559346
0.549201
0.538504
0.527244
0.51541
0.502991
0.489977
0.476357
0.462121
0.447259
0.431762
0.41562
0.408407
0.408407
0.408407
0.408407
0.408407
0.408407
0.408407
0.408223
0.407417
0.406109
0.404297
0.401979
0.399825
0.399825
0.399825
0.399825
0.399825
0.399825
0.399825
0.399825
0.399825
0.399825
0.399825
0.399825
0.399825
0.399825
0.399321
0.398312
0.396798
0.394777
0.392248
0.389209
0.385657
0.38159
0.377005
0.371898
0.366266
0.360105
0.353411
0.346179
0.338405
0.330085
0.321213
0.311785
0.301797
0.291243
0.280118
0.268419
0.256141
0.243281
0.229834
0.229834
0.229834
0.229834
0.229834
0.229834
0.229834
0.229295
0.228217
0.226599
0.224441
0.221742
0.218501
0.214716
0.210386
0.205509
0.200084
0.194108
0.187581
0.180499
0.172861
0.164664
0.155908
0.146589
0.136706
0.126258
0.115244
0.103662
0.091512
0.078794
0.065507
0.051654
0.037234
0.022252
0.006708
-0.009392
-0.009392
-0.009392
-0.009392
-0.009392
-0.009392
-0.009392
-0.009402
-0.010033
-0.011219
-0.01296
-0.015256
-0.018107
-0.021513
-0.025474
-0.029989
-0.035058
-0.040681
-0.046858
-0.053586
-0.060866
-0.068696
-0.077075
-0.086001
-0.095472
-0.105485
-0.116037
-0.127125
-0.138745
-0.150892
-0.163561
-0.176746
-0.190441
-0.204636
-0.219326
-0.234498
-0.250144
-0.266251
-0.282806
-0.282806
-0.282806
-0.282806
-0.282806
-0.282806
-0.282806
-0.283336
-0.284396
-0.285985
-0.288103
-0.290748
-0.293919
-0.297614
-0.301831
-0.306567
-0.311819
-0.317584
-0.323859
-0.330639
-0.337919
-0.345694
-0.353417
-0.353417
-0.353417
-0.353417
-0.353417
-0.353417
-0.353932
-0.354963
-0.356509
-0.358568
-0.361139
-0.36422
-0.367809
-0.371904
-0.3765
-0.381595
-0.387185
-0.393265
-0.39983
-0.406873
-0.414391
-0.422374
-0.430817
-0.43971
-0.449045
-0.458812
-0.469
-0.479599
-0.490596
-0.501976
-0.513727
-0.525832
-0.538276
-0.55104
-0.564106
-0.577453
-0.591061
-0.604906
-0.604906
-0.604906
-0.604906
-0.604906
-0.604906
-0.604906
-0.604906
-0.604906
-0.604906
-0.604906
-0.604906
-0.604906
-0.604906
-0.604932
-0.605355
-0.608848
-0.612622
-0.616683
-0.621038
-0.62569
-0.630642
-0.635896
-0.641453
-0.647311
-0.653469
-0.659924
-0.666671
-0.673705
-0.68102
-0.688607
-0.696459
-0.704564
-0.712912
-0.72149
-0.730286
-0.737353
-0.738113
-0.738834
-0.739517
-0.740164
-0.740778
-0.741361
-0.741914
-0.742439
-0.742937
-0.743411
-0.743861
-0.744289
-0.744696
-0.745083
-0.745451
-0.745801
-0.746135
-0.746452
-0.746755
-0.747043
-0.747318
-0.747579
-0.747829
-0.748067
-0.748294
-0.74851
-0.748717
-0.748914
-0.749102
-0.748461
-0.746989
-0.744753
-0.74205
-0.739074
-0.735889
-0.732529
-0.728908
-0.725105
-0.72112
-0.716955
-0.712611
-0.708037
-0.70565
-0.70565
-0.70565
-0.70565
-0.70565
-0.70565
-0.70565
-0.705647
-0.705637
-0.705622
-0.705612
-0.705612
-0.705612
-0.708181
-0.710597
-0.712869
-0.715007
-0.717019
-0.718913
-0.720698
-0.722379
-0.723964
-0.725458
-0.726868
-0.728199
-0.729454
-0.730641
-0.731761
-0.73282
-0.733821
-0.734768
-0.735664
-0.736512
-0.737315
-0.738076
-0.738796
-0.739479
-0.740126
-0.740741
-0.741323
-0.741876
-0.742401
-0.7429
-0.743373
-0.743823
-0.744251
-0.744658
-0.745045
-0.745413
-0.745764
-0.74471
-0.742381
-0.739285
-0.735768
-0.731952
-0.727914
-0.723655
-0.719174
-0.714475
-0.709559
-0.705611
-0.705611
-0.705609
-0.705605
-0.705597
-0.705584
-0.705562
-0.705535
-0.705495
-0.705439
-0.705373
-0.705296
-0.705221
-0.705131
-0.705026
-0.70491
-0.704792
-0.704664
-0.707097
-0.709379
-0.711551
-0.713596
-0.715513
-0.717309
-0.718992
-0.720674
-0.722261
-0.723756
-0.725167
-0.726499
-0.727756
-0.728943
-0.730065
-0.731125
-0.732128
-0.733076
-0.733973
-0.734822
-0.735626
-0.736387
-0.737109
-0.737793
-0.738441
-0.739056
-0.73964
-0.740194
-0.74072
-0.741219
-0.740162
-0.738474
-0.735726
-0.732484
-0.729031
-0.725316
-0.721328
-0.716813
-0.711954
-0.70641
-0.702207
-0.700859
-0.699129
-0.697016
-0.694514
-0.69162
-0.688328
-0.684632
-0.680526
-0.676002
-0.671052
-0.66567
-0.659844
-0.659844
-0.659844
-0.659844
-0.659844
-0.662426
-0.664857
-0.667147
-0.669304
-0.671338
-0.673256
-0.675065
-0.676771
-0.678383
-0.679904
-0.681341
-0.6827
-0.683983
-0.685197
-0.686346
-0.687433
-0.688462
-0.689444
-0.690689
-0.692346
-0.694352
-0.696706
-0.699409
-0.702457
-0.705849
-0.709581
-0.713648
-0.718045
-0.722766
-0.727804
-0.733151
-0.738797
-0.744734
-0.750949
-0.754302
-0.754666
-0.755012
-0.755342
-0.755655
-0.755954
-0.756239
-0.75651
-0.756768
-0.757014
-0.757249
-0.757473
-0.757687
-0.757891
-0.758085
-0.758271
-0.758448
-0.758617
-0.758779
-0.758933
-0.75908
-0.759221
-0.759356
-0.759485
-0.759607
-0.759725
-0.759864
-0.760307
-0.761162
-0.762083
-0.761484
-0.760429
-0.759505
-0.75871
-0.758043
-0.757498
-0.757071
-0.756755
-0.756543
-0.756424
-0.75639
-0.757963
-0.763365
-0.769029
-0.774941
-0.781086
-0.787449
-0.794011
-0.800756
-0.807665
-0.814716
-0.821889
-0.829162
-0.836511
-0.843911
-0.851337
-0.85876
-0.866153
-0.873486
-0.880728
-0.887847
-0.894809
-0.90158
-0.908124
-0.908124
-0.908124
-0.908124
-0.908124
-0.908124
-0.908124
-0.908294
-0.908634
-0.909142
-0.909814
-0.910648
-0.911639
-0.91278
-0.914066
-0.915489
-0.917041
-0.918712
-0.920492
-0.92237
-0.924334
-0.926369
-0.928462
-0.930598
-0.932761
-0.934933
-0.937095
-0.939229
-0.943324
-0.947158
-0.950717
-0.953988
-0.956954
-0.959597
-0.961897
-0.963834
-0.964792
-0.965676
-0.966491
-0.967242
-0.967936
-0.968576
-0.969166
-0.96971
-0.970212
-0.970676
-0.971103
-0.971497
-0.971861
-0.972197
-0.972507
-0.972792
-0.973056
-0.973299
-0.973524
-0.973731
-0.973922
-0.974098
-0.974261
-0.974411
-0.97455
-0.974678
-0.974796
-0.974906
-0.975006
-0.975099
-0.975185
-0.975265
-0.975338
-0.975406
-0.975468
-0.975526
-0.975579
-0.975628
-0.975674
-0.975716
-0.975755
-0.975791
-0.975824
-0.975855
-0.975883
-0.975909
-0.975934
-0.975956
-0.975977
-0.975996
-0.976014
-0.97603
-0.976046
-0.97606
-0.976073
-0.976085
-0.976096
-0.976107
-0.976116
-0.976125
-0.976133
-0.976141
-0.976148
-0.976155
-0.976161
-0.976167
-0.976172
-0.976177
-0.976181
-0.976185
-0.976189
-0.976193
-0.976196
-0.9762
-0.976202
-0.976205
-0.976208
-0.97621
-0.976212
-0.976214
-0.976216
-0.976218
-0.97622
-0.976221
-0.976223
-0.976224
-0.976225
-0.976227
-0.976228
-0.976236
-0.976248
-0.976263
-0.976278
-0.976289
0.97629
0.976275
0.976237
0.976169
0.97606
0.975902
0.975683
0.97539
0.975012
0.974534
0.974533
0.974532
0.974531
0.97453
0.97453
0.974529
0.974528
0.974527
0.974526
0.974526
0.974525
0.974524
0.974523
0.974523
0.974522
0.974522
0.974521
0.974521
0.97452
0.97452
0.974519
0.974519
0.974518
0.974518
0.974517
0.974517
0.974517
0.974516
0.974516
0.974515
0.974515
0.974515
0.974515
0.974514
0.974514
0.974514
0.97453
0.974585
0.97467
0.974776
0.974849
0.974848
0.974848
0.974848
0.974848
0.974848
0.974848
0.974847
0.974847
0.974847
0.974847
0.974847
0.974847
0.974846
0.974846
0.974846
0.974846
0.974846
0.974846
0.974846
0.974846
0.974846
0.974846
0.974846
0.974845
0.974845
0.974845
0.974845
0.974845
0.974873
0.974913
0.974893
0.97479
0.974599
0.974327
0.973964
0.973514
0.972966
0.972327
0.971598
0.970796
0.969907
0.968911
0.967826
0.966136
0.963711
0.960992
0.95798
0.954677
0.95429
0.95429
0.95429
0.95429
0.95429
0.95429
0.95429
0.95429
0.95429
0.95429
0.95429
0.95429
0.95429
0.955995
0.957562
0.959004
0.96033
0.961549
0.962669
0.963699
0.964645
0.965514
0.966313
0.967046
0.96772
0.968338
0.968906
0.969427
0.969904
0.970343
0.970745
0.971113
0.971451
0.97176
0.972044
0.972303
0.972541
0.972758
0.972958
0.97314
0.973306
0.973458
0.973597
0.973723
0.973839
0.973945
0.974041
0.974128
0.974208
0.974281
0.974347
0.974406
0.974461
0.97451
0.974555
0.974595
0.974632
0.974665
0.974694
0.974721
0.974745
0.974767
0.974786
0.974804
0.974819
0.974833
0.974845
0.974856
0.974865
0.974873
0.974881
0.974887
0.974892
0.974897
0.974901
0.974905
0.974907
0.974909
0.974911
0.974913
0.974914
0.974914
0.974914
0.974915
0.974914
0.974914
0.974914
0.974913
0.974912
0.974911
0.97491
0.974909
0.974908
0.974906
0.974905
0.974904
0.974902
0.974901
0.974899
0.974898
0.974896
0.974895
0.974894
0.974892
0.974891
0.974889
0.974888
0.974886
0.974885
0.974884
0.974882
0.974881
0.97488
0.974879
0.974878
0.974876
0.974875
0.974874
0.974873
0.974872
0.974871
0.97487
0.974896
0.974852
0.974511
0.973873
0.972938
0.971707
0.970179
0.968357
0.966239
0.963827
0.961121
0.958123
0.954833
0.95429
0.95429
0.95429
0.95429
0.95429
0.95429
0.95429
0.95429
0.95429
0.95429
0.95429
0.95429
0.95429
0.955995
0.957562
0.959004
0.96033
0.961549
0.962669
0.963699
0.964645
0.965514
0.966313
0.967046
0.96772
0.968338
0.968906
0.969426
0.969904
0.970343
0.970744
0.971113
0.971451
0.97176
0.972044
0.972303
0.972541
0.972758
0.972957
0.973139
0.973306
0.973458
0.973597
0.973723
0.973839
0.973945
0.974041
0.974128
0.974208
0.974281
0.974346
0.974406
0.974461
0.97451
0.974555
0.974595
0.974632
0.974665
0.974694
0.974721
0.974745
0.974767
0.974786
0.974804
0.974819
0.974833
0.974845
0.974856
0.974865
0.974873
0.974881
0.974887
0.974892
0.974897
0.974901
0.974905
0.974907
0.974909
0.974911
0.974913
0.974914
0.974914
0.974914
0.974915
0.974914
0.974914
0.974914
0.974913
0.974912
0.974911
0.97491
0.974909
0.974908
0.974906
0.974905
0.974904
0.974902
0.974901
0.974899
0.974898
0.974896
0.974887
0.97477
0.974329
0.97359
0.972556
0.971225
0.969598
0.967676
0.965459
0.962948
0.960143
0.957046
0.953658
0.949979
0.949181
0.949181
0.949181
0.949181
0.949181
0.949181
0.949181
0.949181
0.949181
0.949181
0.949181
0.949181
0.949181
0.949181
0.949181
0.949181
0.949181
0.949181
0.949181
0.949181
0.949181
0.949181
0.949181
0.949181
0.949181
0.949181
0.949181
0.949181
0.949181
0.949181
0.949181
0.949181
0.949181
0.949181
0.949181
0.949181
0.949181
0.949181
0.949181
0.949181
0.949181
0.949181
0.949181
0.949181
0.949181
0.949181
0.949181
0.949181
0.949181
0.949181
0.949181
0.949181
0.949181
0.949181
0.949181
0.949181
0.949181
0.949181
0.949181
0.949181
0.949181
0.949181
0.949181
0.949181
0.949181
0.949181
0.949181
0.949181
0.949238
0.949352
0.94952
0.949739
0.950007
0.950316
0.950663
0.951041
0.951441
0.951854
0.952272
0.952684
0.953077
-0.953439
-0.953758
-0.954017
-0.954202
-0.954296
-0.954282
-0.954141
-0.953854
-0.953401
-0.95276
-0.95191
-0.950826
-0.949486
-0.947864
-0.945936
-0.943674
-0.941051
-0.938039
-0.934611
-0.930736
-0.926385
-0.921527
-0.916132
-0.910169
-0.910169
-0.910169
-0.910169
-0.910169
-0.910169
-0.910169
-0.910169
-0.910169
-0.910169
-0.910169
-0.910169
-0.910169
-0.910169
-0.910169
-0.910169
-0.910169
-0.910169
-0.910169
-0.910169
-0.910169
-0.910169
-0.910169
-0.910169
-0.910169
-0.910169
-0.910002
-0.909667
-0.909162
-0.908484
-0.907631
-0.906596
-0.905375
-0.903961
-0.902347
-0.900525
-0.900525
-0.900525
-0.900525
-0.900525
-0.900525
-0.900525
-0.900525
-0.900525
-0.900525
-0.900525
-0.900525
-0.900525
-0.900525
-0.900525
-0.900525
-0.900525
-0.900525
-0.900525
-0.900525
-0.900525
-0.900525
-0.900525
-0.900525
-0.900525
-0.900341
-0.899972
-0.899417
-0.898672
-0.897734
-0.896599
-0.895261
-0.893713
-0.891948
-0.889959
-0.887736
-0.88527
-0.882549
-0.879563
-0.876299
-0.872743
-0.868883
-0.864702
-0.860187
-0.855321
-0.850086
-0.844466
-0.838443
-0.831998
-0.825112
-0.817765
-0.809937
-0.801609
-0.79276
-0.783367
-0.773411
-0.76287
-0.751883
-0.740109
-0.727537
-0.714157
-0.699958
-0.684927
-0.669055
-0.65233
-0.634741
-0.616279
-0.596935
-0.5767
-0.576148
-0.575603
-0.575065
-0.574536
-0.574015
-0.573505
-0.573004
-0.572515
-0.572036
-0.571568
-0.571111
-0.570666
-0.570232
-0.56981
-0.571132
-0.573302
-0.575297
-0.577117
-0.578761
-0.580228
-0.581519
-0.582633
-0.583219
-0.583219
-0.583219
-0.583219
-0.583219
-0.583219
-0.583219
-0.583219
-0.583219
-0.583219
-0.583219
-0.583219
-0.583219
-0.583219
-0.583219
-0.583219
-0.583219
-0.583219
-0.583219
-0.583219
-0.583219
-0.583219
-0.583219
-0.583219
-0.583219
-0.583219
-0.583113
-0.582459
-0.581363
-0.579826
-0.577844
-0.575416
-0.572538
-0.569206
-0.565416
-0.561164
-0.556443
-0.551249
-0.545574
-0.539413
-0.532758
-0.525602
-0.517936
-0.509754
-0.501047
-0.491806
-0.482022
-0.471688
-0.460794
-0.449332
-0.437292
-0.424666
-0.412023
-0.412023
-0.412023
-0.412023
-0.412023
-0.412023
-0.412023
-0.412023
-0.411522
-0.41052
-0.409016
-0.407008
-0.404496
-0.400444
-0.395878
-0.390792
-0.385186
-0.379054
-0.372394
-0.3652
-0.357471
-0.3492
-0.340384
-0.331019
-0.330116
-0.329239
-0.328389
-0.327565
-0.326766
-0.325992
-0.325242
-0.324517
-0.323816
-0.323137
-0.322482
-0.321848
-0.321236
-0.320644
-0.320074
-0.319523
-0.318991
-0.318478
-0.317983
-0.317506
-0.316964
-0.314765
-0.311566
-0.308095
-0.30453
-0.300872
-0.297122
-0.293282
-0.289353
-0.285336
-0.281231
-0.277041
-0.272767
-0.268409
-0.26397
-0.259451
-0.254852
-0.253702
-0.253702
-0.253702
-0.253702
-0.253702
-0.253702
-0.253702
-0.253702
-0.253702
-0.253702
-0.253702
-0.253702
-0.253702
-0.253702
-0.253702
-0.253702
-0.253702
-0.253702
-0.253702
-0.253702
-0.253702
-0.253702
-0.253702
-0.253702
-0.253702
-0.253702
-0.253702
-0.253702
-0.253702
-0.253702
-0.253702
-0.253702
-0.253702
-0.253702
-0.253702
-0.253702
-0.253702
-0.253702
-0.253702
-0.253702
-0.253702
-0.253702
-0.253702
-0.253702
-0.253702
-0.253702
-0.253702
-0.253702
-0.253702
-0.253702
-0.253702
-0.253702
-0.254237
-0.255307
-0.256912
-0.25905
-0.26172
-0.264922
-0.268653
-0.272911
-0.277695
-0.283002
-0.288829
-0.295171
-0.302026
-0.309389
-0.317255
-0.325619
-0.334475
-0.343816
-0.353635
-0.363924
-0.374674
-0.385877
-0.397521
-0.409595
-0.422087
-0.422087
-0.422087
-0.422087
-0.422087
-0.422087
-0.422478
-0.423416
-0.424851
-0.426782
-0.429206
-0.432122
-0.435527
-0.439418
-0.443791
-0.448643
-0.453968
-0.462281
-0.470931
-0.479917
-0.489239
-0.498893
-0.508876
-0.519184
-0.52981
-0.540747
-0.551987
-0.563519
-0.575333
-0.587415
-0.599754
-0.612333
-0.625136
-0.638145
-0.651342
-0.664705
-0.678212
-0.691841
-0.705564
-0.719356
-0.733189
-0.747032
-0.760853
-0.77462
-0.775153
-0.775659
-0.776138
-0.776593
-0.777025
-0.777436
-0.777826
-0.778196
-0.778548
-0.778883
-0.778732
-0.77728
-0.774476
-0.77112
-0.767529
-0.763703
-0.759646
-0.755356
-0.750837
-0.746089
-0.741114
-0.739207
-0.738505
-0.737449
-0.736037
-0.734267
-0.732135
-0.729636
-0.726766
-0.723517
-0.719885
-0.715861
-0.711438
-0.706607
-0.70136
-0.698259
-0.694572
-0.690301
-0.69245
-0.694474
-0.696381
-0.698179
-0.699874
-0.701473
-0.702982
-0.704407
-0.705752
-0.707022
-0.708223
-0.709358
-0.710432
-0.711448
-0.712409
-0.713319
-0.714181
-0.714998
-0.715772
-0.716506
-0.717202
-0.717862
-0.718489
-0.719083
-0.719648
-0.720185
-0.720695
-0.721179
-0.72164
-0.722079
-0.722495
-0.722892
-0.72327
-0.723629
-0.723972
-0.724298
-0.724609
-0.724905
-0.725187
-0.725456
-0.725713
-0.725958
-0.726192
-0.726415
-0.726628
-0.726831
-0.727025
-0.727211
-0.727388
-0.727557
-0.727718
-0.727873
-0.728021
-0.728162
-0.728297
-0.728426
-0.72855
-0.728668
-0.728781
-0.728889
-0.728993
-0.729092
-0.729186
-0.729277
-0.729364
-0.729447
-0.729527
-0.729603
-0.729676
-0.729746
-0.729813
-0.729877
-0.729939
-0.729998
-0.730054
-0.730108
-0.73016
-0.73021
-0.730257
-0.730303
-0.730346
-0.730388
-0.730429
-0.730467
-0.730504
-0.730539
-0.730573
-0.730606
-0.730637
-0.730667
-0.730696
-0.730723
-0.73075
-0.730775
-0.730799
-0.730822
-0.730845
-0.730866
-0.730887
-0.730907
-0.730926
-0.730944
-0.730961
-0.730936
-0.730857
-0.730724
-0.730591
-0.730431
-0.730244
-0.730083
-0.72992
-0.729701
-0.72948
-0.72812
-0.725421
-0.722326
-0.719011
-0.715478
-0.711726
-0.707758
-0.703574
-0.699176
-0.694564
-0.689742
-0.684709
-0.683008
-0.683008
-0.683008
-0.683008
-0.683008
-0.683008
-0.683008
-0.683008
-0.683008
-0.683008
-0.683008
-0.685584
-0.688009
-0.690291
-0.69244
-0.694465
-0.696372
-0.69817
-0.699865
-0.701464
-0.702973
-0.704397
-0.705743
-0.707013
-0.708214
-0.70935
-0.710423
-0.711439
-0.7124
-0.71331
-0.714172
-0.714989
-0.715763
-0.716497
-0.717193
-0.717853
-0.71848
-0.719074
-0.719639
-0.720176
-0.720686
-0.72117
-0.721631
-0.722069
-0.722486
-0.722883
-0.723261
-0.72362
-0.723962
-0.724289
-0.724599
-0.724895
-0.725178
-0.725447
-0.725704
-0.725949
-0.726183
-0.726406
-0.726619
-0.726822
-0.726704
-0.725792
-0.722992
-0.719794
-0.716311
-0.71261
-0.708692
-0.704558
-0.700209
-0.695647
-0.690873
-0.685889
-0.683003
-0.683003
-0.683003
-0.683003
-0.683003
-0.683003
-0.683003
-0.683003
-0.683003
-0.683003
-0.683003
-0.683003
-0.683003
-0.683003
-0.683003
-0.683003
-0.683003
-0.68339
-0.684165
-0.685325
-0.686868
-0.688792
-0.691093
-0.693768
-0.69681
-0.700214
-0.703975
-0.708083
-0.712533
-0.717313
-0.722416
-0.72783
-0.733543
-0.739545
-0.74582
-0.752355
-0.759135
-0.766143
-0.773362
-0.780773
-0.788358
-0.796096
-0.803965
-0.811941
-0.820002
-0.82812
-0.836271
-0.844425
-0.852555
-0.852555
-0.852555
-0.852555
-0.852555
-0.852555
-0.852555
-0.852555
-0.852555
-0.852804
-0.853302
-0.854047
-0.855035
-0.856264
-0.857729
-0.859426
-0.861347
-0.863486
-0.865836
-0.868386
-0.871127
-0.874049
-0.87714
-0.880387
-0.883777
-0.887295
-0.890925
-0.894651
-0.898454
-0.902317
-0.906219
-0.91014
-0.914058
-0.917949
-0.92179
-0.925556
-0.92922
-0.932205
-0.932205
-0.932205
-0.932205
-0.932205
-0.932205
-0.932205
-0.932205
-0.932205
-0.932205
-0.932205
-0.932205
-0.932205
-0.932212
-0.932265
-0.932428
-0.932739
-0.933163
-0.933699
-0.934341
-0.935083
-0.935921
-0.936846
-0.93785
-0.938924
-0.940057
-0.94124
-0.942459
-0.943701
-0.944952
-0.946198
-0.947422
-0.948606
-0.949734
-0.949834
-0.949834
-0.949834
-0.949834
-0.949834
-0.949834
-0.949834
-0.949834
-0.949834
-0.949834
-0.949834
-0.949834
-0.949834
-0.949834
-0.949834
-0.949846
-0.949924
-0.950055
-0.950234
-0.95046
-0.950727
-0.951031
-0.951365
-0.951723
-0.952095
-0.952472
-0.952845
0.953203
0.953533
0.953822
0.954057
0.954221
0.9543
0.954276
0.954132
0.954132
0.954132
0.954132
0.954132
0.954132
0.954132
0.954132
0.954132
0.954132
0.954132
0.954132
0.954132
0.954132
0.954132
0.954129
0.954113
0.954084
0.95404
0.953978
0.953893
0.953781
0.953634
0.953445
0.953207
0.95291
0.952543
0.952097
0.951558
0.950913
0.95015
0.949252
0.948205
0.94699
0.945592
0.94399
0.942166
0.940099
0.937769
0.935152
0.935152
0.935152
0.935152
0.935152
0.935152
0.935152
0.935152
0.935152
0.935152
0.935152
0.935152
0.935117
0.934944
0.934657
0.934256
0.933736
0.933093
0.932323
0.931418
0.930371
0.929175
0.927821
0.926298
0.924595
0.922702
0.920606
0.918292
0.915747
0.912956
0.909902
0.906568
0.902938
0.901233
0.901233
0.901233
0.901233
0.901233
0.901233
0.901233
0.901233
0.901233
0.901233
0.901144
0.900833
0.900338
0.899655
0.898782
0.897714
0.896445
0.89497
0.893283
0.891374
0.889236
0.886858
0.88423
0.881342
0.87818
0.874733
0.870985
0.866924
0.862533
0.862533
0.862533
0.862533
0.862533
0.862533
0.862533
0.862293
0.861814
0.861095
0.860132
0.858924
0.857464
0.855748
0.853771
0.851524
0.849
0.846191
0.843088
0.839679
0.835955
0.831903
0.827511
0.827511
0.827511
0.827511
0.827511
0.827511
0.827511
0.827376
0.826906
0.826157
0.825127
0.823814
0.822212
0.820318
0.818126
0.815629
0.812821
0.809693
0.806237
0.802443
0.798302
0.793801
0.788931
0.783678
0.778029
0.771972
0.765492
0.765492
0.765492
0.765492
0.765492
0.765492
0.765492
0.765492
0.765492
0.765492
0.765492
0.765714
0.765872
0.765973
0.766024
0.766029
0.765995
0.765926
0.765825
0.765698
0.765547
0.765376
0.765188
0.764985
0.764769
0.764543
0.764309
0.764068
0.763821
0.763572
0.763158
0.762315
0.761116
0.759561
0.757644
0.755363
0.752713
0.749688
0.746282
0.74249
0.738302
0.733711
0.728709
0.723286
0.717432
0.711137
0.704389
0.697179
0.689492
0.681317
0.672642
0.67242
0.672205
0.671997
0.671796
0.671601
0.671413
0.671231
0.671055
0.670885
0.670721
0.670563
0.67041
0.670263
0.67012
0.669983
0.669851
0.669723
0.6696
0.669482
0.669367
0.669257
0.669151
0.669049
0.668951
0.668856
0.668765
0.668677
0.668593
0.668512
0.668434
0.668358
0.668286
0.668216
0.668149
0.668085
0.668023
0.667963
0.667906
0.66785
0.667797
0.667746
0.667697
0.66765
0.667605
0.667561
0.66752
0.667479
0.667441
0.667403
0.667368
0.667333
0.6673
0.667269
0.667238
0.667209
0.667181
0.667153
0.667127
0.667103
0.667078
0.667055
0.667033
0.667012
0.666991
0.666972
0.666953
0.666935
0.666917
0.666901
0.666885
0.666869
0.666854
0.66684
0.666826
0.666813
0.6668
0.666788
0.666776
0.666765
0.666755
0.666744
0.666734
0.666725
0.666716
0.666707
0.666698
0.66669
0.666682
0.666674
0.666667
0.66666
0.666654
0.666647
0.666641
0.666635
0.66663
0.666624
0.666619
0.666614
0.666609
0.666604
0.6666
0.666595
0.666591
0.666587
0.666583
0.66658
0.666576
0.666573
0.66657
0.666566
0.666563
0.66656
0.666557
0.666555
0.666552
0.66655
0.666547
0.666545
0.666543
0.66654
0.666538
0.666536
0.666534
0.666532
0.66653
0.666529
0.666527
0.666526
0.666524
0.666523
0.666521
0.66652
0.666518
0.666517
0.666516
0.666515
0.666514
0.666512
0.666511
0.666511
0.66651
0.666509
0.666508
0.666507
0.666506
0.666505
0.666505
0.666504
0.666503
0.666502
0.666502
0.666501
0.666501
0.6665
0.666499
0.666499
0.666498
0.666497
0.666497
0.666496
0.666496
0.666495
0.666495
0.666494
0.666494
0.666493
0.666493
0.666493
0.666492
0.666492
0.666492
0.666491
0.666491
0.66649
0.66649
0.66649
0.666489
0.666489
0.666489
0.666488
0.666488
0.666488
0.666487
0.666487
0.666487
0.666487
0.666487
0.666487
0.666487
0.666487
0.666487
0.666487
0.666487
0.666487
0.666487
0.666487
0.666487
0.666487
0.666487
0.666487
0.666487
0.666487
0.666487
0.666487
0.666487
0.666487
0.666487
0.666487
0.666487
0.666487
0.666487
0.666487
0.666487
0.666487
0.666487
0.666487
0.666487
0.666487
0.666487
0.666487
0.666487
0.666487
0.666487
0.666487
0.666487
0.666487
0.666487
0.666487
0.666487
0.666487
0.666487
0.666487
0.666487
0.666487
0.666487
0.666487
0.66649
0.666939
0.667802
0.669078
0.670765
0.67286
0.675359
0.678258
0.681553
0.685237
0.689304
0.693747
0.698559
0.70373
0.708924
0.714268
0.719941
0.725933
0.732201
0.738791
0.745659
0.75279
0.760168
0.767776
0.775594
0.783604
0.791021
0.797103
0.803027
0.808883
0.814644
0.820282
0.825768
0.831072
0.826647
0.82197
0.818254
0.818254
0.818254
0.818254
0.818254
0.818254
0.818254
0.818254
0.818254
0.818254
0.818254
0.81854
0.81911
0.819963
0.821097
0.822508
0.824192
0.826144
0.828359
0.830828
0.833545
0.836501
0.839688
0.843093
0.846706
0.850516
0.854508
0.858668
0.862981
0.867431
0.872001
0.876672
0.881426
0.886241
0.891096
0.895969
0.900836
0.905672
0.910451
0.915146
0.919728
0.924169
0.928438
0.932504
0.932504
0.932504
0.932504
0.932504
0.932504
0.932504
0.932504
0.932504
0.932621
0.932856
0.933206
0.933668
0.934238
0.934912
0.935683
0.936546
0.937493
0.938514
0.939602
0.940744
0.941929
0.943145
0.944379
0.945616
0.946841
0.948036
0.949185
0.950269
0.951269
0.952165
0.952934
-0.953555
-0.954004
-0.954257
-0.954289
-0.954073
-0.953582
-0.952789
-0.951665
-0.950179
-0.948303
-0.946003
-0.94325
-0.94001
-0.93625
-0.931938
-0.927038
-0.921516
-0.915339
-0.908472
-0.900879
-0.892525
-0.883377
-0.8734
-0.8734
-0.8734
-0.8734
-0.8734
-0.8734
-0.8734
-0.8734
-0.8734
-0.8734
-0.8734
-0.8734
-0.8734
-0.8734
-0.8734
-0.8734
-0.8734
-0.873387
-0.87311
-0.872607
-0.871878
-0.870918
-0.869725
-0.868293
-0.866618
-0.864693
-0.86251
-0.860062
-0.85734
-0.855009
-0.852257
-0.849081
-0.84948
-0.849817
-0.850095
-0.850322
-0.850503
-0.850642
-0.850744
-0.850812
-0.850851
-0.850863
-0.850852
-0.85082
-0.850771
-0.850705
-0.850625
-0.850534
-0.850432
-0.850321
-0.850203
-0.850078
-0.849948
-0.849815
-0.849678
-0.849538
-0.849397
-0.848977
-0.848276
-0.847294
-0.846025
-0.844468
-0.842617
-0.840467
-0.838011
-0.835243
-0.832154
-0.828736
-0.824981
-0.820876
-0.816413
-0.811579
-0.806362
-0.80075
-0.794729
-0.788284
-0.781402
-0.774068
-0.766265
-0.757977
-0.749189
-0.739885
-0.730045
-0.719654
-0.719533
-0.719416
-0.719304
-0.719195
-0.719091
-0.71899
-0.718892
-0.718799
-0.718709
-0.718621
-0.718538
-0.718457
-0.718379
-0.718304
-0.718232
-0.718163
-0.718096
-0.718032
-0.71797
-0.717911
-0.717853
-0.717798
-0.717745
-0.717695
-0.717645
-0.717598
-0.717553
-0.717509
-0.717467
-0.717427
-0.717388
-0.717351
-0.717315
-0.717281
-0.717248
-0.717216
-0.717185
-0.717156
-0.717128
-0.7171
-0.717074
-0.717049
-0.717025
-0.717002
-0.71698
-0.716958
-0.716938
-0.716918
-0.716899
-0.716881
-0.716863
-0.716846
-0.71683
-0.716815
-0.7168
-0.716786
-0.716772
-0.716759
-0.716746
-0.716734
-0.716722
-0.716711
-0.7167
-0.71669
-0.71668
-0.71667
-0.716661
-0.716652
-0.716643
-0.716635
-0.716627
-0.71662
-0.716612
-0.716605
-0.716599
-0.716592
-0.716586
-0.71658
-0.716574
-0.716569
-0.716564
-0.716559
-0.716554
-0.716549
-0.716545
-0.71654
-0.716536
-0.716532
-0.716528
-0.716524
-0.716521
-0.716518
-0.716514
-0.716511
-0.716508
-0.716505
-0.716502
-0.7165
-0.716497
-0.716495
-0.716492
-0.71649
-0.716488
-0.716486
-0.716484
-0.716482
-0.71648
-0.716478
-0.716476
-0.716474
-0.716473
-0.716471
-0.71647
-0.716468
-0.716467
-0.716465
-0.716464
-0.716463
-0.716461
-0.71646
-0.716459
-0.716458
-0.716457
-0.716456
-0.716455
-0.716454
-0.716453
-0.716452
-0.716452
-0.716451
-0.71645
-0.716449
-0.716448
-0.716448
-0.716447
-0.716446
-0.716446
-0.716445
-0.716444
-0.716444
-0.716443
-0.716443
-0.716442
-0.716442
-0.716441
-0.716441
-0.71644
-0.71644
-0.71644
-0.716439
-0.716439
-0.716439
-0.716438
-0.716438
-0.716438
-0.716437
-0.716437
-0.716437
-0.716436
-0.716436
-0.716436
-0.716435
-0.716435
-0.716435
-0.716435
-0.716434
-0.716434
-0.716434
-0.716434
-0.716433
-0.716433
-0.716433
-0.716433
-0.716433
-0.716433
-0.716433
-0.716433
-0.716433
-0.716433
-0.716433
-0.716433
-0.716433
-0.716433
-0.716433
-0.716433
-0.716433
-0.716433
-0.716433
-0.716433
-0.716433
-0.716433
-0.716433
-0.716433
-0.716433
-0.716433
-0.716433
-0.716433
-0.716433
-0.716433
-0.716433
-0.716433
-0.716433
-0.716433
-0.716433
-0.716433
-0.716433
-0.716433
-0.716433
-0.716433
-0.716433
-0.716433
-0.716433
-0.716433
-0.716433
-0.716433
-0.716433
-0.716433
-0.716433
-0.716433
-0.716433
-0.716433
-0.716433
-0.716433
-0.716433
-0.716433
-0.716433
-0.716433
-0.716433
-0.716433
-0.716433
-0.715567
-0.713875
-0.711334
-0.708259
-0.704968
-0.701463
-0.697743
-0.693812
-0.689668
-0.685315
-0.680753
-0.675984
-0.671009
-0.667622
-0.667622
-0.667622
-0.667622
-0.667622
-0.667622
-0.667622
-0.667622
-0.670203
-0.672632
-0.674919
-0.677074
-0.679105
-0.681019
-0.682825
-0.684528
-0.686135
-0.687653
-0.689086
-0.69044
-0.69172
-0.69293
-0.694074
-0.695157
-0.696181
-0.697152
-0.698071
-0.698941
-0.699766
-0.700549
-0.701291
-0.701995
-0.702663
-0.703298
-0.7039
-0.704473
-0.705016
-0.705533
-0.706025
-0.706492
-0.706937
-0.707361
-0.707764
-0.708147
-0.708513
-0.708861
-0.709192
-0.709509
-0.70981
-0.710097
-0.710371
-0.710633
-0.710882
-0.71112
-0.711348
-0.711565
-0.711772
-0.71197
-0.712159
-0.712339
-0.712512
-0.712677
-0.712834
-0.712985
-0.713129
-0.713267
-0.713399
-0.713525
-0.713646
-0.713761
-0.713872
-0.713977
-0.714078
-0.714175
-0.714268
-0.714357
-0.714442
-0.714523
-0.714601
-0.714676
-0.714747
-0.714816
-0.714881
-0.714944
-0.715005
-0.715062
-0.715118
-0.71517
-0.715221
-0.71527
-0.715317
-0.715361
-0.715404
-0.715446
-0.715485
-0.715523
-0.715559
-0.715594
-0.715627
-0.715659
-0.71569
-0.715719
-0.715747
-0.715774
-0.7158
-0.715825
-0.715849
-0.715871
-0.715893
-0.715914
-0.715934
-0.715954
-0.715972
-0.71599
-0.716007
-0.716024
-0.716039
-0.716054
-0.716069
-0.716083
-0.716096
-0.716109
-0.716121
-0.716133
-0.716144
-0.716155
-0.716166
-0.716176
-0.716185
-0.716194
-0.716203
-0.716211
-0.716219
-0.716227
-0.716235
-0.716242
-0.716249
-0.716255
-0.716262
-0.716268
-0.716273
-0.716279
-0.716284
-0.716289
-0.716294
-0.716299
-0.716303
-0.716308
-0.716312
-0.716316
-0.71632
-0.716323
-0.716327
-0.71633
-0.716333
-0.716336
-0.716339
-0.716342
-0.716345
-0.716348
-0.71635
-0.716353
-0.716355
-0.716357
-0.716359
-0.716361
-0.716363
-0.716365
-0.716367
-0.716368
-0.71637
-0.716371
-0.716373
-0.716374
-0.716376
-0.716377
-0.716378
-0.716379
-0.71638
-0.716381
-0.716382
-0.716383
-0.716384
-0.716385
-0.716386
-0.716387
-0.716388
-0.716389
-0.716389
-0.71639
-0.716391
-0.716391
-0.716392
-0.716392
-0.716393
-0.716394
-0.716394
-0.716394
-0.716395
-0.716395
-0.716396
-0.716396
-0.716396
-0.716397
-0.716397
-0.716397
-0.716398
-0.716398
-0.716398
-0.716399
-0.716399
-0.716399
-0.716399
-0.716399
-0.716399
-0.7164
-0.7164
-0.7164
-0.7164
-0.7164
-0.7164
-0.7164
-0.7164
-0.716497
-0.716758
-0.716829
-0.716921
-0.716996
-0.716915
-0.717068
-0.717382
-0.717909
-0.718679
-0.719685
-0.720921
-0.722249
-0.723597
-0.724837
-0.726074
-0.72722
-0.728453
-0.73495
-0.74179
-0.748879
-0.756201
-0.763739
-0.771473
-0.779384
-0.779384
-0.779384
-0.779384
-0.779384
-0.779384
-0.779384
-0.779481
-0.779978
-0.780794
-0.781926
-0.783372
-0.785129
-0.787191
-0.789554
-0.792211
-0.795156
-0.79838
-0.801876
-0.805633
-0.809641
-0.813889
-0.818364
-0.823053
-0.827943
-0.833016
-0.838259
-0.843652
-0.849178
-0.854818
-0.860551
-0.866355
-0.872208
-0.878085
-0.883963
-0.889814
-0.889814
-0.889814
-0.889814
-0.889814
-0.889814
-0.889814
-0.889814
-0.889814
-0.890014
-0.890414
-0.891012
-0.891805
-0.892789
-0.89396
-0.895313
-0.89684
-0.898536
-0.900391
-0.902396
-0.904541
-0.906815
-0.909207
-0.911702
-0.914287
-0.916946
-0.919665
-0.922425
-0.925209
-0.927996
-0.930768
-0.933504
-0.936179
-0.938772
-0.941259
-0.943613
-0.945808
-0.947817
-0.949611
-0.951161
-0.952437
0.953407
0.954039
0.954269
0.954302
0.954302
0.954302
0.954302
0.954302
0.954302
0.954302
0.956021
0.957604
0.95906
0.960399
0.961631
0.962764
0.963805
0.964763
0.965643
0.966452
0.967196
0.967879
0.968507
0.969083
0.969612
0.970099
0.970545
0.970954
0.97133
0.971675
0.971991
0.972281
0.972547
0.97279
0.973013
0.973218
0.973405
0.973577
0.973733
0.973877
0.974008
0.974128
0.974238
0.974338
0.974429
0.974512
0.974588
0.974657
0.974721
0.974778
0.97483
0.974878
0.974921
0.97496
0.974995
0.975028
0.975057
0.975083
0.974969
0.974685
0.974084
0.973139
0.971862
0.970288
0.96842
0.966256
0.963798
0.961047
0.958002
0.954666
0.954302
0.954302
0.954302
0.954302
0.954302
0.954302
0.954302
0.954302
0.954302
0.954302
0.954302
0.954302
0.954302
0.954302
0.954302
0.954302
0.954302
0.954302
0.954302
0.954302
0.954302
0.954302
0.954302
0.954302
0.954303
0.954304
0.954304
0.954299
0.954286
0.954259
0.954213
0.954141
0.954036
0.953888
0.953688
0.953425
0.953088
0.952664
0.95214
0.951501
0.950731
0.949815
0.948735
0.947473
0.94601
0.944326
0.9424
0.94021
0.937734
0.934948
0.931829
0.928352
0.92449
0.920219
0.915511
0.910563
0.910563
0.910563
0.910563
0.910563
0.910563
0.910563
0.910563
0.910397
0.910063
0.909561
0.908886
0.908036
0.907006
0.90579
0.904382
0.902774
0.900959
0.898928
0.896669
0.894173
0.891428
0.888421
0.885139
0.881568
0.877693
0.873499
0.868968
0.864084
0.858829
0.853185
0.847133
0.840653
0.839612
0.839612
0.839612
0.839612
0.839612
0.839612
0.839612
0.839612
0.839612
0.839612
0.839612
0.839612
0.839612
0.839612
0.839612
0.839612
0.839612
0.839612
0.839612
0.839612
0.839612
0.839612
0.839612
0.839612
0.839604
0.83931
0.838742
0.837907
0.836803
0.835425
0.83377
0.831832
0.829606
0.827084
0.824259
0.821123
0.817666
0.813879
0.80975
0.805269
0.800422
0.795199
0.789585
0.783566
0.777127
0.770254
0.76389
0.763272
0.763272
0.763272
0.763272
0.763272
0.763272
0.763272
0.763272
0.763222
0.76276
0.761963
0.76083
0.759357
0.757542
0.755381
0.752868
0.749998
0.746903
0.743349
0.739332
0.734848
0.729893
0.724461
0.718545
0.712138
0.705232
0.697819
0.689888
0.68143
0.672433
0.662889
0.652784
0.642106
0.630846
0.618989
0.606524
0.593438
0.57972
0.565358
0.564896
0.564446
0.564008
0.563581
0.563167
0.562764
0.562373
0.561993
0.561625
0.561268
0.560922
0.560587
0.560262
0.559948
0.559645
0.559351
0.559067
0.558793
0.558528
0.558272
0.558025
0.557786
0.557913
0.558564
0.559688
0.561283
0.563347
0.565877
0.56887
0.572322
0.576229
0.580584
0.585381
0.590616
0.596278
0.602361
0.608857
0.615754
0.623042
0.630711
0.638747
0.647138
0.655869
0.655776
0.655687
0.655601
0.655518
0.655438
0.655362
0.655288
0.655217
0.655149
0.655083
0.655036
0.655479
0.656345
0.657632
0.659338
0.661461
0.663996
0.666939
0.670286
0.671957
0.671916
0.671876
0.671837
0.6718
0.671765
0.671731
0.671698
0.671666
0.671636
0.671607
0.671579
0.671552
0.671526
0.671501
0.671477
0.671454
0.671432
0.671411
0.671391
0.671371
0.671352
0.671334
0.671317
0.6713
0.671284
0.671269
0.671254
0.67124
0.671226
0.671213
0.671201
0.671189
0.671177
0.671166
0.671155
0.671145
0.671135
0.671125
0.671116
0.671107
0.671099
0.671091
0.671083
0.671075
0.671068
0.671061
0.671054
0.671048
0.671042
0.671036
0.67103
0.671025
0.67102
0.671014
0.67101
0.671005
0.671
0.670996
0.670992
0.670988
0.670984
0.670981
0.670977
0.670974
0.670971
0.670967
0.670964
0.670962
0.670959
0.670956
0.670953
0.670951
0.670948
0.670946
0.670944
0.670942
0.670939
0.670937
0.670936
0.670934
0.670932
0.670931
0.670929
0.670927
0.670926
0.670924
0.670923
0.670922
0.67092
0.670919
0.670918
0.670917
0.670916
0.670915
0.670913
0.670912
0.670911
0.67091
0.67091
0.670909
0.670908
0.670907
0.670906
0.670906
0.670905
0.670904
0.670903
0.670903
0.670902
0.670901
0.670901
0.6709
0.6709
0.670899
0.670899
0.670898
0.670897
0.670897
0.670897
0.670896
0.670896
0.670895
0.670895
0.670894
0.670894
0.670894
0.670893
0.670893
0.670892
0.670892
0.670892
0.670891
0.670891
0.670891
0.67089
0.67089
0.67089
0.670889
0.670889
0.670889
0.670889
0.670889
0.670889
0.670889
0.670889
0.670889
0.670897
0.671025
0.670619
0.669307
0.667886
0.666682
0.665693
0.664917
0.664352
0.663991
0.663829
0.663859
0.664072
0.664459
0.665008
0.670851
0.670851
0.670851
0.670851
0.670851
0.670851
0.670851
0.670851
0.670851
0.670851
0.670851
0.670851
0.670851
0.671246
0.672035
0.673216
0.674788
0.676748
0.679093
0.681817
0.684917
0.688387
0.692221
0.69641
0.700948
0.705826
0.711034
0.716561
0.722397
0.728528
0.734943
0.741627
0.748565
0.75574
0.763136
0.770734
0.778516
0.78646
0.794546
0.80275
0.81105
0.819418
0.82783
0.836257
0.844671
0.853041
0.861335
0.869522
0.877566
0.885433
0.893085
0.900485
0.907593
0.914368
0.92077
0.926754
0.932277
0.937294
0.941758
0.945623
0.94884
0.951361
0.951361
0.951361
0.951361
0.951361
0.951361
0.951361
0.953223
0.954941
0.956528
0.957993
0.959346
0.960595
0.961748
0.962813
0.963797
0.964705
0.965543
0.966318
0.967033
0.967694
0.968304
0.968868
0.969389
0.96987
0.970315
0.970725
0.971105
0.971456
0.97178
0.97208
0.972357
0.972613
0.97285
0.973069
0.973272
0.97346
0.973633
0.973794
0.973942
0.974079
0.974207
0.974325
0.974434
0.974535
0.974628
0.974715
0.974795
0.97487
0.974939
0.975003
0.975041
0.975053
0.975038
0.974993
0.974916
0.974802
0.974645
0.97444
0.974178
0.973851
0.973451
0.973485
0.973517
0.973547
0.973574
0.973601
0.973625
0.973648
0.97367
0.97369
0.97371
0.973728
0.973745
0.973761
0.973776
0.97379
0.973803
0.973816
0.973828
0.973839
0.973849
0.973859
0.973869
0.973878
0.973886
0.973894
0.973902
0.973909
0.973915
0.973922
0.973928
0.973934
0.973939
0.973944
0.973949
0.973954
0.973958
0.973962
0.973966
0.97397
0.973974
0.973977
0.97398
0.973984
0.973987
0.973989
0.973992
0.973995
0.973997
0.973999
0.974001
0.974004
0.974006
0.974008
0.974009
0.974011
0.974013
0.974014
0.974016
0.974017
0.974019
0.97402
0.974021
0.974023
0.974024
0.974025
0.974026
0.974027
0.974028
0.974029
0.97403
0.97403
0.974122
0.974125
0.973831
0.97324
0.972353
0.971169
0.96969
0.967916
0.965846
0.963483
0.960826
0.957876
0.954634
0.954137
0.954137
0.954137
0.954137
0.954137
0.954137
0.954137
0.955815
0.957358
0.958776
0.960079
0.961276
0.962375
0.963385
0.964311
0.965162
0.965943
0.966659
0.967316
0.967919
0.968471
0.968977
0.969441
0.969866
0.970255
0.970612
0.970937
0.971236
0.971508
0.971757
0.971985
0.972193
0.972383
0.972556
0.972714
0.972858
0.972989
0.973108
0.973217
0.973315
0.973405
0.973486
0.97356
0.973626
0.973687
0.973741
0.97379
0.973835
0.973875
0.973911
0.973943
0.973972
0.973825
0.973292
0.972426
0.971264
0.969806
0.968053
0.966005
0.963662
0.961026
0.958097
0.954877
0.954137
0.954137
0.954137
0.954137
0.954137
0.954137
0.954137
0.954137
0.954137
0.955815
0.957358
0.958776
0.960079
0.961276
0.962375
0.963385
0.964311
0.965162
0.965943
0.966659
0.967316
0.967919
0.968471
0.968977
0.969441
0.969866
0.970255
0.970612
0.970937
0.971236
0.971508
0.971757
0.971985
0.972193
0.972383
0.972556
0.972714
0.972858
0.972989
0.973108
0.973217
0.973315
0.973405
0.973486
0.97356
0.973626
0.973687
0.973741
0.97379
0.973835
0.973875
0.973867
0.973711
0.973301
0.972439
0.971281
0.969826
0.968077
0.966032
0.963693
0.961061
0.958136
0.954919
0.954137
0.954137
0.954137
0.954137
0.954137
0.954137
0.954137
0.954137
0.954137
0.954137
0.954137
0.954137
0.954137
0.954137
0.954137
0.954137
0.955815
0.957358
0.958776
0.960079
0.961276
0.962375
0.963385
0.964311
0.965162
0.965943
0.966659
0.967316
0.967919
0.968471
0.968977
0.969441
0.969866
0.970255
0.970612
0.970937
0.971236
0.971508
0.971757
0.971985
0.972193
0.972383
0.972556
0.972714
0.972858
0.972989
0.973108
0.973217
0.973315
0.973405
0.973486
0.97356
0.973626
0.973687
0.973741
0.97379
0.973835
0.973875
0.973732
0.973216
0.972318
0.971072
0.969514
0.967646
0.965471
0.96299
0.960206
0.957118
0.953726
0.952747
0.952344
0.951854
0.951266
0.950565
0.949738
0.94877
0.947643
0.946341
0.944845
0.943138
0.941197
0.939004
0.936536
0.933771
0.930686
0.927257
0.923459
0.919267
0.914656
0.909598
0.904067
0.898034
0.891473
0.884354
0.876649
0.86833
0.859367
0.849732
0.839395
0.828328
0.816503
0.803891
0.790465
0.776198
0.761064
0.745039
0.728098
0.710218
0.691379
0.67156
0.67156
0.671394
0.671186
0.670943
0.670668
0.670367
0.670043
0.6697
0.669341
0.668935
0.668029
0.666704
0.664961
0.662795
0.660205
0.657187
0.653736
0.649848
0.645518
0.640739
0.635506
0.635092
0.634685
0.634287
0.633897
0.633516
0.633143
0.63278
0.632425
0.63208
0.631744
0.631417
0.631099
0.630791
0.631262
0.632363
0.633924
0.636168
0.638692
0.641463
0.644448
0.647638
0.651018
0.654574
0.658292
0.6619
0.665888
0.670249
0.674975
0.680057
0.685488
0.691255
0.697349
0.697349
0.697349
0.697349
0.697283
0.69717
0.697015
0.696824
0.696602
0.696352
0.696079
0.695786
0.695477
0.695155
0.694821
0.694479
0.694131
0.693777
0.693421
0.693062
0.692704
0.692347
0.691991
0.691638
0.691289
0.690944
0.690604
0.69027
0.689941
0.689618
0.689302
0.688993
0.68869
0.688394
0.688106
0.687825
0.687552
0.687285
0.687026
0.686774
0.68653
0.686293
0.686062
0.685839
0.685623
0.685413
0.68521
0.685014
0.684824
0.68464
0.684462
0.684291
0.684125
0.683964
0.68381
0.68366
0.683516
0.683377
0.683243
0.683114
0.682989
0.682869
0.682753
0.682641
0.682533
0.682429
0.682329
0.682233
0.68214
0.682051
0.681965
0.681882
0.681803
0.681726
0.681652
0.681581
0.681513
0.681447
0.681384
0.681323
0.681265
0.681209
0.681154
0.681102
0.681052
0.681004
0.680958
0.680913
0.680871
0.68083
0.68079
0.680752
0.680716
0.680681
0.680647
0.680615
0.680583
0.680553
0.680524
0.680497
0.68047
0.680445
0.68042
0.680396
0.680374
0.680352
0.680331
0.680311
0.680292
0.680273
0.680255
0.680238
0.680222
0.680206
0.680191
0.680176
0.680162
0.680149
0.680136
0.680123
0.680111
0.6801
0.680089
0.680078
0.680068
0.680058
0.680049
0.68004
0.680031
0.680023
0.680015
0.680007
0.68
0.679992
0.679986
0.679979
0.679973
0.679967
0.679961
0.679955
0.67995
0.679945
0.67994
0.679935
0.67993
0.679926
0.679922
0.679918
0.679914
0.67991
0.679906
0.679903
0.679899
0.679896
0.679893
0.67989
0.679887
0.679884
0.679882
0.679879
0.679877
0.679874
0.679872
0.67987
0.679867
0.679865
0.679863
0.679861
0.67986
0.679858
0.679856
0.679855
0.679853
0.679852
0.67985
0.679849
0.679848
0.679847
0.679845
0.679844
0.679843
0.679842
0.679841
0.67984
0.679839
0.679838
0.679837
0.679836
0.679835
0.679834
0.679834
0.679833
0.679832
0.679831
0.679831
0.67983
0.67983
0.679829
0.679829
0.679828
0.679827
0.679827
0.679826
0.679826
0.679825
0.679825
0.679824
0.679824
0.679823
0.679823
0.679822
0.679822
0.679822
0.679821
0.679821
0.67982
0.67982
0.67982
0.67982
0.679819
0.679819
0.679819
0.679819
0.679819
0.679818
0.679818
0.679818
0.679817
0.679817
0.679817
0.679817
0.679817
0.679817
0.679817
0.679817
0.679817
0.679817
0.679817
0.679817
0.679817
0.679817
0.679817
0.679817
0.679817
0.679817
0.679817
0.679817
0.680708
0.681764
0.682914
0.684142
0.685386
0.686814
0.688731
0.690984
0.69352
0.696323
0.699353
0.702627
0.70612
0.70981
0.7137
0.717767
0.721993
0.726362
0.731009
0.735995
0.741283
0.746859
0.752711
0.758827
0.76519
0.771787
0.7786
0.785611
0.792803
0.800154
0.807645
0.815253
0.822956
0.830728
0.838544
0.839128
0.839629
0.840054
0.840412
0.840708
0.840948
0.841139
0.841285
0.841391
0.841739
0.842332
0.843177
0.844275
0.845627
0.847235
0.849095
0.851207
0.853567
0.856168
0.859006
0.862072
0.865359
0.868856
0.872552
0.876436
0.880495
0.884713
0.889076
0.893566
0.898167
0.902857
0.907619
0.90755
0.90748
0.907407
0.907334
0.90726
0.907185
0.90711
0.907035
0.906961
0.906887
0.906813
0.906741
0.906669
0.906599
0.90653
0.906462
0.906395
0.90633
0.906266
0.906203
0.906142
0.906083
0.906025
0.905968
0.905914
0.90586
0.905808
0.905758
0.905707
0.905572
0.905314
0.904937
0.904233
0.903304
0.902154
0.900778
0.89917
0.897324
0.895231
0.892885
0.890274
0.887389
0.88422
0.880754
0.87698
0.874339
0.871167
0.867458
0.863208
0.858411
0.853061
0.847155
0.840685
0.833647
0.826036
0.817849
0.809117
0.800729
0.791817
0.782359
0.772336
0.761724
0.750504
0.738653
0.726152
0.712978
0.699111
0.699111
0.699111
0.699052
0.698945
0.698796
0.698611
0.698394
0.69815
0.697882
0.697594
0.697289
0.696971
0.696641
0.696303
0.695958
0.695607
0.695254
0.694899
0.694543
0.694189
0.693836
0.693485
0.693138
0.692796
0.692457
0.692125
0.691798
0.691477
0.691162
0.690854
0.690553
0.690259
0.689973
0.689693
0.689421
0.689156
0.688898
0.688462
0.687544
0.686228
0.684513
0.682395
0.679869
0.676933
0.673581
0.669807
0.665605
0.660968
0.660783
0.660603
0.66043
0.660263
0.660102
0.659947
0.659797
0.659652
0.659513
0.659378
0.659248
0.659123
0.659003
0.658887
0.658775
0.658667
0.658564
0.658464
0.658368
0.658275
0.658186
0.6581
0.658018
0.657938
0.657862
0.657788
0.657717
0.65765
0.657584
0.657521
0.657461
0.657402
0.657346
0.657292
0.657241
0.657191
0.657143
0.657097
0.657053
0.65701
0.656549
0.655669
0.654367
0.652643
0.650493
0.647914
0.644902
0.641452
0.637559
0.633217
0.62842
0.623161
0.617433
0.617407
0.617383
0.617359
0.617336
0.617314
0.617293
0.617273
0.617254
0.617235
0.617217
0.6172
0.617184
0.617167
0.617152
0.617137
0.617123
0.61711
0.617097
0.617084
0.617072
0.617061
0.61705
0.617039
0.617029
0.617019
0.617009
0.617
0.616991
0.616983
0.616975
0.616967
0.61696
0.616952
0.616945
0.616939
0.616932
0.616926
0.61692
0.616915
0.616909
0.616904
0.616899
0.616894
0.616889
0.616885
0.61688
0.616876
0.616872
0.616868
0.616865
0.616158
0.614521
0.612063
0.609107
0.606186
0.603423
0.600922
0.598685
0.596711
0.594997
0.59354
0.592335
0.591376
0.590656
0.594926
0.60012
0.605714
0.6117
0.618069
0.62481
0.631913
0.639367
0.647159
0.655275
0.663702
0.672423
0.681424
0.690685
0.70019
0.705789
0.705789
0.705789
0.705789
0.705789
0.705789
0.706163
0.706909
0.708027
0.709514
0.711367
0.713583
0.716158
0.719086
0.722361
0.725977
0.729926
0.7342
0.738789
0.743685
0.748875
0.754348
0.760092
0.766093
0.772336
0.778805
0.785485
0.792356
0.799402
0.806601
0.813933
0.821376
0.828905
0.836498
0.846546
0.856415
0.866083
0.875529
0.884728
0.886392
0.887948
0.889403
0.890763
0.892036
0.893228
0.894343
0.895387
0.896366
0.897284
0.898144
0.898951
0.899708
0.900419
0.901086
0.901713
0.902303
0.902857
0.903378
0.903868
0.90433
0.904765
0.905175
0.905561
0.905925
0.906269
0.906593
0.906899
0.907188
0.907461
0.907719
0.907963
0.908194
0.908412
0.908619
0.908815
0.909
0.909176
0.909342
0.9095
0.90965
0.909792
0.909928
0.910056
0.910177
0.910684
0.911381
0.91226
0.91281
0.912921
0.912566
0.911748
0.910471
0.908735
0.906542
0.903893
0.900788
0.897228
0.893212
0.888739
0.884905
0.881536
0.877873
0.873901
0.869605
0.864968
0.864968
0.864968
0.864968
0.864968
0.864968
0.864968
0.864761
0.864306
0.863613
0.86268
0.861504
0.860081
0.858405
0.856471
0.854271
0.851797
0.849042
0.845995
0.842647
0.838987
0.835004
0.830684
0.826014
0.820982
0.815572
0.809769
0.803558
0.796923
0.789847
0.782312
0.7743
0.765795
0.756777
0.747228
0.737129
0.726462
0.715206
0.703344
0.690856
0.677723
0.663928
0.649452
0.634277
0.618386
0.601763
0.584393
0.56626
0.547352
0.527655
0.507159
0.485854
0.463731
0.440785
0.417011
0.417011
0.417011
0.417011
0.417011
0.417011
0.417011
0.417011
0.417011
0.417011
0.417011
0.417011
0.417011
0.417011
0.417011
0.417011
0.417011
0.416022
0.415043
0.414076
0.413122
0.412184
0.411261
0.410356
0.409469
0.408601
0.407752
0.406924
0.406449
0.405461
0.403986
0.402046
0.399657
0.397025
0.394199
0.3912
0.388059
0.384806
0.381444
0.377972
0.374351
0.370621
0.366782
0.362836
0.358784
0.354626
0.350365
0.346001
0.341537
0.336972
0.332309
0.330828
0.330828
0.330828
0.330828
0.330828
0.330828
0.330828
0.330828
0.330828
0.330828
0.330828
0.330828
0.330828
0.330828
0.330828
0.330828
0.331349
0.33239
0.33395
0.33603
0.338626
0.341738
0.345364
0.3495
0.354145
0.359294
0.364945
0.371092
0.377731
0.384856
0.392462
0.400542
0.409088
0.418094
0.42755
0.437448
0.447777
0.458526
0.469684
0.481237
0.493171
0.505472
0.518124
0.531109
0.544409
0.558004
0.571875
0.571875
0.571875
0.571875
0.571875
0.571875
0.571875
0.571875
0.572319
0.573207
0.574537
0.576309
0.578519
0.581164
0.584242
0.587747
0.591675
0.596021
0.600778
0.605939
0.611498
0.617445
0.623771
0.630466
0.63752
0.644921
0.652657
0.660714
0.671657
0.682736
0.69394
0.705258
0.716677
0.728182
0.739757
0.751383
0.763041
0.774709
0.786365
0.797983
0.809538
0.821002
0.832346
0.843538
0.854546
0.865335
0.87587
0.886112
0.896024
0.905565
0.914693
0.923364
0.931534
0.939157
0.946185
0.952571
0.958264
0.963215
0.963446
0.963663
0.963865
0.964054
0.964231
0.964396
0.964551
0.964696
0.964832
0.964959
0.965078
0.96519
0.965295
0.965394
0.965486
0.965573
0.965655
0.965732
0.965804
0.965872
0.965936
0.965996
0.966053
0.966106
0.966157
0.966205
0.96625
0.966292
0.966037
0.965121
0.963778
0.96214
0.96021
0.957987
0.955473
0.952667
0.949571
0.9482
0.946419
0.944239
0.945083
0.946594
0.947995
0.949295
0.950502
0.951621
0.952661
0.953626
0.955268
0.957804
0.96005
0.962002
0.963662
0.965028
0.9661
0.966878
0.967361
0.96755
0.969223
0.970417
0.971145
0.971419
0.971249
0.970645
0.969619
0.968178
0.966333
0.964091
0.961852
0.959875
0.95921
0.95807
0.956468
0.956004
0.957082
0.958068
0.958969
0.959791
0.960542
0.961227
0.961852
0.962421
0.96294
0.963411
0.96384
0.96423
0.964584
0.965447
0.966413
0.967085
0.967462
0.967545
0.967333
0.967152
0.96715
0.967148
0.967146
0.967144
0.967142
0.96714
0.967139
0.967137
0.967135
0.967134
0.967132
0.966584
0.965682
0.964485
0.962995
0.961211
0.959135
0.956766
0.954107
0.951156
0.947916
0.944387
0.94057
0.937757
0.937757
0.937757
0.937757
0.937757
0.937757
0.939801
0.941695
0.943452
0.94508
0.946591
0.947992
0.949292
0.950499
0.951618
0.952658
0.953623
0.954519
0.951611
0.948414
0.944928
0.941153
0.9398
0.941695
0.943451
0.94508
0.94659
0.947992
0.949292
0.950498
0.951618
0.952657
0.953622
0.954518
0.955351
0.956125
0.956843
0.957512
0.958133
0.958711
0.959249
0.959749
0.960215
0.960649
0.961053
0.961429
0.96178
0.962107
0.962412
0.962696
0.962962
0.96321
0.963442
0.963658
0.96386
0.964049
0.964226
0.964391
0.964546
0.964691
0.964827
0.964954
0.965073
0.96533
0.966326
0.967027
0.967435
0.969343
0.970772
0.971734
0.972242
0.972306
0.971936
0.971143
0.969935
0.968321
0.96631
0.961837
0.95753
0.954961
0.9521
0.950587
0.952125
0.953533
0.954822
0.956001
0.95708
0.958065
0.958966
0.959789
0.96054
0.961225
0.961849
0.962418
0.962937
0.963408
0.963837
0.964227
0.964581
0.964902
0.965192
0.965456
0.965694
0.965909
0.966103
0.966278
0.966972
0.967408
0.969346
0.97089
0.972047
0.972822
0.973222
0.973253
0.972922
0.972232
0.971188
0.965986
0.95995
0.953265
0.949359
0.95056
0.951675
0.95271
0.953671
0.954564
0.952904
0.949832
0.946471
0.944848
0.942816
0.943447
0.945076
0.946586
0.947988
0.949288
0.950494
0.951614
0.952653
0.953618
0.954515
0.955347
0.956121
0.95684
0.957508
0.958129
0.958707
0.959245
0.959745
0.960211
0.960645
0.961049
0.961513
0.962037
0.962619
0.963258
0.96395
0.964691
0.965476
0.966298
0.96715
0.968024
0.968909
0.969796
0.970674
0.971529
0.972348
0.973117
0.97382
0.974441
0.974962
0.975364
0.975423
0.975478
0.975529
0.975576
0.97562
0.97566
0.975697
0.975731
0.975763
0.975793
0.97582
0.975846
0.975869
0.975891
0.975911
0.97593
0.975947
0.975963
0.975978
0.975992
0.976005
0.976017
0.976028
0.976037
0.976045
0.976053
0.97606
0.976068
0.976075
0.976082
0.976088
0.976094
0.976099
0.976104
0.976109
0.976113
0.976117
0.976121
0.976124
0.976128
0.976131
0.976134
0.976136
0.976139
0.976141
0.976143
0.976145
0.976147
0.976149
0.976151
0.976152
0.976154
0.976155
0.976157
0.976158
0.976159
0.97616
0.976161
0.976162
0.976163
0.976164
0.976164
0.976166
0.976175
0.976194
0.976218
0.976245
0.97627
0.976288
-0.976294
-0.976279
-0.976237
-0.976158
-0.976032
-0.975848
-0.975847
-0.975847
-0.975847
-0.975846
-0.975846
-0.975846
-0.975845
-0.975845
-0.975845
-0.975842
-0.975818
-0.975774
-0.975709
-0.97562
-0.975501
-0.975348
-0.975153
-0.974911
-0.974612
-0.974248
-0.973807
-0.973279
-0.972652
-0.971912
-0.971045
-0.970037
-0.96887
-0.967529
-0.965994
-0.964248
-0.96227
-0.96004
-0.957538
-0.954738
-0.952645
-0.952644
-0.952643
-0.952642
-0.952641
-0.952641
-0.95264
-0.952639
-0.952639
-0.952638
-0.952637
-0.952637
-0.952636
-0.952636
-0.952635
-0.952634
-0.952634
-0.952633
-0.952633
-0.952633
-0.952632
-0.952632
-0.952631
-0.952631
-0.952631
-0.95263
-0.95263
-0.95263
-0.952629
-0.952629
-0.952629
-0.952628
-0.952628
-0.952628
-0.952628
-0.952627
-0.952627
-0.952627
-0.952627
-0.952627
-0.952626
-0.952626
-0.952626
-0.952626
-0.952625
-0.952616
-0.952586
-0.952547
-0.952485
-0.952334
-0.951962
-0.95146
-0.950824
-0.950049
-0.94913
-0.94806
-0.946831
-0.946831
-0.946831
-0.946831
-0.946831
-0.946831
-0.94683
-0.946591
-0.945455
-0.94403
-0.942172
-0.939876
-0.937133
-0.933936
-0.930278
-0.926149
-0.921541
-0.916445
-0.91085
-0.904747
-0.901623
-0.899418
-0.89698
-0.894297
-0.891356
-0.888145
-0.884649
-0.880852
-0.87674
-0.872296
-0.867502
-0.862341
-0.856795
-0.850844
-0.844469
-0.837649
-0.837649
-0.837649
-0.84008
-0.842353
-0.84448
-0.84647
-0.848334
-0.850079
-0.851713
-0.853245
-0.854681
-0.856028
-0.857291
-0.858477
-0.859591
-0.860636
-0.861619
-0.862542
-0.86341
-0.864227
-0.864996
-0.86572
-0.866401
-0.867043
-0.867649
-0.868219
-0.868758
-0.869266
-0.869746
-0.870199
-0.870627
-0.871032
-0.871414
-0.871776
-0.872119
-0.872443
-0.87275
-0.872788
-0.872557
-0.872058
-0.871289
-0.870248
-0.868931
-0.867334
-0.865453
-0.863281
-0.860811
-0.858035
-0.854945
-0.851531
-0.847782
-0.843486
-0.838512
-0.832873
-0.826135
-0.818157
-0.809173
-0.799426
-0.78893
-0.777702
-0.765733
-0.752964
-0.739429
-0.734892
-0.731407
-0.730679
-0.733046
-0.735271
-0.737363
-0.739331
-0.741182
-0.742925
-0.744566
-0.745755
-0.746498
-0.7468
-0.746665
-0.746095
-0.745092
-0.743657
-0.741789
-0.739487
-0.736747
-0.737088
-0.737924
-0.738716
-0.739465
-0.740176
-0.740849
-0.741487
-0.742093
-0.742667
-0.743212
-0.74373
-0.744119
-0.744026
-0.743543
-0.74267
-0.741406
-0.73975
-0.737698
-0.735247
-0.732393
-0.729131
-0.725455
-0.721358
-0.716833
-0.711872
-0.706466
-0.700606
-0.700844
-0.701072
-0.701289
-0.701496
-0.701694
-0.701884
-0.702065
-0.702237
-0.702403
-0.702561
-0.702712
-0.702856
-0.702994
-0.703126
-0.703253
-0.703374
-0.70349
-0.701255
-0.698231
-0.694714
-0.690508
-0.685688
-0.68025
-0.674192
-0.667512
-0.660207
-0.652277
-0.643719
-0.635759
-0.6313
-0.626397
-0.626397
-0.626397
-0.626397
-0.626397
-0.626397
-0.626397
-0.626397
-0.626397
-0.628981
-0.631416
-0.633712
-0.635877
-0.63792
-0.639849
-0.64167
-0.643389
-0.645014
-0.64655
-0.648002
-0.649376
-0.650676
-0.651906
-0.653071
-0.654174
-0.655219
-0.65621
-0.65715
-0.658041
-0.658886
-0.659689
-0.66045
-0.661174
-0.661861
-0.662514
-0.663135
-0.663725
-0.664287
-0.664821
-0.665329
-0.665813
-0.666274
-0.666712
-0.667131
-0.667529
-0.667908
-0.66827
-0.668615
-0.668944
-0.669258
-0.669558
-0.669844
-0.670116
-0.670377
-0.670626
-0.670863
-0.67109
-0.671307
-0.671514
-0.671712
-0.671902
-0.672083
-0.672256
-0.672421
-0.672579
-0.672731
-0.672876
-0.673014
-0.673147
-0.673274
-0.673395
-0.673512
-0.673623
-0.67373
-0.673832
-0.67434
-0.675255
-0.676573
-0.678295
-0.680416
-0.682933
-0.685843
-0.68914
-0.692818
-0.696873
-0.701295
-0.703318
-0.703377
-0.703433
-0.703487
-0.703539
-0.703589
-0.703636
-0.703682
-0.703725
-0.703767
-0.703807
-0.703846
-0.703882
-0.703918
-0.703952
-0.703984
-0.704015
-0.704045
-0.704443
-0.705244
-0.706436
-0.708015
-0.709979
-0.712325
-0.715048
-0.718143
-0.718587
-0.718606
-0.718625
-0.718642
-0.718659
-0.718676
-0.718691
-0.718706
-0.718721
-0.718735
-0.718748
-0.718761
-0.718773
-0.718785
-0.718796
-0.718806
-0.718817
-0.718826
-0.718836
-0.718845
-0.718854
-0.718862
-0.71887
-0.718878
-0.718885
-0.718892
-0.718899
-0.718905
-0.718912
-0.718918
-0.718924
-0.718929
-0.718934
-0.71894
-0.718944
-0.718949
-0.718953
-0.718444
-0.716628
-0.713858
-0.710783
-0.707491
-0.703984
-0.700262
-0.696327
-0.69218
-0.687822
-0.683254
-0.678478
-0.673496
-0.67033
-0.67033
-0.67033
-0.67033
-0.67033
-0.67033
-0.67033
-0.67033
-0.67033
-0.67033
-0.67033
-0.672909
-0.675338
-0.677625
-0.679779
-0.681808
-0.683722
-0.685526
-0.687228
-0.688833
-0.69035
-0.691781
-0.693134
-0.694412
-0.69562
-0.696763
-0.697844
-0.698867
-0.699836
-0.700753
-0.701623
-0.702447
-0.703228
-0.703968
-0.704671
-0.705338
-0.705971
-0.706572
-0.707143
-0.707685
-0.708201
-0.708692
-0.709158
-0.709602
-0.710024
-0.710426
-0.710808
-0.711173
-0.71152
-0.711851
-0.712166
-0.712466
-0.712753
-0.713026
-0.713286
-0.713535
-0.713772
-0.713999
-0.714215
-0.714422
-0.714619
-0.714807
-0.714987
-0.715159
-0.715324
-0.715481
-0.715631
-0.715775
-0.715912
-0.716043
-0.716169
-0.716289
-0.716144
-0.713242
-0.710122
-0.706787
-0.703236
-0.701438
-0.69949
-0.697388
-0.695131
-0.692716
-0.690141
-0.687405
-0.68722
-0.688826
-0.690342
-0.691773
-0.693126
-0.694404
-0.693492
-0.689927
-0.68546
-0.680784
-0.675901
-0.673382
-0.675328
-0.677615
-0.679769
-0.681798
-0.683712
-0.685516
-0.687142
-0.688582
-0.689845
-0.690938
-0.691853
-0.692604
-0.693194
-0.693682
-0.693953
-0.694156
-0.695109
-0.696029
-0.696901
-0.697727
-0.698511
-0.699254
-0.699959
-0.700628
-0.701264
-0.701867
-0.70244
-0.702985
-0.703503
-0.703995
-0.704464
-0.70491
-0.705334
-0.705738
-0.706122
-0.706488
-0.706837
-0.707169
-0.707486
-0.707788
-0.708076
-0.708351
-0.708613
-0.708863
-0.709066
-0.708786
-0.708105
-0.707022
-0.705536
-0.703644
-0.701343
-0.698629
-0.695497
-0.691943
-0.692098
-0.692246
-0.692387
-0.692023
-0.691101
-0.689613
-0.687234
-0.684169
-0.6807
-0.676935
-0.672494
-0.667437
-0.661765
-0.655476
-0.648568
-0.641042
-0.634165
-0.634165
-0.634165
-0.634165
-0.636749
-0.639183
-0.641478
-0.643642
-0.645684
-0.64761
-0.649428
-0.651145
-0.652768
-0.6543
-0.65575
-0.65712
-0.658416
-0.659667
-0.660928
-0.662194
-0.66346
-0.664841
-0.666414
-0.668193
-0.670249
-0.672561
-0.675266
-0.6786
-0.682343
-0.686437
-0.690879
-0.694724
-0.695273
-0.695794
-0.69629
-0.696761
-0.69721
-0.697637
-0.698044
-0.698432
-0.6988
-0.699152
-0.699487
-0.699806
-0.700111
-0.700401
-0.700678
-0.700943
-0.701195
-0.701436
-0.701666
-0.701885
-0.702095
-0.702295
-0.702486
-0.702669
-0.702844
-0.703011
-0.70317
-0.703323
-0.703469
-0.703608
-0.703742
-0.70387
-0.703992
-0.704109
-0.704221
-0.704328
-0.704431
-0.704529
-0.704623
-0.704713
-0.704799
-0.704881
-0.70496
-0.705036
-0.705109
-0.705178
-0.705245
-0.705308
-0.70537
-0.705428
-0.705484
-0.705538
-0.70559
-0.705639
-0.705686
-0.705732
-0.705775
-0.705817
-0.705857
-0.705895
-0.705932
-0.705967
-0.706001
-0.706033
-0.706064
-0.706094
-0.706123
-0.70615
-0.706177
-0.706202
-0.706226
-0.706249
-0.706271
-0.706293
-0.706313
-0.706333
-0.706352
-0.70637
-0.706387
-0.706403
-0.706419
-0.706435
-0.706449
-0.706463
-0.706477
-0.70649
-0.706502
-0.706514
-0.706526
-0.706537
-0.706547
-0.706557
-0.706567
-0.706576
-0.706585
-0.706594
-0.706602
-0.70661
-0.706617
-0.706625
-0.706631
-0.706638
-0.706644
-0.70665
-0.706656
-0.706662
-0.706667
-0.706672
-0.706677
-0.706682
-0.706687
-0.706691
-0.706695
-0.706699
-0.706703
-0.706707
-0.70671
-0.706714
-0.706717
-0.70672
-0.706723
-0.706726
-0.706728
-0.706731
-0.706734
-0.706736
-0.706738
-0.70674
-0.706743
-0.706745
-0.706747
-0.706748
-0.70675
-0.706752
-0.706753
-0.706755
-0.706756
-0.706758
-0.706759
-0.70676
-0.706762
-0.706763
-0.706764
-0.706765
-0.706766
-0.706767
-0.706768
-0.706769
-0.70677
-0.706771
-0.706771
-0.706772
-0.706773
-0.706773
-0.706774
-0.706775
-0.706775
-0.706776
-0.706776
-0.706777
-0.706777
-0.706778
-0.706778
-0.706778
-0.706779
-0.706779
-0.70678
-0.70678
-0.70678
-0.706781
-0.706781
-0.706781
-0.706781
-0.706782
-0.706782
-0.706782
-0.706782
-0.706782
-0.706783
-0.706783
-0.706783
-0.706783
-0.706783
-0.706783
-0.706784
-0.706784
-0.706784
-0.706784
-0.706784
-0.706784
-0.706784
-0.706348
-0.70585
-0.705288
-0.704716
-0.704106
-0.703487
-0.702734
-0.701842
-0.700772
-0.699316
-0.697437
-0.69513
-0.692497
-0.689671
-0.68672
-0.6836
-0.680311
-0.676937
-0.673436
-0.669763
-0.665963
-0.662036
-0.659761
-0.659014
-0.66152
-0.66388
-0.663985
-0.666816
-0.669919
-0.6733
-0.676964
-0.680913
-0.68515
-0.689675
-0.694488
-0.699588
-0.704972
-0.706208
-0.707377
-0.708482
-0.709527
-0.710517
-0.711453
-0.71234
-0.71318
-0.713976
-0.71473
-0.715446
-0.716125
-0.716769
-0.71738
-0.717961
-0.718512
-0.719036
-0.718195
-0.716908
-0.71559
-0.714242
-0.712788
-0.711259
-0.709737
-0.708181
-0.706591
-0.704968
-0.703265
-0.701527
-0.699753
-0.697944
-0.6961
-0.694221
-0.69226
-0.690263
-0.688228
-0.686208
-0.685216
-0.687579
-0.689804
-0.691899
-0.693873
-0.695733
-0.697487
-0.699142
-0.700702
-0.702175
-0.703566
-0.704894
-0.706175
-0.707421
-0.708663
-0.710007
-0.711683
-0.71389
-0.716425
-0.719287
-0.722474
-0.725985
-0.729814
-0.733958
-0.736375
-0.736977
-0.73755
-0.738093
-0.738608
-0.739098
-0.739564
-0.740006
-0.740427
-0.740827
-0.741208
-0.74157
-0.741915
-0.742164
-0.743162
-0.744511
-0.746207
-0.748249
-0.750633
-0.753355
-0.75641
-0.759793
-0.763497
-0.767514
-0.771836
-0.776455
-0.781359
-0.786538
-0.79198
-0.797672
-0.8036
-0.803733
-0.803859
-0.803981
-0.804096
-0.804207
-0.803805
-0.801662
-0.798954
-0.795949
-0.7927
-0.78921
-0.78548
-0.78151
-0.777303
-0.772858
-0.768178
-0.763265
-0.761198
-0.761198
-0.761198
-0.761088
-0.760561
-0.759698
-0.758496
-0.75724
-0.756724
-0.756724
-0.756724
-0.756724
-0.756724
-0.756724
-0.756724
-0.756724
-0.757002
-0.757646
-0.758626
-0.75994
-0.761585
-0.766087
-0.770752
-0.775582
-0.780581
-0.785747
-0.791081
-0.79658
-0.80224
-0.808056
-0.814021
-0.820129
-0.826368
-0.832729
-0.839199
-0.845351
-0.851443
-0.857514
-0.863685
-0.869939
-0.876202
-0.882459
-0.888693
-0.894372
-0.899226
-0.903576
-0.9073
-0.909219
-0.909622
-0.910002
-0.910361
-0.910698
-0.911017
-0.911317
-0.911601
-0.911869
-0.912123
-0.912362
-0.912588
-0.912803
-0.912402
-0.910278
-0.90781
-0.905066
-0.902046
-0.898752
-0.895184
-0.891343
-0.88723
-0.882848
-0.87919
-0.87919
-0.87919
-0.87919
-0.87919
-0.87919
-0.87919
-0.87919
-0.87919
-0.87919
-0.87919
-0.87919
-0.87919
-0.87919
-0.881521
-0.883696
-0.885726
-0.88762
-0.889389
-0.891042
-0.892585
-0.894028
-0.895377
-0.896638
-0.897819
-0.898923
-0.899957
-0.900926
-0.901834
-0.902684
-0.903482
-0.90423
-0.904932
-0.905591
-0.90621
-0.906792
-0.907338
-0.907852
-0.908336
-0.908791
-0.909219
-0.909622
-0.910002
-0.910361
-0.910698
-0.911017
-0.911318
-0.911601
-0.911869
-0.912123
-0.912362
-0.911749
-0.910641
-0.908825
-0.90648
-0.903851
-0.900923
-0.897754
-0.894345
-0.890657
-0.886768
-0.882642
-0.87919
-0.87919
-0.87919
-0.87919
-0.87919
-0.87919
-0.87919
-0.87919
-0.87919
-0.87919
-0.87919
-0.87919
-0.87919
-0.87919
-0.881521
-0.883696
-0.885726
-0.88762
-0.889389
-0.891042
-0.892585
-0.894028
-0.895377
-0.896638
-0.897819
-0.898923
-0.899957
-0.900926
-0.901834
-0.902684
-0.903482
-0.90423
-0.904932
-0.905591
-0.90621
-0.906792
-0.907338
-0.907852
-0.908336
-0.90879
-0.909219
-0.909622
-0.910002
-0.91036
-0.910698
-0.911016
-0.911317
-0.911601
-0.911869
-0.912122
-0.912362
-0.912588
-0.912802
-0.913005
-0.913197
-0.913378
-0.91355
-0.913713
-0.913868
-0.914015
-0.914154
-0.914286
-0.914411
-0.91453
-0.914643
-0.91475
-0.914853
-0.91495
-0.915042
-0.91513
-0.915213
-0.915293
-0.915369
-0.915441
-0.91551
-0.915575
-0.915637
-0.915697
-0.915754
-0.915808
-0.915859
-0.915909
-0.915956
-0.916001
-0.916044
-0.916084
-0.916124
-0.916161
-0.916197
-0.916435
-0.916867
-0.917489
-0.918301
-0.919297
-0.920473
-0.921823
-0.92334
-0.925018
-0.926847
-0.928817
-0.93092
-0.933142
-0.933948
-0.933964
-0.933979
-0.933993
-0.934007
-0.93402
-0.934033
-0.934045
-0.934056
-0.934008
-0.933303
-0.931961
-0.930302
-0.928383
-0.926181
-0.923715
-0.920984
-0.917991
-0.914736
-0.91122
-0.907443
-0.903408
-0.899115
-0.898589
-0.898589
-0.898589
-0.898589
-0.898589
-0.898589
-0.898589
-0.898589
-0.900855
-0.902965
-0.904931
-0.906763
-0.908472
-0.910065
-0.911551
-0.912937
-0.914231
-0.915439
-0.916567
-0.917622
-0.918607
-0.919528
-0.92039
-0.921196
-0.92195
-0.922656
-0.923318
-0.923938
-0.924519
-0.925064
-0.925575
-0.926055
-0.926505
-0.926928
-0.927325
-0.927699
-0.92805
-0.928381
-0.928763
-0.929338
-0.929789
-0.930681
-0.931718
-0.932896
-0.93421
-0.935655
-0.937223
-0.938906
-0.940696
-0.942422
-0.944405
-0.944553
-0.944692
-0.944824
-0.944948
-0.945066
-0.945177
-0.945282
-0.945382
-0.945476
-0.945565
-0.945649
-0.945729
-0.945805
-0.945877
-0.945945
-0.94601
-0.946071
-0.946129
-0.945825
-0.945152
-0.943952
-0.942382
-0.940503
-0.938357
-0.935937
-0.933116
-0.929855
-0.926136
-0.921986
-0.917399
-0.912365
-0.908943
-0.90758
-0.907494
-0.907494
-0.907494
-0.907494
-0.907494
-0.907494
-0.909723
-0.911797
-0.913728
-0.915536
-0.917419
-0.919352
-0.92134
-0.923384
-0.925487
-0.927648
-0.929866
-0.932139
-0.934462
-0.93683
-0.939237
-0.941676
-0.944136
-0.946608
-0.949081
-0.951541
-0.953976
-0.95637
-0.958708
-0.96097
-0.963141
-0.965199
-0.967125
-0.968895
-0.969132
-0.969353
-0.969558
-0.969748
-0.969926
-0.970091
-0.970245
-0.970389
-0.970523
-0.970648
-0.970764
-0.970873
-0.970974
-0.971069
-0.971158
-0.97124
-0.971318
-0.97139
-0.971458
-0.971521
-0.97158
-0.971636
-0.971688
-0.971736
-0.971782
-0.971825
-0.971865
-0.971903
-0.971939
-0.971972
-0.972003
-0.972033
-0.972061
-0.972087
-0.972111
-0.972135
-0.972156
-0.972177
-0.972196
-0.972215
-0.972232
-0.972248
-0.972312
-0.971994
-0.971384
-0.970494
-0.969353
-0.967985
-0.966389
-0.964566
-0.962514
-0.960232
-0.957716
-0.954964
-0.95197
-0.951565
-0.952158
-0.952711
0.953209
0.953635
0.953971
0.9542
0.954301
0.954255
0.95404
0.953634
0.953014
0.952156
0.951035
0.949624
0.947899
0.94583
0.94339
0.940551
0.937282
0.933553
0.929333
0.924591
0.919296
0.913415
0.906915
0.899765
0.891931
0.88338
0.87408
0.863998
0.853103
0.841361
0.828742
0.815216
0.800754
0.785326
0.768906
0.751468
0.732988
0.713443
0.692729
0.670703
0.656241
0.655948
0.655626
0.655281
0.654916
0.654534
0.654139
0.653733
0.653318
0.652898
0.652475
0.652049
0.651622
0.651196
0.650773
0.650353
0.649936
0.649525
0.64912
0.648721
0.648329
0.647944
0.647567
0.647198
0.646837
0.646484
0.64614
0.645805
0.645478
0.645161
0.644852
0.644551
0.644259
0.643976
0.643701
0.643434
0.643176
0.642926
0.642684
0.642449
0.642222
0.642003
0.641791
0.641585
0.641635
0.642012
0.642822
0.644064
0.645738
0.647839
0.650364
0.653309
0.65667
0.660441
0.664615
0.669185
0.674143
0.679481
0.679365
0.679252
0.679144
0.679039
0.678939
0.678842
0.678749
0.678659
0.678573
0.67849
0.67841
0.678333
0.678258
0.678187
0.678118
0.678052
0.677989
0.677928
0.677869
0.677812
0.677758
0.677705
0.677655
0.678016
0.678786
0.679965
0.681551
0.68354
0.68593
0.688716
0.688856
0.688822
0.688788
0.688756
0.688726
0.688696
0.688667
0.68864
0.688614
0.688589
0.688564
0.688541
0.688519
0.688497
0.688476
0.688456
0.688437
0.688419
0.688402
0.688385
0.688369
0.688353
0.688338
0.688323
0.68831
0.688296
0.688283
0.688271
0.688259
0.688248
0.688237
0.688227
0.688217
0.688207
0.688197
0.688189
0.68818
0.688172
0.688164
0.688156
0.688149
0.688142
0.688135
0.688129
0.688122
0.688117
0.688111
0.688105
0.6881
0.688095
0.68809
0.688085
0.68808
0.688076
0.688072
0.688068
0.688064
0.68806
0.688057
0.688053
0.68805
0.688047
0.688044
0.688041
0.688038
0.688035
0.688033
0.68803
0.688028
0.688025
0.688023
0.688021
0.688019
0.688017
0.688015
0.688013
0.688011
0.688009
0.688008
0.688006
0.688005
0.688003
0.688002
0.688
0.687999
0.687998
0.687996
0.687995
0.687994
0.687993
0.687992
0.687991
0.68799
0.687989
0.687988
0.687987
0.687986
0.687985
0.687985
0.688011
0.688009
0.688036
0.688033
0.68803
0.688028
0.688025
0.688023
0.68802
0.688018
0.688016
0.688014
0.688012
0.68801
0.688008
0.688006
0.688004
0.688002
0.688001
0.687999
0.687998
0.687996
0.687995
0.688465
0.690541
0.692858
0.695016
0.696963
0.698697
0.700218
0.701527
0.702621
0.703502
0.704168
0.704619
0.704856
0.704895
0.704859
0.704774
0.704645
0.704479
0.704281
0.704053
0.703802
0.703529
0.703239
0.702934
0.702618
0.702291
0.701958
0.701618
0.701275
0.70093
0.700584
0.700237
0.699893
0.69955
0.699211
0.698875
0.698544
0.698217
0.697896
0.697581
0.697272
0.696969
0.696673
0.696384
0.696102
0.695826
0.695558
0.695296
0.695042
0.694795
0.694555
0.694322
0.694096
0.693876
0.693663
0.693457
0.693258
0.693064
0.692877
0.692696
0.692521
0.692352
0.692189
0.692031
0.691878
0.691731
0.691589
0.691452
0.691319
0.691192
0.691069
0.69095
0.690836
0.690726
0.690619
0.690517
0.690418
0.690323
0.690232
0.690143
0.690059
0.689977
0.689898
0.689823
0.68975
0.68968
0.689612
0.689547
0.689485
0.689425
0.689367
0.689312
0.689258
0.689207
0.689157
0.68911
0.689064
0.68902
0.688978
0.688937
0.688898
0.688861
0.688825
0.68879
0.688757
0.688725
0.688694
0.688665
0.688636
0.688609
0.688583
0.688557
0.688533
0.68851
0.688488
0.688466
0.688445
0.688426
0.688406
0.688388
0.68837
0.688353
0.688337
0.688322
0.688307
0.688292
0.688278
0.688265
0.688252
0.68824
0.688228
0.688217
0.688206
0.688196
0.688186
0.688176
0.688167
0.688158
0.688149
0.688141
0.688133
0.688125
0.688118
0.688111
0.688104
0.688098
0.688091
0.688085
0.688079
0.688074
0.688069
0.688064
0.688132
0.688702
0.689674
0.690855
0.692124
0.693439
0.694716
0.696008
0.697241
0.69839
0.699468
0.700647
0.701902
0.703245
0.704701
0.706297
0.708019
0.709856
0.71179
0.715801
0.72325
0.730955
0.738897
0.747059
0.755422
0.763964
0.772666
0.781504
0.790454
0.799491
0.801076
0.801076
0.801076
0.801076
0.801076
0.801076
0.801076
0.801076
0.801076
0.801076
0.801076
0.801076
0.801076
0.801076
0.801076
0.801378
0.80198
0.802881
0.80408
0.805571
0.807352
0.809417
0.811761
0.814377
0.817258
0.820394
0.823777
0.827397
0.831243
0.835302
0.839561
0.844007
0.848624
0.853397
0.858309
0.863341
0.868474
0.873689
0.878963
0.884276
0.889602
0.894918
0.900197
0.905413
0.910537
0.915541
0.920395
0.925065
0.929521
0.933728
0.937651
0.941254
0.941254
0.941254
0.941254
0.941254
0.941254
0.941254
0.941254
0.941254
0.941254
0.941345
0.941527
0.941797
0.942153
0.94259
0.943105
0.945674
0.948145
0.95052
0.952798
0.954977
0.957053
0.959021
0.960874
0.962605
0.964203
0.965658
0.966957
0.967659
0.968306
0.968903
0.969454
0.969963
0.970433
0.970866
0.971266
0.971636
0.971977
0.972292
0.972582
0.972851
0.973099
0.973327
0.973539
0.973734
0.973914
0.974081
0.974235
0.974377
0.974508
0.97463
0.974742
0.974846
0.974941
0.97503
0.975112
0.975188
0.975258
0.975323
0.975383
0.975438
0.975489
0.975537
0.975581
0.975621
0.975659
0.975694
0.975726
0.975756
0.975784
0.97581
0.975833
0.975856
0.975876
0.975895
0.975913
0.975929
0.975944
0.975958
0.975971
0.975984
0.975995
0.976005
0.976015
0.976024
0.976033
0.97604
0.976048
0.976055
0.976061
0.976067
0.976072
0.976077
0.976082
0.976087
0.976091
0.976095
0.976098
0.976102
0.976105
0.976108
0.97611
0.976113
0.976115
0.976118
0.97612
0.976122
0.976124
0.976125
0.976127
0.976129
0.97613
0.976131
0.976133
0.976134
0.976135
0.976136
0.976137
0.976138
0.976139
0.97614
0.97614
0.976141
0.976142
0.976143
0.976143
0.976144
0.976144
0.976145
0.976145
0.976146
0.976146
0.976147
0.976147
0.976148
0.976148
0.976148
0.976149
0.976149
0.976149
0.976149
0.97615
0.97615
0.97615
0.97615
0.976151
0.976151
0.976151
0.976151
0.976151
0.976152
0.976152
0.976152
0.976152
0.976152
0.976152
0.976152
0.976152
0.976153
0.976153
0.976153
0.976153
0.976153
0.976153
0.976153
0.976153
0.976153
0.976153
0.976154
0.976154
0.976154
0.976154
0.976154
0.976154
0.976154
0.976154
0.976154
0.976154
0.976154
0.976154
0.976154
0.976154
0.976154
0.976154
0.976154
0.976154
0.976154
0.976154
0.976154
0.976155
0.976155
0.976155
0.976155
0.976155
0.976155
0.976155
0.976155
0.976155
0.976155
0.976155
0.976155
0.976155
0.976155
0.976155
0.976155
0.976155
0.976155
0.976155
0.976155
0.976155
0.976155
0.976155
0.976155
0.976155
0.976155
0.976155
0.976155
0.976155
0.976155
0.976155
0.976155
0.976155
0.976155
0.976155
0.976155
0.976155
0.976155
0.976155
0.976155
0.976155
0.976155
0.976155
0.976155
0.976155
0.976155
0.976155
0.976155
0.976155
0.976155
0.976155
0.976155
0.976155
0.976155
0.976155
0.976155
0.976155
0.976155
0.976155
0.976155
0.976155
0.976155
0.976155
0.976155
0.976155
0.976155
0.976155
0.976155
0.976155
0.976155
0.976155
0.976155
0.976155
0.976155
0.976155
0.976155
0.976155
0.976155
0.976155
0.976155
0.976155
0.976155
0.976155
0.976155
0.976155
0.976155
0.976155
0.976155
0.976155
0.976155
0.976155
0.976155
0.976155
0.976155
0.976155
0.976155
0.976155
0.976155
0.976155
0.976155
0.976155
0.976155
0.976155
0.976155
0.976155
0.976155
0.976155
0.976155
0.976155
0.976155
0.976155
0.976155
0.976155
0.976155
0.976155
0.976155
0.976155
0.976155
0.976155
0.976155
0.976155
0.976155
0.976155
0.976155
0.976155
0.976155
0.976155
0.976155
0.976155
0.976155
0.976155
0.976155
0.976155
0.976155
0.976155
0.976155
0.976155
0.976155
0.976155
0.976155
0.976155
0.976155
0.976155
0.976155
0.976155
0.976155
0.976155
0.976155
0.976155
0.976155
0.976155
0.976155
0.976155
0.976155
0.976155
0.976155
0.976155
0.976155
0.976155
0.976155
0.976155
0.976155
0.976155
0.976155
0.976155
0.976155
0.976155
0.976155
0.976155
0.976155
0.976155
0.976155
0.976155
0.976155
0.976155
0.976155
0.976155
0.976155
0.976155
0.976155
0.976155
0.976155
0.976155
0.976155
0.976155
0.976155
0.976155
0.976155
0.976155
0.976155
0.976155
0.976155
0.976155
0.976155
0.976155
0.976155
0.976155
0.976155
0.976155
0.976155
0.976155
0.976155
0.976155
0.976155
0.976155
0.976155
0.976155
0.976155
0.976155
0.976155
0.976155
0.976155
0.976155
0.976155
0.976155
0.976155
0.976155
0.976155
0.976155
0.976155
0.976155
0.976155
0.976155
0.976155
0.976155
0.976155
0.976155
0.976155
0.976155
0.976155
0.976155
0.976155
0.976155
0.976155
0.976155
0.976155
0.976155
0.976155
0.976155
0.976155
0.976155
0.976155
0.976155
0.976155
0.976155
0.976155
0.976155
0.976155
0.976155
0.976155
0.976155
0.976155
0.976155
0.976155
0.976155
0.976155
0.976155
0.976155
0.976155
0.976155
0.976155
0.976155
0.976155
0.976155
0.976155
0.976155
0.976155
0.976155
0.976155
0.976155
0.976155
0.976155
0.976155
0.976155
0.976155
0.976155
0.976155
0.976155
0.976155
0.976155
0.976155
0.976155
0.976155
0.976155
0.976155
0.976155
0.976155
0.976155
0.976155
0.976155
0.976155
0.976155
0.976155
0.976155
0.976155
0.976155
0.976155
0.976155
0.976155
0.976155
0.976155
0.976155
0.976155
0.976155
0.976155
0.976155
0.976155
0.976155
0.976155
0.976155
0.976155
0.976155
0.976155
0.976155
0.976155
0.976155
0.976155
0.976155
0.976155
