0.0
-0.00285
-0.005701
-0.008551
-0.011401
-0.014252
-0.017102
-0.019952
-0.022803
-0.025653
-0.028504
-0.031354
-0.034204
-0.037055
-0.039905
-0.042755
-0.045606
-0.048456
-0.051306
-0.054157
-0.057007
-0.059857
-0.062708
-0.065558
-0.068408
-0.071259
-0.074109
-0.076959
-0.07981
-0.08266
-0.085511
-0.088361
-0.091211
-0.094062
-0.096912
-0.099762
-0.102613
-0.105463
-0.108313
-0.111164
-0.114014
-0.116864
-0.119715
-0.122565
-0.125415
-0.128266
-0.131116
-0.133966
-0.136817
-0.139667
-0.142517
-0.145368
-0.148218
-0.151069
-0.153919
-0.156769
-0.15962
-0.16247
-0.16532
-0.168171
-0.171021
-0.173871
-0.176722
-0.179572
-0.182422
-0.185273
-0.188123
-0.190973
-0.193824
-0.196674
-0.199524
-0.202375
-0.205225
-0.208076
-0.210926
-0.213776
-0.216627
-0.219477
-0.222327
-0.225178
-0.228028
-0.230878
-0.233729
-0.236579
-0.239429
-0.24228
-0.24513
-0.24798
-0.250831
-0.253681
-0.256531
-0.256532
-0.256532
-0.256532
-0.256532
-0.256532
-0.256532
-0.256532
-0.256532
-0.256532
-0.256532
-0.256532
-0.256532
-0.256532
-0.256532
-0.256532
-0.256532
-0.256532
-0.256532
-0.256532
-0.256532
-0.256532
-0.256532
-0.256532
-0.256532
-0.256532
-0.256532
-0.256532
-0.256532
-0.256532
-0.256532
-0.256532
-0.256532
-0.256532
-0.256532
-0.256532
-0.256532
-0.256532
-0.256532
-0.256532
-0.256532
-0.256532
-0.256532
-0.256532
-0.256532
-0.256532
-0.256532
-0.256532
-0.256532
-0.256532
-0.256532
-0.256532
-0.256532
-0.256532
-0.256532
-0.256532
-0.256532
-0.256532
-0.256532
-0.256532
-0.256532
-0.256532
-0.256532
-0.256532
-0.256532
-0.256532
-0.256532
-0.256532
-0.256532
-0.256532
-0.256532
-0.256532
-0.256532
-0.256532
-0.256532
-0.256532
-0.256532
-0.256532
-0.256532
-0.268747
-0.273695
-0.265317
-0.24245
-0.199051
-0.155786
-0.124831
-0.106201
-0.099936
-0.106061
-0.124602
-0.155591
-0.199051
-0.254998
-0.323462
-0.40446
-0.497992
-0.604072
-0.722684
-0.853819
-0.997442
-0.885989
-0.774937
-0.664321
-0.554176
-0.444534
-0.335429
-0.226891
-0.11895
-0.011636
0.095024
0.188788
0.269636
0.337557
0.392537
0.434578
0.463667
0.479796
0.482966
0.473161
0.450368
0.414579
0.36578
0.303958
0.229107
0.141205
0.040259
-0.073735
-0.200767
-0.340813
-0.493844
-0.659793
-0.838603
-1.030159
-1.234333
-1.45097
-1.679867
-1.920804
-1.837698
-1.7553
-1.673615
-1.592651
-1.512412
-1.432903
-1.354128
-1.276092
-1.198795
-1.134382
-1.082884
-1.044323
-1.018702
-1.006022
-1.006288
-1.019496
-1.045624
-1.084673
-1.136615
-1.201405
-1.279034
-1.369444
-1.472577
-1.588371
-1.716742
-1.857581
-2.010769
-2.176152
-2.353563
-2.542789
-2.743597
-2.955712
-3.178809
-3.412527
-3.659929
-3.967251
-4.281818
-4.602815
-4.929368
-5.260486
-5.595106
-5.932052
-5.932052
-5.932052
-5.932052
-5.932052
-5.932052
-5.932052
-5.932052
-5.932052
-5.932052
-5.932052
-5.942123
-5.962244
-5.992374
-6.032433
-6.082324
-6.141925
-6.211079
-6.289606
-6.377299
-6.47392
-6.579187
-6.692798
-6.814399
-6.943612
-7.080016
-7.080016
-7.080016
-7.080016
-7.080016
-7.080016
-7.080016
-7.080016
-7.080016
-7.080016
-7.080016
-7.080016
-7.080016
-7.080016
-7.080016
-7.089208
-7.107388
-7.134498
-7.17045
-7.215129
-7.268381
-7.330031
-7.399862
-7.477633
-7.563061
-7.655827
-7.755571
-7.861906
-7.861906
-7.861906
-7.861906
-7.861906
-7.861906
-7.861906
-7.861906
-7.861906
-7.861906
-7.861906
-7.861906
-7.861906
-7.861906
-7.861906
-7.861906
-7.861906
-8.002275
-8.139091
-8.272089
-8.401043
-8.525755
-8.646049
-8.761802
-8.872897
-8.979267
-9.080869
-9.177688
-9.269741
-9.357071
-9.439737
-9.517829
-9.591447
-9.66071
-9.725758
-9.786733
-9.843789
-9.897087
-9.946791
-9.991701
-10.028999
-10.060177
-10.085732
-10.106077
-10.12157
-10.132479
-10.139015
-10.141307
-10.13942
-10.133338
-10.122985
-10.108214
-10.088814
-10.064501
-10.034937
-9.999719
-9.958388
-9.910431
-9.935339
-9.95882
-9.980957
-10.001828
-10.02151
-10.040076
-10.057591
-10.074119
-10.089715
-10.104444
-10.118345
-10.131482
-10.143891
-10.155619
-10.166705
-10.177191
-10.187109
-10.196491
-10.205372
-10.213782
-10.221745
-10.229292
-10.236441
-10.243218
-10.249646
-10.255742
-10.261529
-10.267019
-10.272233
-10.277184
-10.281887
-10.286359
-10.290606
-10.294644
-10.298488
-10.302141
-10.305619
-10.308931
-10.312081
-10.315084
-10.317943
-10.320668
-10.323264
-10.325739
-10.328099
-10.330351
-10.332497
-10.334547
-10.336501
-10.338367
-10.340148
-10.341848
-10.343473
-10.345026
-10.346508
-10.347924
-10.349278
-10.350571
-10.351808
-10.352991
-10.354121
-10.355203
-10.356236
-10.357226
-10.358172
-10.359079
-10.359945
-10.360775
-10.361568
-10.362329
-10.363057
-10.363754
-10.364421
-10.36506
-10.365671
-10.366257
-10.366818
-10.367357
-10.367872
-10.368366
-10.368839
-10.369292
-10.369726
-10.370143
-10.37054
-10.370924
-10.371289
-10.371641
-10.371978
-10.377203
-10.386301
-10.401286
-10.41567
-10.429338
-10.442186
-10.453737
-10.463992
-10.472954
-10.480624
-10.487008
-10.49211
-10.495931
-10.498249
-10.499488
-10.499963
-10.499943
-10.499658
-10.499288
-10.498968
-10.49879
-10.498797
-10.49899
-10.499319
-10.499689
-10.499959
-10.499941
-10.499395
-10.498041
-10.495546
-10.491531
-10.485569
-10.477186
-10.465858
-10.451018
-10.432052
-10.408297
-10.379045
-10.379922
-10.394428
-10.407901
-10.42036
-10.431825
-10.442316
-10.451858
-10.460466
-10.468165
-10.474976
-10.480919
-10.486013
-10.490283
-10.493678
-10.495912
-10.497377
-10.498292
-10.498823
-10.499092
-10.49917
-10.499082
-10.498797
-10.498245
-10.497301
-10.495793
-10.493502
-10.490158
-10.485445
-10.485312
-10.489062
-10.49223
-10.494832
-10.496886
-10.498409
-10.499417
-10.499927
-10.499953
-10.499512
-10.498618
-10.497287
-10.495533
-10.493797
-10.492281
-10.49114
-10.490479
-10.490355
-10.490781
-10.491717
-10.493079
-10.494736
-10.496507
-10.498165
-10.499434
-10.5
-10.498579
-10.498579
-10.498579
-10.498579
-10.498579
-10.498579
-10.498579
-10.498579
-10.498579
-10.498371
-10.497911
-10.497117
-10.495859
-10.493965
-10.491982
-10.491982
-10.491982
-10.491982
-10.491982
-10.491982
-10.491982
-10.491982
-10.491982
-10.481428
-10.466536
-10.447374
-10.42403
-10.396629
-10.365315
-10.330259
-10.291653
-10.249705
-10.204644
-10.156703
-10.106129
-10.053173
-10.001814
-9.952871
-9.907084
-9.865114
-9.827549
-9.794892
-9.76757
-9.745926
-9.730223
-9.720648
-9.71731
-9.720234
-9.729375
-9.744613
-9.765741
-9.792496
-9.824524
-9.861405
-9.902657
-9.947706
-9.995929
-10.046618
-10.099001
-10.152237
-10.164446
-10.142704
-10.121131
-10.099772
-10.07867
-10.057856
-10.037364
-10.017221
-9.99745
-9.978071
-9.959097
-9.940542
-9.922416
-9.904729
-9.88748
-9.870675
-9.854321
-9.838416
-9.822955
-9.807939
-9.793361
-9.779219
-9.765507
-9.752216
-9.739344
-9.726877
-9.714814
-9.703141
-9.691857
-9.680946
-9.670403
-9.660217
-9.650379
-9.640884
-9.631714
-9.622868
-9.614332
-9.6061
-9.598161
-9.590508
-9.58313
-9.57602
-9.569168
-9.562567
-9.556209
-9.550082
-9.544186
-9.538505
-9.533038
-9.527776
-9.522713
-9.521152
-9.48015
-9.483882
-9.484078
-9.484534
-9.479179
-9.469392
-9.464871
-9.465156
-9.470751
-9.481631
-9.497722
-9.51838
-9.543518
-9.497263
-9.450575
-9.402473
-9.353478
-9.303611
-9.252895
-9.201355
-9.148404
-9.100759
-9.058738
-9.022616
-8.992626
-8.96896
-8.951765
-8.941159
-8.937212
-8.939959
-8.949388
-8.965452
-8.988675
-9.0183
-9.05415
-9.09543
-9.142487
-9.195569
-9.253746
-9.316624
-9.383257
-9.453692
-9.527853
-9.604639
-9.683404
-9.76305
-9.843268
-9.923248
-10.002128
-10.07898
-10.152834
-10.222649
-10.287333
-10.345742
-10.330426
-10.314535
-10.298092
-10.281113
-10.263619
-10.245632
-10.227167
-10.208247
-10.191832
-10.178401
-10.167703
-10.160119
-10.155754
-10.154672
-10.157108
-10.162582
-10.171246
-10.183173
-10.197772
-10.21504
-10.234707
-10.256462
-10.27994
-10.304733
-10.330383
-10.356379
-10.382167
-10.371903
-10.361327
-10.35045
-10.339285
-10.327844
-10.31614
-10.304183
-10.291985
-10.279557
-10.266922
-10.256873
-10.249414
-10.244669
-10.242716
-10.243579
-10.247249
-10.253664
-10.263453
-10.286273
-10.310267
-10.335011
-10.360033
-10.384825
-10.408824
-10.408824
-10.408824
-10.408824
-10.408824
-10.434829
-10.456456
-10.473695
-10.486563
-10.495107
-10.499407
-10.499566
-10.495712
-10.487997
-10.476593
-10.461687
-10.443481
-10.423669
-10.403067
-10.382432
-10.362449
-10.343727
-10.326804
-10.312134
-10.300098
-10.290995
-10.285044
-10.282382
-10.283071
-10.287086
-10.294333
-10.304627
-10.317719
-10.333274
-10.350885
-10.370073
-10.390285
-10.410891
-10.431197
-10.450439
-10.467783
-10.482329
-10.493117
-10.489681
-10.485718
-10.481292
-10.476469
-10.471307
-10.465857
-10.460166
-10.45428
-10.448237
-10.442074
-10.435822
-10.429509
-10.423162
-10.416805
-10.41046
-10.404141
-10.397868
-10.391654
-10.385513
-10.379452
-10.373486
-10.367617
-10.361856
-10.356207
-10.350675
-10.345265
-10.33998
-10.334821
-10.329789
-10.324888
-10.320115
-10.315473
-10.310959
-10.306575
-10.302317
-10.298184
-10.294178
-10.290296
-10.286532
-10.282888
-10.279362
-10.275949
-10.272649
-10.269457
-10.266371
-10.26339
-10.26051
-10.25773
-10.255045
-10.252455
-10.249952
-10.247542
-10.245215
-10.242972
-10.240808
-10.238723
-10.236713
-10.234777
-10.232912
-10.231115
-10.229385
-10.227718
-10.226114
-10.224569
-10.223083
-10.22165
-10.220274
-10.218946
-10.217671
-10.216444
-10.215263
-10.214128
-10.202596
-10.197412
-10.19131
-10.183852
-10.171924
-10.159453
-10.145827
-10.131939
-10.115858
-10.098773
-10.080974
-10.062804
-10.042875
-10.0218
-10.000631
-9.978277
-9.955466
-9.932206
-9.908506
-9.883973
-9.858595
-9.832763
-9.806479
-9.779752
-9.764474
-9.747741
-9.731703
-9.715523
-9.699202
-9.682736
-9.665689
-9.648943
-9.632058
-9.615041
-9.597889
-9.580603
-9.56272
-9.54517
-9.527493
-9.509688
-9.491279
-9.473221
-9.454556
-9.435763
-9.416844
-9.401919
-9.392142
-9.431599
-9.46897
-9.504368
-9.537898
-9.569659
-9.599749
-9.633125
-9.669613
-9.709023
-9.751114
-9.795628
-9.842269
-9.890717
-9.940604
-9.991531
-10.043069
-10.094744
-10.146044
-10.157342
-10.168026
-10.178135
-10.1877
-10.196756
-10.205331
-10.213452
-10.221149
-10.228443
-10.235358
-10.24192
-10.248143
-10.254048
-10.259655
-10.264977
-10.270033
-10.274837
-10.279404
-10.283743
-10.287871
-10.291797
-10.295532
-10.299088
-10.302472
-10.305696
-10.308765
-10.311689
-10.314477
-10.317131
-10.319664
-10.322078
-10.324381
-10.326578
-10.328674
-10.330675
-10.332584
-10.334408
-10.336149
-10.337812
-10.339401
-10.340919
-10.342371
-10.343757
-10.345083
-10.34635
-10.347562
-10.348722
-10.34983
-10.350889
-10.351903
-10.352874
-10.353803
-10.354692
-10.355543
-10.356358
-10.357138
-10.357883
-10.358599
-10.359282
-10.359938
-10.360566
-10.361167
-10.361744
-10.362298
-10.362826
-10.363335
-10.36382
-10.364285
-10.36473
-10.365158
-10.365568
-10.365961
-10.366338
-10.3667
-10.367045
-10.367377
-10.367695
-10.368001
-10.368294
-10.368574
-10.368844
-10.369103
-10.36935
-10.369588
-10.369816
-10.375219
-10.375219
-10.375219
-10.375219
-10.375219
-10.37522
-10.37522
-10.37522
-10.375222
-10.375222
-10.375223
-10.375222
-10.375222
-10.375224
-10.375224
-10.375224
-10.375224
-10.375224
-10.375224
-10.375224
-10.375224
-10.375224
-10.375227
-10.375226
-10.375226
-10.375228
-10.375228
-10.375227
-10.375229
-10.375229
-10.375227
-10.375227
-10.375227
-10.375227
-10.375227
-10.375229
-10.375229
-10.375232
-10.375231
-10.375231
-10.375234
-10.375234
-10.375234
-10.375234
-10.375236
-10.375236
-10.375231
-10.375236
-10.375234
-10.375234
-10.375237
-10.375237
-10.375336
-10.377636
-10.38175
-10.387581
-10.395
-10.403817
-10.413827
-10.424752
-10.43629
-10.446548
-10.446547
-10.446547
-10.446547
-10.446548
-10.446548
-10.446548
-10.446551
-10.446551
-10.446551
-10.446551
-10.446551
-10.446551
-10.446548
-10.447774
-10.450183
-10.453686
-10.458157
-10.463428
-10.469288
-10.475477
-10.481699
-10.48761
-10.49283
-10.492835
-10.492835
-10.492835
-10.492837
-10.492835
-10.492835
-10.492837
-10.492833
-10.492837
-10.492835
-10.492839
-10.492838
-10.492835
-10.492834
-10.49328
-10.494127
-10.49529
-10.496638
-10.498007
-10.499179
-10.499897
-10.49987
-10.498751
-10.498751
-10.498749
-10.498749
-10.498745
-10.498751
-10.498749
-10.498751
-10.498749
-10.498751
-10.498749
-10.498745
-10.498745
-10.498749
-10.498749
-10.498749
-10.498749
-10.498749
-10.498749
-10.498749
-10.498749
-10.498749
-10.498749
-10.498749
-10.498749
-10.498749
-10.498749
-10.498749
-10.498749
-10.498749
-10.498749
-10.498749
-10.498749
-10.498749
-10.498749
-10.498749
-10.498749
-10.498749
-10.498749
-10.498749
-10.498749
-10.498749
-10.498749
-10.498749
-10.498749
-10.498749
-10.498749
-10.498749
-10.498749
-10.498749
-10.498749
-10.498749
-10.498102
-10.496159
-10.492922
-10.488396
-10.482585
-10.475497
-10.467138
-10.457518
-10.446647
-10.434537
-10.430099
-10.435433
-10.440356
-10.4449
-10.44909
-10.452959
-10.456527
-10.45982
-10.462856
-10.465656
-10.46824
-10.470622
-10.472818
-10.474845
-10.476713
-10.478437
-10.480025
-10.481488
-10.48284
-10.484264
-10.485732
-10.487164
-10.488438
-10.489392
-10.489796
-10.489384
-10.487818
-10.488336
-10.488832
-10.489249
-10.489621
-10.489949
-10.49024
-10.490494
-10.490714
-10.490904
-10.491067
-10.4912
-10.491311
-10.491399
-10.491464
-10.49151
-10.491539
-10.491549
-10.491544
-10.491523
-10.491489
-10.491442
-10.491382
-10.491312
-10.49123
-10.491138
-10.491037
-10.49093
-10.490811
-10.490685
-10.490553
-10.490414
-10.490267
-10.490114
-10.489956
-10.489792
-10.489622
-10.489448
-10.489268
-10.489084
-10.488896
-10.488704
-10.488505
-10.488305
-10.4881
-10.487892
-10.48768
-10.487466
-10.487247
-10.487024
-10.486799
-10.48657
-10.48634
-10.486106
-10.485868
-10.485628
-10.485386
-10.485141
-10.484891
-10.484642
-10.484388
-10.484132
-10.483926
-10.483661
-10.483394
-10.483124
-10.482851
-10.482578
-10.482922
-10.483981
-10.485654
-10.487768
-10.489505
-10.491107
-10.492403
-10.492588
-10.492781
-10.493327
-10.494267
-10.495438
-10.496816
-10.498186
-10.499322
-10.497574
-10.494758
-10.490883
-10.485963
-10.480003
-10.473024
-10.465032
-10.455941
-10.44596
-10.434891
-10.42285
-10.410001
-10.396578
-10.384569
-10.373878
-10.364595
-10.357269
-10.351718
-10.348418
-10.347089
-10.348113
-10.351293
-10.356561
-10.363641
-10.37255
-10.383085
-10.395135
-10.408108
-10.421807
-10.43584
-10.449853
-10.463152
-10.475368
-10.485814
-10.493849
-10.498779
-10.499871
-10.496337
-10.487348
-10.472028
-10.449461
-10.418691
-10.378718
-10.328514
-10.267014
-10.246464
-10.263653
-10.280095
-10.295807
-10.310646
-10.3248
-10.338284
-10.350496
-10.359528
-10.366358
-10.371003
-10.373577
-10.376631
-10.3873
-10.397288
-10.406822
-10.415806
-10.424251
-10.432176
-10.43959
-10.446507
-10.452942
-10.458907
-10.464357
-10.469422
-10.474055
-10.477473
-10.479861
-10.481359
-10.482055
-10.481995
-10.481174
-10.479542
-10.477
-10.473408
-10.468571
-10.462254
-10.454172
-10.443937
-10.428537
-10.405605
-10.377651
-10.344009
-10.30398
-10.256822
-10.201764
-10.13801
-10.064727
-9.981066
-9.886143
-9.779071
-9.779071
-9.779071
-9.779071
-9.779071
-9.779071
-9.779071
-9.774613
-9.765662
-9.752135
-9.733916
-9.710845
-9.682725
-9.649325
-9.610369
-9.565549
-9.514519
-9.456902
-9.392275
-9.320203
-9.240198
-9.15176
-9.054352
-8.947423
-8.830384
-8.702644
-8.563587
-8.412584
-8.249008
-8.072219
-7.881583
-7.676467
-7.456264
-7.22037
-6.968214
-6.699266
-6.699266
-6.699266
-6.699266
-6.699266
-6.699266
-6.699266
-6.699087
-6.688397
-6.668257
-6.638615
-6.599389
-6.550466
-6.491712
-6.422962
-6.344044
-6.254743
-6.154843
-6.044093
-5.922254
-5.789044
-5.644177
-5.487378
-5.318343
-5.136782
-4.942407
-4.734927
-4.514077
-4.279593
-4.031253
-3.768831
-3.492157
-3.201096
-2.89555
-2.575486
-2.240917
-1.891941
-1.5287
-1.151446
-1.151446
-1.151446
-1.151446
-1.151446
-1.151446
-1.151446
-1.139305
-1.11502
-1.078569
-1.029948
-0.969142
-0.896129
-0.810888
-0.7134
-0.603663
-0.481658
-0.34738
-0.200828
-0.042018
0.129021
0.312225
0.49473
0.49473
0.49473
0.49473
0.49473
0.49473
0.506933
0.531335
0.567934
0.616724
0.6777
0.750832
0.83611
0.93351
1.042977
1.164471
1.297934
1.443285
1.600421
1.769239
1.949591
2.14131
2.344202
2.558028
2.782516
3.017352
3.262171
3.516558
3.780036
4.052084
4.332094
4.61941
4.913303
5.212956
5.517477
5.825888
6.137112
6.450004
6.450004
6.450004
6.450004
6.450004
6.450004
6.450004
6.450004
6.450004
6.450004
6.450004
6.450004
6.450004
6.450004
6.450605
6.460083
6.647743
6.840928
7.038714
7.240149
7.444264
7.650065
7.85654
8.062667
8.267411
8.46972
8.668544
8.862821
9.051476
9.233449
9.407656
9.57301
9.728435
9.872831
10.005106
10.12416
10.214242
10.248379
10.279476
10.307715
10.333269
10.356308
10.376996
10.395497
10.411965
10.426549
10.439391
10.450627
10.460384
10.468784
10.475941
10.481961
10.486945
10.490989
10.494177
10.496593
10.498311
10.499402
10.499928
10.499952
10.499528
10.498705
10.49753
10.496044
10.49429
10.492301
10.493274
10.495202
10.497416
10.499109
10.499934
10.499809
10.498734
10.496654
10.493596
10.489573
10.484598
10.478685
10.471766
10.464009
10.455357
10.445826
10.435431
10.424191
10.4118
10.397475
10.381207
10.363017
10.342955
10.321136
10.297638
10.28552
10.300331
10.311422
10.318954
10.323085
10.323977
10.321783
10.316663
10.308762
10.298226
10.2852
10.269817
10.252212
10.232508
10.210826
10.187284
10.16199
10.13505
10.106565
10.07663
10.045335
10.012766
9.979005
9.944129
9.908213
9.871323
9.833528
9.794888
9.755464
9.715311
9.674483
9.633029
9.590999
9.548434
9.50538
9.461875
9.417961
9.373673
9.335775
9.301217
9.26755
9.233397
9.198359
9.162306
9.125295
9.087385
9.048633
9.00909
8.968813
8.927855
8.886265
8.844087
8.801371
8.758153
8.71447
8.670365
8.625857
8.580967
8.535743
8.490211
8.444453
8.398435
8.352174
8.308138
8.265098
8.222327
8.184769
8.145914
8.106043
8.065187
8.023446
7.980954
7.937832
7.894426
7.862828
7.998761
8.13083
8.258816
8.382534
8.50183
8.616577
8.726686
8.832093
8.932769
9.028708
9.119936
9.206499
9.288469
9.365937
9.43901
9.50781
9.572474
9.633147
9.689983
9.74314
9.792785
9.844399
9.893864
9.941609
9.986154
10.02705
10.06444
10.098398
10.129009
10.15614
10.179441
10.198625
10.213336
10.223176
10.227699
10.226425
10.21883
10.20435
10.182384
10.152297
10.11342
10.065056
10.006474
9.936922
9.914453
9.890509
9.865171
9.849797
9.899433
9.94576
9.988944
10.029151
10.066544
10.101281
10.133518
10.163408
10.191094
10.216717
10.240409
10.262297
10.282503
10.30114
10.318321
10.334146
10.348711
10.362141
10.388659
10.403614
10.418446
10.432876
10.44659
10.459152
10.469576
10.47735
10.482036
10.483162
10.480231
10.472713
10.460052
10.441662
10.416932
10.385227
10.35762
10.359978
10.361877
10.363365
10.364479
10.36526
10.365742
10.365957
10.365935
10.365702
10.365281
10.364697
10.363971
10.363117
10.362155
10.3611
10.359967
10.358768
10.357512
10.35621
10.354874
10.353508
10.352123
10.350725
10.349319
10.347911
10.346356
10.343041
10.337258
10.332828
10.340219
10.349813
10.357114
10.362265
10.365364
10.366471
10.365599
10.362713
10.357745
10.350573
10.341032
10.328917
10.313972
10.295902
10.274365
10.248972
10.219296
10.184859
10.145146
10.099599
10.047622
9.988575
9.921785
9.846542
9.762097
9.667681
9.56249
9.445701
9.316469
9.173933
9.017226
8.845482
8.657832
8.453411
8.512264
8.569896
8.626308
8.681515
8.735525
8.788349
8.833401
8.870934
8.901158
8.924256
8.94036
8.949571
8.951939
8.947473
8.936152
8.917907
8.892627
8.860159
8.820316
8.77287
8.717552
8.654065
8.582057
8.501164
8.410975
8.297454
8.146048
7.84284
7.517673
7.170515
6.801384
6.410432
5.997916
5.564202
5.109776
4.961232
4.81519
4.671833
4.531307
4.393746
4.25926
4.127944
3.999864
3.875081
3.753631
3.635537
3.52081
3.409445
3.301426
3.196733
3.095332
2.997181
2.902231
2.810432
2.721721
2.636039
2.553314
2.47348
2.396467
2.322197
2.2506
2.181599
2.115126
2.051092
1.989437
1.930068
1.872931
1.817941
1.765032
1.71413
1.665174
1.618085
1.572806
1.529273
1.487418
1.447183
1.408511
1.371343
1.335623
1.3013
1.268318
1.236625
1.206182
1.176931
1.148761
1.121562
1.095306
1.069955
1.045482
1.021853
0.999041
0.977014
0.955752
0.935221
0.915395
0.896257
0.87777
0.859917
0.842678
0.826028
0.809944
0.794404
0.779392
0.764887
0.750871
0.740673
0.730793
0.721218
0.711951
0.702982
0.694308
0.685922
0.677816
0.669991
0.662436
0.655141
0.648101
0.641314
0.634768
0.628453
0.622372
0.616512
0.610863
0.605292
0.586653
0.556046
0.513461
0.458878
0.392257
0.313586
0.222853
0.120048
0.005154
-0.121822
-0.260852
-0.411927
-0.574997
-0.750001
-0.936859
-0.939974
-0.942957
-0.945824
-0.948575
-0.951206
-0.953731
-0.956149
-0.958478
-0.960707
-0.96284
-0.964887
-0.966853
-0.968739
-0.97055
-0.972279
-0.973947
-0.975539
-0.977067
-0.978532
-1.013009
-1.013035
-1.013059
-1.013082
-1.013105
-1.013121
-1.013139
-1.013155
-1.01317
-1.013183
-1.013196
-1.013208
-1.013218
-1.013228
-1.013237
-1.013246
-1.013129
-1.007434
-0.987672
-0.956295
-0.916385
-0.888055
-0.888063
-0.888068
-0.888072
-0.888075
-0.88808
-0.888079
-0.888083
-0.888088
-0.888088
-0.88809
-0.888094
-0.888096
-0.888095
-0.888095
-0.88811
-0.88803
-0.887839
-0.887538
-0.887128
-0.886607
-0.885981
-0.88525
-0.884407
-0.883464
-0.882414
-0.88126
-0.880002
-0.878645
-0.859276
-0.811208
-0.751297
-0.689121
-0.628161
-0.568111
-0.506707
-0.445125
-0.382131
-0.319
-0.255766
-0.19371
-0.131589
-0.068155
-0.004692
0.085097
0.199953
0.314637
0.429086
0.543259
0.657096
0.770558
0.883594
0.996162
1.108218
1.219722
1.330633
1.440916
1.550534
1.659454
1.767642
1.859472
1.873081
1.76887
1.668103
1.570728
1.476677
1.38588
1.298264
1.213755
1.132267
1.053727
0.97805
0.905157
0.834957
0.767378
0.702332
0.63974
0.579519
0.521595
0.465877
0.412313
0.360801
0.311187
0.263475
0.217639
0.173612
0.131355
0.090802
0.051906
0.014618
-0.021114
-0.055339
-0.088104
-0.119751
-0.150191
-0.179462
-0.207605
-0.234659
-0.260661
-0.285649
-0.309662
-0.332733
-0.3549
-0.376193
-0.396645
-0.416289
-0.435155
-0.453276
-0.470675
-0.487393
-0.503433
-0.518846
-0.533635
-0.54784
-0.561477
-0.574568
-0.587132
-0.599194
-0.610775
-0.621892
-0.632564
-0.642809
-0.652642
-0.662083
-0.671145
-0.679842
-0.688193
-0.696207
-0.7039
-0.711285
-0.718374
-0.725179
-0.731712
-0.73798
-0.743999
-0.749776
-0.75532
-0.760643
-0.765754
-0.770656
-0.775366
-0.779882
-0.78422
-0.788383
-0.79238
-0.796217
-0.799899
-0.803437
-0.806829
-0.810085
-0.813212
-0.816214
-0.819095
-0.821859
-0.824514
-0.827065
-0.829508
-0.831856
-0.834112
-0.836274
-0.838353
-0.840345
-0.842259
-0.844097
-0.845861
-0.847554
-0.849179
-0.850739
-0.852238
-0.853675
-0.888142
-0.86524
-0.748932
-0.632563
-0.516179
-0.399824
-0.283539
-0.167368
-0.051353
0.064462
0.18004
0.295336
0.410309
0.524923
0.639134
0.752907
0.866208
0.978991
1.091224
1.202874
1.313906
1.424289
1.533989
1.642977
1.751223
1.798288
1.804953
1.70273
1.60396
1.508566
1.416486
1.327636
1.241943
1.159323
1.079696
1.002975
0.929077
0.857917
0.789419
0.72349
0.660049
0.599015
0.540308
0.483848
0.429557
0.377361
0.327184
0.278952
0.2326
0.188058
0.145255
0.104131
0.064621
0.026664
-0.009796
-0.044818
-0.078457
-0.110765
-0.141794
-0.171594
-0.20021
-0.227689
-0.254076
-0.279415
-0.303745
-0.327106
-0.349538
-0.371073
-0.391753
-0.411603
-0.430663
-0.448963
-0.466531
-0.483398
-0.499592
-0.515138
-0.530064
-0.54439
-0.558145
-0.571352
-0.584029
-0.596198
-0.607881
-0.619098
-0.629865
-0.6402
-0.650124
-0.659648
-0.668792
-0.677574
-0.685998
-0.694089
-0.701854
-0.70931
-0.716467
-0.723337
-0.729933
-0.736265
-0.742342
-0.748178
-0.753779
-0.759156
-0.764318
-0.769274
-0.77403
-0.778598
-0.782981
-0.787189
-0.791229
-0.795107
-0.79883
-0.802405
-0.805837
-0.809131
-0.812291
-0.848504
-0.887084
-1.002552
-1.118589
-1.23443
-1.350035
-1.46536
-1.580364
-1.695006
-1.809245
-1.923041
-2.036355
-2.149149
-2.261387
-2.373026
-2.484035
-2.594379
-2.704024
-2.812937
-2.921087
-3.028444
-3.134977
-3.240661
-3.345467
-3.449371
-3.552349
-3.654378
-3.755436
-3.855504
-3.954562
-4.052594
-4.149583
-4.245514
-4.340374
-4.43415
-4.526831
-4.618408
-4.708872
-4.798215
-4.886431
-4.973515
-5.059461
-5.144268
-5.227933
-5.310457
-5.391837
-5.472075
-5.551173
-5.629133
-5.705958
-5.781653
-5.856222
-5.92967
-6.002005
-6.073232
-6.143358
-6.212393
-6.280344
-6.347219
-6.413031
-6.477785
-6.541493
-6.604167
-6.665817
-6.726452
-6.786086
-6.844731
-6.902396
-6.959095
-7.01484
-7.069642
-7.123517
-7.176473
-7.228527
-7.279688
-7.329972
-7.379389
-7.427954
-7.47568
-7.522577
-7.568661
-7.613943
-7.650077
-7.677204
-7.69543
-7.704839
-7.705475
-7.697339
-7.680412
-7.654621
-7.619874
-7.576045
-7.48301
-7.379436
-7.265611
-7.141174
-7.005744
-6.85893
-6.700337
-6.529562
-6.346197
-6.149827
-5.940057
-5.716496
-5.478767
-5.22653
-4.959441
-4.67723
-4.37964
-4.066467
-3.737566
-3.392843
-3.032293
-2.655981
-2.26405
-1.856764
-1.434479
-0.997654
-0.546863
-0.546863
-0.546863
-0.546863
-0.546863
-0.546863
-0.546863
-0.546863
-0.546863
-0.546863
-0.546863
-0.546863
-0.546863
-0.546863
-0.546863
-0.546863
-0.546863
-0.546863
-0.546863
-0.546863
-0.546863
-0.546863
-0.546863
-0.546863
-0.546863
-0.546863
-0.534661
-0.510254
-0.47364
-0.424817
-0.363769
-0.290497
-0.204995
-0.107267
0.002698
0.124868
0.124868
0.124868
0.124868
0.124868
0.124868
0.124868
0.124868
0.124868
0.124868
0.124868
0.124868
0.124868
0.124868
0.124868
0.124868
0.124868
0.124868
0.124868
0.124868
0.124868
0.124868
0.124868
0.124868
0.124868
0.137088
0.161518
0.198163
0.247024
0.308092
0.381361
0.466811
0.564438
0.674205
0.79608
0.930026
1.075968
1.233833
1.403528
1.584923
1.777875
1.982211
2.197717
2.424154
2.661223
2.908591
3.165879
3.432645
3.708381
3.992524
4.284451
4.583447
4.888731
5.199442
5.514637
5.833278
6.154236
6.64357
7.118662
7.57616
8.012673
8.424765
8.809017
9.162039
9.480506
9.761193
10.000995
10.196969
10.346351
10.37691
10.403599
10.42659
10.446058
10.462192
10.475183
10.485226
10.492519
10.497255
10.49963
10.499831
10.498045
10.494447
10.489208
10.49174
10.495332
10.497891
10.499439
10.499997
10.499588
10.498232
10.495953
10.492771
10.488714
10.483801
10.478057
10.471503
10.464164
10.456062
10.447221
10.437663
10.42741
10.416487
10.404914
10.392714
10.379908
10.366518
10.352568
10.338076
10.323063
10.30755
10.291558
10.275105
10.258211
10.240895
10.223176
10.205071
10.1866
10.168508
10.154019
10.142604
10.134417
10.129569
10.12813
10.130114
10.135493
10.144193
10.156091
10.17102
10.188766
10.20906
10.2316
10.256024
10.281928
10.308855
10.336308
10.36373
10.390522
10.416035
10.439567
10.460375
10.477661
10.490585
10.498927
10.498791
10.498791
10.498791
10.498791
10.498791
10.498791
10.498791
10.498791
10.498598
10.498171
10.497422
10.496225
10.494409
10.481091
10.458873
10.426798
10.383932
10.329359
10.262186
10.181556
10.086637
9.976646
9.850834
9.708495
9.633472
9.556671
9.478366
9.398833
9.318331
9.237118
9.155441
9.073537
8.991623
8.909906
8.828587
8.747832
8.66781
8.588675
8.510551
8.433565
8.357815
8.283395
8.210389
8.138861
7.373671
7.341295
7.294951
7.245615
7.195872
7.145728
7.095191
7.044261
6.992942
6.94124
6.889163
6.836718
6.783902
6.73073
6.677202
6.623326
6.569105
6.514549
6.459668
6.404463
6.348943
6.293114
6.236983
6.180556
6.123842
6.066848
5.994659
5.898518
5.801682
5.704186
5.606072
5.507375
5.408134
5.308389
5.208178
5.107541
5.006519
4.905151
4.803477
4.701538
4.599373
4.497022
4.394526
4.291924
4.189253
4.086554
3.983863
3.88122
3.77866
3.67622
3.573935
3.471841
3.369971
3.268358
3.167036
3.066035
2.965387
2.865119
2.765262
2.665843
2.566888
2.468424
2.370474
2.273062
2.176211
2.079941
1.984275
1.889229
1.794824
1.713129
1.64421
1.588109
1.544867
1.514518
1.497074
1.492547
1.500954
1.522271
1.556508
1.603633
1.663628
1.736446
1.822033
1.920328
2.03126
2.154733
2.290627
2.438808
2.599117
2.771368
2.955325
3.150725
3.357275
3.574638
3.504634
3.435202
3.366346
3.29807
3.230375
3.1724
3.127891
3.106669
3.11526
3.135079
3.166769
3.209601
3.264225
3.33057
3.40856
3.498098
3.833016
4.173449
4.518234
4.866192
5.216057
5.566553
5.916349
6.264096
6.6084
6.947836
7.280959
7.60629
7.922336
8.227582
8.520487
8.799499
9.063046
9.309557
9.537434
9.745084
9.930913
10.093328
10.230743
10.341592
10.42433
10.47744
10.499451
10.499997
10.499346
10.497616
10.494923
10.491373
10.487063
10.482086
10.476525
10.470459
10.46396
10.464442
10.468811
10.476046
10.482978
10.488704
10.493241
10.496606
10.498814
10.499885
10.499836
10.498688
10.496136
10.491787
10.485215
10.475953
10.463502
10.447326
10.426851
10.401476
10.370563
10.333443
10.289417
10.23776
10.17772
10.126878
10.120134
10.108861
10.092863
10.131818
10.167763
10.200871
10.231307
10.259232
10.284809
10.308187
10.329515
10.348932
10.366572
10.382566
10.397035
10.41009
10.421844
10.432394
10.441837
10.450264
10.457758
10.464396
10.470249
10.475388
10.479872
10.483761
10.487109
10.489965
10.492374
10.494379
10.496018
10.497331
10.498343
10.499091
10.499599
10.499894
10.499999
10.499935
10.499721
10.499374
10.498913
10.49835
10.497698
10.496971
10.496178
10.49533
10.494436
10.493504
10.492541
10.491553
10.490547
10.489529
10.488501
10.487469
10.486436
10.485405
10.484382
10.483365
10.482359
10.481366
10.480387
10.479423
10.478475
10.477545
10.476635
10.475742
10.474871
10.47402
10.473188
10.47238
10.47159
10.470822
10.470076
10.46935
10.468646
10.467961
10.467299
10.466656
10.466031
10.465428
10.464842
10.464276
10.46373
10.4632
10.462687
10.462193
10.461714
10.461252
10.460806
10.460376
10.459959
10.459558
10.459171
10.458798
10.458439
10.458093
10.457758
10.457436
10.457126
10.456826
10.456537
10.45626
10.455993
10.455735
10.455487
10.455249
10.455357
10.455689
10.456244
10.456797
10.457449
10.4582
10.458842
10.45948
10.460326
10.461163
10.466013
10.47423
10.481745
10.487963
10.492887
10.496519
10.498864
10.499928
10.499719
10.498243
10.495511
10.491536
10.486327
10.4799
10.472269
10.465582
10.463459
10.462378
10.461486
10.460476
10.459454
10.458739
10.458638
10.465174
10.470932
10.475986
10.480392
10.48421
10.487493
10.490291
10.492646
10.494602
10.4962
10.497471
10.49845
10.499166
10.499648
10.499916
10.499999
10.499917
10.499685
10.499324
10.49885
10.498275
10.497613
10.496878
10.496078
10.495224
10.494326
10.49339
10.492425
10.491434
10.490426
10.489407
10.488379
10.487348
10.486315
10.485287
10.484263
10.483248
10.482244
10.481254
10.480276
10.479315
10.47837
10.477443
10.476535
10.475646
10.474777
10.47393
10.473102
10.472295
10.47264
10.475204
10.481993
10.488048
10.492951
10.496565
10.49889
10.499935
10.499706
10.498211
10.495461
10.491467
10.486238
10.479793
10.472143
10.463305
10.453297
10.442134
10.429836
10.416426
10.401919
10.38634
10.36971
10.352053
10.33339
10.313748
10.293149
10.271619
10.249183
10.228631
10.210305
10.194497
10.181447
10.171352
10.164367
10.160591
10.16008
10.162848
10.168851
10.178008
10.190188
10.205212
10.222851
10.242826
10.264819
10.288452
10.313304
10.338904
10.364727
10.3902
10.414699
10.437551
10.45803
10.475364
10.488723
10.497237
10.499985
10.495999
10.484268
10.463741
10.433325
10.441927
10.449856
10.45713
10.46377
10.46979
10.475209
10.480045
10.484314
10.487443
10.489655
10.491127
10.491987
10.492316
10.492143
10.491453
10.490183
10.488219
10.485401
10.481522
10.476327
10.469515
10.460734
10.449591
10.435641
10.418401
10.397334
10.371867
10.341378
10.298995
10.243289
10.177874
10.101841
10.014268
9.914203
9.800686
9.672755
9.553177
9.553177
9.553177
9.553177
9.553177
9.553177
9.553177
9.553177
9.553177
9.553177
9.553177
9.553177
9.553177
9.552907
9.550645
9.54362
9.530142
9.511408
9.487274
9.457563
9.42206
9.380512
9.332631
9.278091
9.21654
9.147588
9.070807
8.985756
8.891948
8.788882
8.676031
8.552849
8.418766
8.273211
8.25924
8.25924
8.25924
8.25924
8.25924
8.25924
8.25924
8.25924
8.25924
8.25924
8.25924
8.25924
8.25924
8.25924
8.25924
8.257584
8.246486
8.227783
8.201389
8.167187
8.125028
8.074741
8.016108
7.94889
7.872825
7.787613
7.692933
7.588451
7.47379
7.348571
7.212395
7.064847
6.905516
6.733953
6.549741
6.549741
6.549741
6.549741
6.549741
6.549741
6.549741
6.549741
6.549741
6.549741
6.549741
6.549741
6.549741
6.549741
6.549741
6.547349
6.533009
6.509071
6.475458
6.432086
6.378845
6.315587
6.242137
6.158332
6.063945
5.958765
5.842548
5.715039
5.575977
5.425076
5.262063
5.086659
4.898574
4.697536
4.483278
4.255549
4.014112
3.75876
3.48931
3.205614
3.205614
3.205614
3.205614
3.205614
3.205614
3.205614
3.205614
3.205614
3.205614
3.205614
3.205614
3.201926
3.183733
3.153878
3.112332
3.059044
2.993959
2.917015
2.828137
2.727245
2.614245
2.48906
2.351586
2.201752
2.039462
1.864648
1.677243
1.477188
1.264453
1.039034
0.800942
0.550237
0.435364
0.435364
0.435364
0.435364
0.435364
0.435364
0.435364
0.435364
0.435364
0.435364
0.429413
0.408684
0.375745
0.330597
0.273221
0.203622
0.121796
0.027743
-0.078534
-0.197001
-0.327658
-0.470465
-0.625398
-0.792378
-0.971322
-1.162118
-1.364643
-1.578725
-1.804174
-1.804174
-1.804174
-1.804174
-1.804174
-1.804174
-1.804174
-1.816337
-1.840528
-1.876731
-1.924929
-1.985083
-2.057145
-2.141067
-2.23679
-2.34423
-2.463289
-2.593856
-2.7358
-2.888949
-3.053138
-3.228137
-3.413713
-3.413713
-3.413713
-3.413713
-3.413713
-3.413713
-3.413713
-3.419348
-3.43896
-3.470097
-3.512713
-3.56676
-3.632157
-3.708841
-3.796676
-3.895559
-4.005343
-4.125848
-4.256885
-4.398229
-4.549629
-4.710797
-4.881401
-5.061084
-5.249446
-5.44603
-5.65034
-5.65034
-5.65034
-5.65034
-5.65034
-5.65034
-5.65034
-5.65034
-5.65034
-5.65034
-5.65034
-5.829741
-6.00642
-6.180035
-6.350259
-6.516796
-6.679379
-6.837767
-6.991758
-7.141173
-7.285875
-7.425747
-7.560716
-7.690732
-7.815768
-7.935838
-8.050967
-8.161212
-8.26664
-8.367338
-8.46674
-8.570106
-8.67547
-8.782448
-8.890662
-8.999694
-9.109131
-9.218525
-9.327411
-9.435286
-9.541631
-9.645893
-9.747485
-9.845798
-9.940175
-10.029934
-10.114358
-10.192679
-10.264113
-10.327827
-10.382953
-10.394444
-10.404948
-10.41454
-10.423291
-10.431266
-10.438525
-10.445126
-10.45112
-10.45656
-10.461486
-10.465943
-10.469971
-10.473601
-10.476871
-10.47981
-10.482447
-10.484804
-10.486912
-10.488787
-10.490452
-10.491926
-10.493226
-10.494366
-10.495363
-10.496228
-10.496977
-10.497618
-10.49816
-10.498616
-10.498993
-10.499298
-10.49954
-10.499724
-10.499856
-10.499944
-10.49999
-10.499999
-10.499977
-10.499926
-10.499535
-10.497889
-10.494929
-10.490664
-10.4851
-10.478244
-10.470103
-10.460692
-10.45002
-10.438099
-10.424944
-10.410572
-10.394995
-10.378232
-10.360303
-10.341226
-10.32102
-10.299707
-10.277308
-10.253847
-10.229347
-10.203832
-10.177325
-10.149855
-10.121442
-10.092117
-10.061906
-10.030833
-9.998928
-9.966217
-9.932729
-9.89849
-9.863528
-9.827873
-9.791551
-9.754588
-9.717014
-9.678857
-9.640142
-9.600898
-9.561151
-9.62531
-9.685594
-9.742166
-9.795185
-9.844823
-9.891241
-9.934604
-9.975073
-10.012811
-10.047967
-10.080695
-10.111141
-10.139442
-10.165735
-10.190145
-10.212796
-10.233803
-10.253277
-10.27132
-10.288032
-10.302133
-10.316502
-10.329798
-10.342097
-10.353473
-10.363989
-10.373708
-10.38269
-10.390987
-10.398654
-10.405734
-10.390622
-10.374322
-10.356853
-10.338232
-10.318479
-10.297611
-10.275654
-10.252626
-10.228553
-10.203455
-10.17736
-10.150289
-10.122269
-10.093326
-10.063487
-10.032778
-10.001225
-9.968858
-9.935701
-9.901784
-9.867134
-9.831779
-9.795746
-9.759062
-9.721758
-9.68386
-9.645393
-9.606388
-9.566869
-9.630603
-9.690483
-9.74667
-9.799325
-9.848616
-9.894707
-9.937763
-9.977945
-10.015411
-10.050318
-10.082811
-10.11304
-10.141139
-10.167244
-10.191482
-10.164932
-10.137418
-10.108968
-10.079607
-10.04936
-10.018257
-9.986324
-9.953588
-9.920075
-9.885816
-9.850835
-9.815161
-9.863429
-9.908549
-9.950686
-9.989997
-10.026645
-10.060775
-10.092541
-10.122086
-10.149546
-10.175051
-10.198727
-10.220694
-10.241066
-10.259948
-10.277443
-10.293645
-10.308646
-10.322529
-10.335373
-10.347252
-10.358238
-10.368391
-10.377777
-10.386449
-10.39446
-10.401858
-10.408693
-10.415002
-10.420827
-10.426205
-10.431168
-10.435748
-10.439974
-10.443873
-10.447472
-10.45079
-10.453852
-10.456676
-10.459279
-10.461682
-10.463898
-10.46594
-10.467824
-10.469561
-10.471162
-10.472638
-10.474
-10.475255
-10.476412
-10.47748
-10.478462
-10.479369
-10.480205
-10.480975
-10.481685
-10.482339
-10.482943
-10.483499
-10.484011
-10.484485
-10.48492
-10.485321
-10.485691
-10.486032
-10.486346
-10.486635
-10.486903
-10.487149
-10.487376
-10.487585
-10.487781
-10.488525
-10.489734
-10.491318
-10.493148
-10.495049
-10.496807
-10.498163
-10.498816
-10.498421
-10.496592
-10.492897
-10.486871
-10.477996
-10.466873
-10.453045
-10.43541
-10.413372
-10.38648
-10.353713
-10.314523
-10.268162
-10.213853
-10.150791
-10.078129
-9.995011
-9.911025
-9.836548
-9.754994
-9.664071
-9.563031
-9.451107
-9.327508
-9.191432
-9.246568
-9.300447
-9.353065
-9.404413
-9.454483
-9.503271
-9.550772
-9.596985
-9.641906
-9.685538
-9.72788
-9.768937
-9.80876
-9.843007
-9.872057
-9.896186
-9.915634
-9.930602
-9.941243
-9.947665
-9.949933
-9.948071
-9.94205
-9.931802
-9.917211
-9.898116
-9.874314
-9.845555
-9.811553
-9.771961
-9.726411
-9.674479
-9.615703
-9.54958
-9.47558
-9.393135
-9.301631
-9.200443
-9.088907
-8.966327
-8.832009
-8.685225
-8.525243
-8.351319
-8.162718
-7.958706
-8.013179
-8.066606
-8.118998
-8.170369
-8.220734
-8.270104
-8.318498
-8.365927
-8.40509
-8.436176
-8.459354
-8.474735
-8.482401
-8.482393
-8.47472
-8.459337
-8.436176
-8.405123
-8.366026
-8.318702
-8.262926
-8.19844
-8.124958
-8.04215
-7.949669
-7.847133
-7.734138
-7.610251
-7.475039
-7.328026
-7.168745
-6.996701
-6.811407
-6.61238
-6.364919
-6.089518
-5.797472
-5.488412
-5.162031
-4.818083
-4.456397
-4.076896
-3.679566
-3.264531
-2.831993
-2.382313
-1.915965
-1.433578
-0.935911
-0.423903
0.101322
0.638484
1.186135
1.742567
1.742567
1.742567
1.742567
1.742567
1.742567
1.742567
1.742567
1.742567
1.742567
1.742567
1.742567
1.742567
1.742567
1.742567
1.742567
1.742567
1.743257
1.758189
1.785156
1.824143
1.875131
1.938077
2.012944
2.099672
2.198202
2.308448
2.43031
2.563675
2.914842
3.273778
3.639328
3.837559
4.032932
4.225103
4.413753
4.598581
4.779334
4.955787
5.127727
5.294995
5.457459
5.615021
5.767596
5.915143
6.057641
6.195099
6.327539
6.455012
6.577576
6.695316
6.808328
6.916715
7.020593
7.120084
7.215321
7.306434
7.402235
7.502535
7.607136
7.715818
7.828339
7.944427
8.063789
8.186105
8.311022
8.438154
8.567073
8.697324
8.828412
8.959796
9.090901
9.221097
9.349721
9.476055
9.599341
9.718773
9.833488
9.942588
10.045115
10.140074
10.226418
10.303061
10.368869
10.375711
10.382115
10.388107
10.393717
10.398972
10.403894
10.408509
10.412832
10.416888
10.420691
10.424262
10.427613
10.43076
10.433719
10.436497
10.439109
10.441566
10.443878
10.446055
10.448103
10.450033
10.451852
10.453568
10.455185
10.456711
10.458152
10.459511
10.460795
10.462009
10.463157
10.464242
10.465269
10.466241
10.467161
10.468032
10.468858
10.46964
10.470381
10.471086
10.471752
10.472386
10.472987
10.473557
10.4741
10.474617
10.475107
10.475574
10.476016
10.476438
10.476839
10.477221
10.477585
10.47793
10.478262
10.478576
10.478875
10.479162
10.479435
10.479694
10.479942
10.48018
10.480405
10.480621
10.480826
10.481023
10.481211
10.481392
10.481563
10.481726
10.481884
10.482013
10.48128
10.479249
10.47592
10.471299
10.46539
10.458203
10.449742
10.44002
10.429045
10.416832
10.403392
10.388741
10.372895
10.35587
10.339459
10.320057
10.299536
10.277917
10.275139
10.29117
10.306014
10.319749
10.332458
10.34421
10.325093
10.304854
10.283512
10.261089
10.237607
10.21309
10.187558
10.161041
10.13356
10.105142
10.075812
10.045599
10.014528
9.982626
9.949921
9.916439
9.882209
9.84726
9.893137
9.935991
9.975982
10.013268
10.048004
10.080339
10.110417
10.138376
10.164351
10.188466
10.210843
10.231597
10.250837
10.226893
10.201924
10.175954
10.149007
10.121109
10.092283
10.06256
10.031963
10.065411
10.096534
10.125473
10.152367
10.17734
10.200522
10.185469
10.158873
10.131315
10.102822
10.073421
10.043138
10.011999
9.980031
9.947262
9.913719
9.879431
9.844424
9.808726
9.800459
9.849379
9.895118
9.93784
9.977707
10.014876
10.049501
10.04058
10.00937
9.977334
9.9445
9.910893
9.876545
9.84148
9.805727
9.769314
9.732267
9.785542
9.835422
9.882073
9.92566
9.966345
10.004287
10.03964
10.072556
10.103179
10.131651
10.158104
10.182669
10.205464
10.22661
10.246215
10.264382
10.281212
10.296795
10.311219
10.324568
10.336914
10.348333
10.35889
10.368648
10.377665
10.385995
10.393691
10.400799
10.407362
10.413422
10.419016
10.42418
10.428945
10.433342
10.421239
10.407912
10.393375
10.377644
10.360735
10.342666
10.35365
10.363805
10.373189
10.381861
10.389872
10.397271
10.404105
10.410415
10.416241
10.421617
10.42658
10.431161
10.435387
10.439286
10.442883
10.446203
10.449265
10.452088
10.454694
10.457095
10.461278
10.466629
10.47234
10.477186
10.480607
10.482615
10.483222
10.482443
10.480289
10.476777
10.471923
10.465744
10.458255
10.449477
10.43943
10.428131
10.415605
10.40187
10.38695
10.372113
10.368068
10.381292
10.393373
10.404393
10.414436
10.423577
10.431886
10.439427
10.446263
10.452452
10.458045
10.463091
10.467637
10.471722
10.475388
10.478668
10.481598
10.484204
10.486519
10.488565
10.490372
10.491955
10.493337
10.494536
10.49557
10.496455
10.497204
10.49783
10.498348
10.498764
10.499092
10.499339
10.499515
10.499626
10.499681
10.499685
10.499643
10.499563
10.499448
10.499302
10.49913
10.498934
10.498719
10.498487
10.498242
10.497984
10.497718
10.497442
10.497162
10.496877
10.496591
10.4963
10.496011
10.49572
10.495432
10.495146
10.494916
10.49463
10.494349
10.494074
10.493803
10.493537
10.493277
10.493021
10.492772
10.492529
10.492291
10.49206
10.491834
10.491613
10.491401
10.491194
10.490993
10.490797
10.490608
10.490424
10.490246
10.490073
10.489906
10.489743
10.489588
10.489437
10.48929
10.489149
10.489012
10.48888
10.488753
10.488629
10.488511
10.488397
10.488287
10.48818
10.488077
10.487979
10.487883
10.487792
10.487702
10.487617
10.487535
10.487454
10.48738
10.487307
10.487236
10.485477
10.485477
10.485478
10.485478
10.485478
10.485478
10.485478
10.485479
10.485479
10.485478
10.485479
10.485479
10.485479
10.485479
10.485479
10.485479
10.485479
10.48548
10.485479
10.48548
10.485481
10.485481
10.485481
10.485481
10.485481
10.485481
10.485481
10.485481
10.485481
10.485482
10.485482
10.485482
10.485482
10.485483
10.485483
10.485483
10.485483
10.485483
10.485484
10.485484
10.485484
10.485484
10.485485
10.485485
10.485485
10.485485
10.485485
10.485485
10.485485
10.485485
10.485485
10.485486
10.485486
10.485486
10.485486
10.485486
10.485487
10.485487
10.485487
10.485487
10.485487
10.485487
10.485487
10.485489
10.485488
10.485489
10.485489
10.485489
10.485489
10.485489
10.485491
10.485491
10.485491
10.485491
10.485491
10.485491
10.485491
10.485491
10.485491
10.485491
10.485491
10.485492
10.485492
10.485492
10.485492
10.485493
10.485493
10.485493
10.485493
10.485493
10.485493
10.485493
10.485494
10.485494
10.485494
10.485494
10.485494
10.485494
10.485495
10.485495
10.485495
10.485495
10.485496
10.485496
10.485496
10.485496
10.485496
10.485497
10.485497
10.485497
10.485497
10.485497
10.485497
10.485337
10.485091
10.485563
10.486151
10.486843
10.487807
10.488221
10.48822
10.487688
10.486527
10.484657
10.48195
10.478468
10.474154
10.469055
10.462754
10.455166
10.445609
10.433731
10.419134
10.401374
10.379964
10.354371
10.324022
10.288297
10.309934
10.330319
10.349463
10.36738
10.38408
10.399577
10.413412
10.424333
10.433078
10.439918
10.445077
10.44874
10.451035
10.452051
10.451824
10.450344
10.447553
10.443345
10.437569
10.430022
10.420453
10.408567
10.39402
10.376419
10.355328
10.330259
10.300685
10.266026
10.225668
10.178951
10.125175
10.063599
9.99345
9.913915
9.824161
9.853827
9.882565
9.910391
9.937324
9.963382
9.988582
10.012941
10.036478
10.055701
10.070847
10.082102
10.089614
10.093479
10.093751
10.090433
10.083482
10.072812
10.05829
10.039735
10.016923
9.989586
9.957407
9.920029
9.877055
9.828048
9.77252
9.709957
9.6398
9.561461
9.474319
9.377717
9.270978
9.153391
9.02424
8.882776
8.712612
8.509955
8.290118
8.052343
7.795917
7.520162
7.224462
6.993349
6.896048
6.896048
6.896048
6.896048
6.896048
6.896048
6.896048
6.733049
6.567529
6.399848
6.23038
6.059505
5.88762
5.715113
5.54237
5.369771
5.197686
5.026468
4.856462
4.687986
4.521339
4.356808
4.194636
4.035059
3.878284
3.724493
3.573846
3.426477
3.2825
3.142012
3.005074
2.87175
2.742071
2.616058
2.493715
2.375031
2.259995
2.148568
2.040712
1.936377
1.835508
1.738041
1.643913
1.553052
1.465375
1.380813
1.299281
1.220699
1.144989
1.072063
1.001838
0.934227
0.86916
0.806543
0.746298
0.779484
0.84233
0.936892
1.045215
1.157758
1.269733
1.381098
1.491825
1.601881
1.711232
1.819856
1.927715
2.034785
2.141041
2.246456
2.351008
2.454674
2.557432
2.659262
2.760146
2.860068
2.959009
3.056955
3.153893
3.24981
3.344694
3.438536
3.531327
3.623058
3.713723
3.803315
3.891831
3.979266
4.065618
4.150885
4.235065
4.307015
4.366855
4.414682
4.450575
4.474588
4.486772
4.487147
4.475713
4.452449
4.417319
4.370262
4.311204
4.24005
4.156681
4.060983
3.952803
3.832008
3.698439
3.551921
3.392303
3.219418
3.033119
2.833253
2.619679
2.3923
2.151016
1.89577
1.626541
1.343355
1.046287
0.735448
0.427513
0.492755
0.557261
0.621037
0.684088
0.746421
0.80804
0.868951
0.916992
0.952186
0.974541
0.965636
0.904791
0.83173
0.74644
0.64891
0.539125
0.417079
0.282769
0.136184
-0.022644
-0.193677
-0.376863
-0.572144
-0.779408
-0.998535
-1.229351
-1.471665
-1.725229
-1.989763
-2.26492
-2.550319
-2.845487
-2.891911
-2.891911
-2.891911
-2.891911
-2.891911
-2.891911
-2.891911
-2.891911
-2.891911
-2.891911
-2.891911
-2.891911
-2.891911
-2.891911
-2.891911
-2.891911
-2.891911
-2.891911
-2.891911
-2.891911
-2.891911
-2.891911
-2.891911
-2.891911
-2.892291
-2.905346
-2.930556
-2.967465
-3.016037
-3.076225
-3.147962
-3.231153
-3.325723
-3.431536
-3.548463
-3.676342
-3.814983
-3.964179
-4.123685
-4.29322
-4.472486
-4.661117
-4.858725
-5.064874
-5.279077
-5.500789
-5.69992
-5.71896
-5.71896
-5.71896
-5.71896
-5.71896
-5.71896
-5.71896
-5.71896
-5.72049
-5.734684
-5.759083
-5.793629
-5.838244
-5.892829
-5.957241
-6.031332
-6.114905
-6.379257
-6.646536
-6.915475
-7.184776
-7.453092
-7.719057
-7.981274
-8.238331
-8.488799
-8.731231
-8.964187
-9.186209
-9.395854
-9.591672
-9.772228
-9.936095
-10.081856
-10.208115
-10.313492
-10.396635
-10.456218
-10.490949
-10.496039
-10.498996
-10.499998
-10.499218
-10.496817
-10.492955
-10.487778
-10.481426
-10.474033
-10.465722
-10.456607
-10.446795
-10.436387
-10.425474
-10.41414
-10.402463
-10.390512
-10.378353
-10.366044
-10.353639
-10.341184
-10.328722
-10.318029
-10.310085
-10.304807
-10.302289
-10.302573
-10.305635
-10.311398
-10.319721
-10.330414
-10.343228
-10.357862
-10.373954
-10.391098
-10.40883
-10.426631
-10.443936
-10.460123
-10.474523
-10.486413
-10.495023
-10.499534
-10.499215
-10.498832
-10.498391
-10.497903
-10.497374
-10.496807
-10.496212
-10.495594
-10.494956
-10.494303
-10.493654
-10.493506
-10.493811
-10.494534
-10.495593
-10.496861
-10.498162
-10.499276
-10.499934
-10.499999
-10.499991
-10.499969
-10.499932
-10.499884
-10.499826
-10.49976
-10.499685
-10.499604
-10.499518
-10.499428
-10.499333
-10.499236
-10.499137
-10.499035
-10.498932
-10.49883
-10.498725
-10.498621
-10.498518
-10.498415
-10.498313
-10.498212
-10.498113
-10.498014
-10.497917
-10.497823
-10.497729
-10.497638
-10.497549
-10.497461
-10.497376
-10.497293
-10.497212
-10.497133
-10.497056
-10.496983
-10.496909
-10.496839
-10.496771
-10.496704
-10.496639
-10.496576
-10.496516
-10.496457
-10.496401
-10.496346
-10.496292
-10.496242
-10.496192
-10.496144
-10.496098
-10.496054
-10.49601
-10.495969
-10.495929
-10.494905
-10.494905
-10.494906
-10.494906
-10.494904
-10.494906
-10.494904
-10.494904
-10.494904
-10.494904
-10.494904
-10.494904
-10.4949
-10.494905
-10.494904
-10.494905
-10.494904
-10.494905
-10.494905
-10.494904
-10.4949
-10.494904
-10.494904
-10.494904
-10.4949
-10.494904
-10.494904
-10.494904
-10.494904
-10.494904
-10.4949
-10.494904
-10.494904
-10.4949
-10.494904
-10.494904
-10.4949
-10.4949
-10.494904
-10.494904
-10.4949
-10.494904
-10.494904
-10.4949
-10.4949
-10.494902
-10.494902
-10.4949
-10.4949
-10.494898
-10.494898
-10.494902
-10.4949
-10.494898
-10.494898
-10.4949
-10.494898
-10.494901
-10.4949
-10.4949
-10.494898
-10.4949
-10.4949
-10.4949
-10.494896
-10.4949
-10.494898
-10.4949
-10.494898
-10.494898
-10.494896
-10.494898
-10.494896
-10.494898
-10.494898
-10.494896
-10.494898
-10.494898
-10.494896
-10.494898
-10.494898
-10.494896
-10.494898
-10.494898
-10.494896
-10.494896
-10.494896
-10.494896
-10.494896
-10.494896
-10.494896
-10.494905
-10.494886
-10.493999
-10.491601
-10.488756
-10.486135
-10.483929
-10.482285
-10.481304
-10.481049
-10.481539
-10.482741
-10.484587
-10.486959
-10.489697
-10.492593
-10.487696
-10.481588
-10.474286
-10.465803
-10.456159
-10.44537
-10.433457
-10.42044
-10.406339
-10.391175
-10.374973
-10.357754
-10.341661
-10.327046
-10.314213
-10.303416
-10.294864
-10.288718
-10.285096
-10.284062
-10.28564
-10.289803
-10.296477
-10.305542
-10.316826
-10.330117
-10.345145
-10.361598
-10.379115
-10.397276
-10.415627
-10.433652
-10.450788
-10.466426
-10.479901
-10.490505
-10.497474
-10.5
-10.497225
-10.48825
-10.472123
-10.447859
-10.414429
-10.370764
-10.315772
-10.248325
-10.167274
-10.071448
-9.959676
-9.83077
-9.683556
-9.516863
-9.329549
-9.120507
-8.88868
-8.63305
-8.352693
-8.046746
-7.714472
-7.35523
-6.96852
-7.01989
-7.070404
-7.120074
-7.167412
-7.208542
-7.223926
-7.068518
-6.911275
-6.752571
-6.592778
-6.432277
-6.271426
-6.110599
-5.950142
-5.790401
-5.631695
-5.474332
-5.318597
-5.164756
-5.013053
-4.863697
-4.716896
-4.572823
-4.43162
-4.293428
-4.158355
-4.026482
-3.897886
-3.772618
-3.650719
-3.532207
-3.417083
-3.305355
-3.197
-3.091992
-2.9903
-2.891877
-2.796677
-2.704643
-2.615715
-2.529833
-2.446923
-2.366921
-2.289746
-2.215333
-2.143599
-2.074473
-2.007878
-1.943742
-1.881983
-1.834558
-1.801426
-1.782524
-1.777788
-1.787142
-1.81051
-1.8478
-1.898913
-1.963752
-2.042178
-2.134087
-2.095871
-2.059129
-2.023807
-1.989862
-1.957233
-1.925877
-1.895751
-1.866795
-1.83898
-1.812253
-1.786576
-1.761907
-1.738208
-1.715445
-1.693579
-1.672576
-1.652403
-1.633029
-1.61442
-1.596548
-1.579384
-1.562901
-1.547073
-1.531869
-1.517274
-1.503255
-1.489794
-1.476867
-1.464453
-1.452534
-1.441092
-1.430104
-1.419553
-1.409419
-1.399692
-1.390352
-1.381386
-1.372776
-1.364509
-1.356569
-1.348948
-1.341634
-1.334606
-1.327862
-1.321388
-1.315171
-1.3092
-1.303469
-1.297967
-1.292685
-1.287613
-1.282747
-1.27807
-1.273581
-1.269274
-1.26514
-1.261166
-1.257356
-1.253696
-1.250182
-1.246805
-1.24357
-1.240461
-1.237476
-1.234607
-1.231858
-1.229215
-1.226679
-1.224245
-1.221908
-1.219664
-1.168425
-1.054169
-0.938058
-0.821893
-0.705709
-0.58955
-0.473464
-0.357486
-0.241668
-0.12604
-0.010656
0.104455
0.219244
0.333675
0.447707
0.561304
0.674428
0.741273
0.778728
0.792772
0.716207
0.642482
0.571503
0.503187
0.437448
0.374203
0.313368
0.254863
0.198606
0.14452
0.092525
0.042554
-0.005476
-0.051628
-0.095971
-0.138581
-0.179513
-0.218831
-0.256602
-0.292881
-0.327727
-0.361189
-0.393326
-0.424189
-0.453826
-0.482287
-0.509613
-0.535851
-0.561042
-0.585231
-0.608455
-0.630755
-0.652159
-0.672714
-0.692446
-0.711392
-0.729578
-0.747035
-0.763796
-0.779887
-0.795334
-0.810166
-0.824399
-0.838065
-0.851185
-0.807617
-0.701195
-0.585037
-0.468956
-0.352985
-0.237168
-0.121555
-0.006175
0.108922
0.223697
0.338111
0.45213
0.565709
0.678814
0.791408
0.903455
1.014922
1.125775
1.235981
1.267925
1.174269
1.083913
0.996769
0.912759
0.831796
0.753797
0.678676
0.606345
0.53672
0.469714
0.405241
0.343224
0.283572
0.226211
0.171061
0.118038
0.067073
0.018092
-0.02898
-0.074213
-0.117676
-0.159428
-0.19954
-0.238071
-0.275082
-0.310633
-0.344774
-0.377562
-0.409048
-0.439286
-0.468323
-0.496207
-0.522976
-0.548683
-0.573365
-0.597065
-0.619817
-0.641659
-0.662631
-0.682766
-0.702097
-0.720657
-0.718333
-0.679644
-0.602285
-0.486187
-0.3702
-0.254359
-0.138711
-0.023293
0.091847
0.206674
0.321145
0.435221
0.54887
0.662048
0.77472
0.88685
0.998406
1.109352
1.219656
1.329288
1.438216
1.546413
1.653849
1.760499
1.866337
1.971339
2.075482
2.106761
1.985532
1.868052
1.754284
1.644185
1.537704
1.434783
1.335356
1.239353
1.146701
1.057319
0.971126
0.888045
0.807983
0.73086
0.656591
0.585082
0.516255
0.450024
0.386301
0.325005
0.26605
0.209365
0.154863
0.10247
0.05211
0.003708
-0.042803
-0.087495
-0.130432
-0.171685
-0.211314
-0.249383
-0.285944
-0.321063
-0.354792
-0.387185
-0.418292
-0.44816
-0.476844
-0.504387
-0.530833
-0.556229
-0.520005
-0.441587
-0.354962
-0.275861
-0.20919
-0.154989
-0.113291
-0.084122
-0.067515
-0.063489
-0.07207
-0.093291
-0.127172
-0.173717
-0.232972
-0.304932
-0.389621
-0.487025
-0.597161
-0.720009
-0.855529
-1.003705
-1.164452
-1.337701
-1.523341
-1.721231
-1.931196
-2.153039
-2.386483
-2.631232
-2.886927
-3.153182
-3.429517
-3.715371
-4.01013
-4.313106
-4.62352
-4.9405
-5.26307
-5.590191
-5.92069
-6.253291
-6.586602
-6.919134
-7.249274
-7.575303
-7.895386
-8.207563
-8.509776
-8.799853
-9.075527
-9.334441
-9.318835
-9.405561
-9.487615
-9.56508
-9.638044
-9.706629
-9.770965
-9.831189
-9.887461
-9.940269
-9.993951
-10.047271
-10.099833
-10.151224
-10.201015
-10.248752
-10.293962
-10.336151
-10.374795
-10.409355
-10.439255
-10.450386
-10.460067
-10.468412
-10.475537
-10.481547
-10.48654
-10.490608
-10.493836
-10.496305
-10.498089
-10.499255
-10.499868
-10.499987
-10.499998
-10.49981
-10.498956
-10.496604
-10.492373
-10.485785
-10.476384
-10.463647
-10.447013
-10.425883
-10.399315
-10.366869
-10.328256
-10.281975
-10.227635
-10.164454
-10.091625
-10.01393
-9.931437
-9.911638
-9.896982
-9.894117
-9.938489
-9.979895
-10.018498
-10.054457
-10.087922
-10.119042
-10.147961
-10.174812
-10.199732
-10.222842
-10.244262
-10.264103
-10.282475
-10.299479
-10.315205
-10.329748
-10.34319
-10.355609
-10.36708
-10.377671
-10.387444
-10.396466
-10.404786
-10.41246
-10.419536
-10.426056
-10.432065
-10.437602
-10.442701
-10.447399
-10.451722
-10.455702
-10.459366
-10.462736
-10.465837
-10.468688
-10.471312
-10.473722
-10.475939
-10.477976
-10.479847
-10.481565
-10.483145
-10.484594
-10.485926
-10.487146
-10.488267
-10.489295
-10.490238
-10.491102
-10.491894
-10.49262
-10.493285
-10.493895
-10.494452
-10.494963
-10.495428
-10.495855
-10.496245
-10.496602
-10.496926
-10.497224
-10.497496
-10.497743
-10.497967
-10.498173
-10.49836
-10.498528
-10.498683
-10.498822
-10.498949
-10.499065
-10.499169
-10.499264
-10.49935
-10.499425
-10.499495
-10.499557
-10.499613
-10.499663
-10.499708
-10.499748
-10.499136
-10.497225
-10.494016
-10.489513
-10.483727
-10.476656
-10.468312
-10.458707
-10.447846
-10.435746
-10.422419
-10.407878
-10.392138
-10.375219
-10.357136
-10.33791
-10.317559
-10.296104
-10.273567
-10.249971
-10.22534
-10.199696
-10.173064
-10.14547
-10.116939
-10.087496
-10.057171
-10.025988
-10.006075
-10.042299
-10.076035
-10.107429
-10.136622
-10.163612
-10.188811
-10.212203
-10.233903
-10.254025
-10.272676
-10.289952
-10.305954
-10.320765
-10.334475
-10.347157
-10.358886
-10.36973
-10.379756
-10.38902
-10.397581
-10.405488
-10.412793
-10.419538
-10.425766
-10.431516
-10.436822
-10.441721
-10.44624
-10.450412
-10.454261
-10.457811
-10.461086
-10.464108
-10.466894
-10.469465
-10.471836
-10.474022
-10.476038
-10.477897
-10.479609
-10.481191
-10.482648
-10.483991
-10.485229
-10.486371
-10.487424
-10.488394
-10.489288
-10.490113
-10.490873
-10.491574
-10.49222
-10.492815
-10.493364
-10.493869
-10.494336
-10.494766
-10.495162
-10.495527
-10.495864
-10.496173
-10.49646
-10.496723
-10.496966
-10.497189
-10.497396
-10.497585
-10.497762
-10.497922
-10.498071
-10.498208
-10.498334
-10.498451
-10.498558
-10.498657
-10.498749
-10.498833
-10.49891
-10.498981
-10.499047
-10.499107
-10.499164
-10.499215
-10.499263
-10.499308
-10.499347
-10.499384
-10.499418
-10.49945
-10.499479
-10.499506
-10.499531
-10.499553
-10.499574
-10.499593
-10.499611
-10.499627
-10.499642
-10.499657
-10.499669
-10.499681
-10.499692
-10.499702
-10.499711
-10.49972
-10.499728
-10.499735
-10.499743
-10.499748
-10.499754
-10.499759
-10.499763
-10.49982
-10.49982
-10.49982
-10.49982
-10.499172
-10.49723
-10.493992
-10.489465
-10.483655
-10.476565
-10.468205
-10.458585
-10.447711
-10.451769
-10.455513
-10.458966
-10.462152
-10.465091
-10.467801
-10.470301
-10.47276
-10.474883
-10.476584
-10.477785
-10.478442
-10.478248
-10.476604
-10.473198
-10.467661
-10.459522
-10.448457
-10.433765
-10.414969
-10.391636
-10.362835
-10.328032
-10.286528
-10.237587
-10.180438
-10.114292
-10.038327
-9.951704
-9.853566
-9.743032
-9.619231
-9.481266
-9.328253
-9.159318
-8.973593
-8.770229
-8.54841
-8.326112
-8.094238
-7.845625
-7.599344
-7.671161
-7.739732
-7.805183
-7.867651
-7.927267
-7.984146
-8.038423
-8.0902
-8.139602
-8.179073
-8.208886
-8.229261
-8.240353
-8.242287
-8.235124
-8.218878
-8.193521
-8.158965
-8.115089
-8.061727
-7.998667
-7.925657
-7.842412
-7.748608
-7.643896
-7.52789
-7.400184
-7.26036
-7.107964
-6.942546
-6.763638
-6.570784
-6.594224
-6.616683
-6.638204
-6.658829
-6.678592
-6.697535
-6.715688
-6.733088
-6.749766
-6.765752
-6.781112
-6.7958
-6.80988
-6.823382
-6.836328
-6.848736
-6.860638
-6.87205
-6.88299
-6.893483
-6.903122
-6.911491
-6.918612
-6.924499
-6.929165
-6.932632
-6.934911
-6.936023
-6.936087
-6.93869
-6.945434
-6.956105
-6.979393
-7.010601
-7.049271
-7.095201
-7.148154
-7.20787
-7.284092
-7.38499
-7.492263
-7.605613
-7.724704
-7.849137
-7.978468
-8.036832
-8.101845
-8.173319
-8.251013
-8.334662
-8.42394
-8.51847
-8.617841
-8.721578
-8.829164
-8.940015
-9.053509
-9.168956
-9.285608
-9.402667
-9.519265
-9.634481
-9.747319
-9.85673
-9.961598
-10.060747
-10.152938
-10.127081
-10.125923
-10.15385
-10.17979
-10.203874
-10.22622
-10.246946
-10.266155
-10.283954
-10.300438
-10.315701
-10.329824
-10.342893
-10.354979
-10.366156
-10.376485
-10.386033
-10.394855
-10.403003
-10.410529
-10.417479
-10.423896
-10.42982
-10.435287
-10.440334
-10.44499
-10.449286
-10.45325
-10.456906
-10.460278
-10.463389
-10.466257
-10.468903
-10.471341
-10.473591
-10.475663
-10.477575
-10.479679
-10.482464
-10.485612
-10.488942
-10.492236
-10.495241
-10.497658
-10.499157
-10.499368
-10.497879
-10.494246
-10.493718
-10.493186
-10.492647
-10.492107
-10.491567
-10.491029
-10.490493
-10.489962
-10.489437
-10.488916
-10.488404
-10.487902
-10.487408
-10.486921
-10.486445
-10.485978
-10.485523
-10.485079
-10.484645
-10.484221
-10.483809
-10.483409
-10.483018
-10.48264
-10.482272
-10.481968
-10.481616
-10.481277
-10.480947
-10.480628
-10.48032
-10.480021
-10.479733
-10.479453
-10.479183
-10.478923
-10.47867
-10.478428
-10.478193
-10.477966
-10.476946
-10.475077
-10.472263
-10.46837
-10.463217
-10.456581
-10.448203
-10.43778
-10.424965
-10.409374
-10.39058
-10.368119
-10.341482
-10.341138
-10.340808
-10.340489
-10.340183
-10.33989
-10.339607
-10.339336
-10.339077
-10.338826
-10.332787
-10.33279
-10.332788
-10.332787
-10.332787
-10.332784
-10.332782
-10.332782
-10.33278
-10.332779
-10.332778
-10.332776
-10.33277
-10.332772
-10.332772
-10.332769
-10.332769
-10.332767
-10.332767
-10.332763
-10.332762
-10.332764
-10.332762
-10.332762
-10.332757
-10.33276
-10.332757
-10.332754
-10.332752
-10.332752
-10.332752
-10.332752
-10.332751
-10.332749
-10.332747
-10.332747
-10.332745
-10.332742
-10.332742
-10.332741
-10.332737
-10.327724
-10.316129
-10.29874
-10.277873
-10.256792
-10.23671
-10.218685
-10.203003
-10.189897
-10.179568
-10.172169
-10.167807
-10.166553
-10.168429
-10.173416
-10.181452
-10.192426
-10.206185
-10.222532
-10.241225
-10.261971
-10.284431
-10.308227
-10.332918
-10.358025
-10.383015
-10.40731
-10.430279
-10.451235
-10.458259
-10.44831
-10.437378
-10.425483
-10.412651
-10.398908
-10.386077
-10.374493
-10.364438
-10.35615
-10.349815
-10.345575
-10.343526
-10.34371
-10.346123
-10.350717
-10.357389
-10.365998
-10.376344
-10.388184
-10.401225
-10.415128
-10.429498
-10.443895
-10.457832
-10.470769
-10.482114
-10.49123
-10.49743
-10.499976
-10.498086
-10.49093
-10.477305
-10.450983
-10.383401
-10.285402
-10.155916
-9.993995
-9.79883
-9.733174
-9.666286
-9.59842
-9.529803
-9.460665
-9.391218
-9.321667
-9.252197
-9.182984
-9.114192
-9.045959
-8.978429
-8.91171
-8.84592
-8.781148
-8.717476
-8.654977
-8.593714
-8.533735
-8.475086
-8.417794
-8.361892
-8.307396
-8.254323
-8.202672
-8.15245
-8.10365
-8.056273
-8.010293
-7.965707
-7.922491
-7.880635
-7.840103
-7.80088
-7.762938
-7.726251
-7.690794
-7.656532
-7.62344
-7.591493
-7.560656
-7.530896
-7.502185
-7.474494
-7.447795
-7.17106
-7.151721
-7.123978
-7.100798
-7.085469
-7.079123
-7.081784
-7.093446
-7.11407
-7.114936
-7.119203
-7.132479
-7.15474
-7.185935
-7.225977
-7.274759
-7.332136
-7.397921
-7.471893
-7.553807
-7.643368
-7.564399
-7.48478
-7.404546
-7.323732
-7.242376
-7.160512
-7.08611
-7.021044
-6.965022
-6.918246
-6.880877
-6.853058
-6.834896
-6.826448
-6.82777
-6.838858
-6.859696
-6.890222
-6.930363
-6.97999
-7.038941
-7.107039
-7.184049
-7.269707
-7.363707
-7.465701
-7.5753
-7.692072
-7.815518
-7.945112
-8.080265
-8.220329
-8.364608
-8.512331
-8.662675
-8.814756
-8.967617
-9.12023
-9.271513
-9.420303
-9.565375
-9.705427
-9.839097
-9.967444
-10.098145
-10.214674
-10.313662
-10.393423
-10.452303
-10.488479
-10.499961
-10.484927
-10.441504
-10.367892
-10.372268
-10.376431
-10.380512
-10.384631
-10.388664
-10.39261
-10.396362
-10.400144
-10.403734
-10.407352
-10.410891
-10.414346
-10.417722
-10.42102
-10.424144
-10.426815
-10.401134
-10.372075
-10.339849
-10.304689
-10.266823
-10.226496
-10.183947
-10.139416
-10.093144
-10.045366
-9.996308
-9.345504
-9.334009
-9.317117
-9.295331
-9.269117
-9.240941
-9.211401
-9.180778
-9.149407
-9.117602
-9.085362
-9.052691
-9.019205
-8.985282
-8.950916
-8.916116
-8.880873
-8.845196
-8.809084
-8.772538
-8.735562
-8.698157
-8.660328
-8.622072
-8.583397
-8.544304
-8.505241
-8.464505
-8.423345
-8.381762
-8.33976
-8.297347
-8.254522
-8.211293
-8.167665
-8.123638
-8.079222
-8.034421
-7.989239
-7.951666
-7.921859
-7.899943
-7.886013
-7.880122
-7.854465
-7.833774
-7.821213
-7.816845
-7.820706
-7.832805
-7.853102
-7.881539
-7.918024
-7.96242
-8.014561
-8.07424
-8.141218
-8.21522
-8.295911
-8.382927
-8.475854
-8.574238
-8.677567
-8.785275
-8.896759
-9.011352
-9.12833
-9.246912
-9.366264
-9.485476
-9.438912
-9.391654
-9.34373
-9.295169
-9.246002
-9.196261
-9.145973
-9.101261
-9.062433
-9.029745
-9.003403
-8.983582
-8.970407
-8.963964
-8.964293
-8.971397
-8.985234
-9.00573
-9.03275
-9.066133
-9.105664
-9.151085
-9.203881
-9.264467
-9.341026
-9.435424
-9.538507
-9.713181
-9.873768
-10.01897
-10.147495
-10.258065
-10.349416
-10.420294
-10.469469
-10.495731
-10.497901
-10.474828
-10.425398
-10.348549
-10.243259
-10.108581
-9.943623
-9.747588
-9.519756
-9.259512
-8.966367
-8.639954
-8.280031
-7.886533
-7.459573
-6.999419
-6.50656
-5.981696
-5.425763
-4.839939
-4.225661
-4.163617
-4.103769
-4.046063
-3.990434
-3.936821
-3.885169
-3.835412
-3.787491
-3.741351
-3.69693
-3.65417
-3.613023
-3.573424
-3.535329
-3.498683
-3.46343
-3.429531
-3.396931
-3.365584
-3.335446
-3.306473
-3.278622
-3.251849
-3.226115
-3.20138
-3.17761
-3.154768
4.489108
2.527254
2.44037
2.343654
2.246937
2.15022
2.053503
1.958288
1.8718
1.793433
1.746632
1.69899
1.650542
1.601318
1.551351
1.50067
1.449303
1.397278
1.344623
1.291359
1.237515
1.31413
1.26365
1.21317
1.16269
1.11221
1.06173
1.01125
0.96077
0.925821
0.917728
1.506642
1.463013
1.433235
1.405945
1.380903
1.358019
1.337206
1.318382
1.301466
1.286384
1.27306
0.805918
0.727471
0.649449
0.571835
0.494612
0.417766
0.341281
0.265143
0.187761
0.067063
-0.053328
-0.173425
-0.29324
-0.412783
-0.532067
-0.651099
-0.769891
-0.888453
-1.066882
-1.197252
-1.327622
-1.457993
-1.589694
-1.731625
-1.857025
-1.968271
-2.079589
-2.190974
-2.302426
-2.413942
-2.525517
-2.63715
-2.74884
-2.860583
-2.972378
-3.084221
-3.222568
-3.364499
-3.50643
-3.648361
-3.790292
-3.932223
-4.074154
-4.216086
-4.358017
-0.565438
-0.705958
-0.847892
-0.989824
-1.131756
-1.273687
-1.415619
-1.55755
-1.588825
-1.586125
-1.584689
-1.584467
-1.58541
-1.587473
1.797811
1.710321
1.625637
1.538361
1.447396
1.358913
1.272814
0.627
0.530279
0.435957
0.35759
0.297562
0.237223
0.176585
0.115661
0.05446
-0.007006
-0.068725
-0.130689
-0.231549
-0.339183
-0.447033
-0.55509
-0.663347
-0.771793
-0.880424
-0.98923
-1.098205
-1.207343
-1.316636
0.256273
0.19018
0.124017
0.057789
-0.008503
-0.101323
-0.212947
-0.324627
-0.43636
-0.548146
-0.659981
-0.771864
0.141717
0.074429
0.00712
-0.092534
-0.205094
-0.317674
-0.430271
-0.542886
-0.655517
-0.768164
0.161027
0.122114
0.083201
0.040775
0.071584
0.102317
0.132977
0.163567
0.194089
0.224547
0.254943
0.28528
0.315559
0.377435
0.327445
0.243322
0.159199
0.06363
-0.045496
-0.177946
-0.309618
-0.440545
-0.570755
-0.700279
-0.829142
-0.957372
-1.084993
-1.212031
-1.338509
-1.46445
-1.589874
-1.714801
-1.839252
-1.963247
-1.260009
-0.571361
-0.688098
-0.482045
-0.596427
-0.710754
-0.367375
-0.482528
-0.597596
-0.746835
-0.880281
-0.874284
-0.869683
-0.866422
-0.864448
-0.86371
-0.864157
-0.865743
-0.868422
-0.872149
-1.007078
-1.149014
-1.29095
-1.407015
-1.50574
-1.605038
-1.704884
-1.805258
-1.906137
-2.036048
-2.177984
-2.238766
-2.192775
-2.14978
-2.109662
-2.072304
-2.037596
-2.005434
-1.975713
-1.948338
-1.923215
-1.900255
-1.879369
-1.860474
-1.84349
-1.828344
-1.814961
-1.803269
-1.793201
-1.784692
-1.777679
-1.772106
-1.76791
-1.765038
-1.763439
-1.758442
-1.74958
-1.736367
-1.718326
-1.69497
-1.665806
-1.630354
-1.588104
-1.538576
-1.481267
-1.41568
-1.341322
-1.257703
-1.164331
-1.060733
-0.946438
-0.820982
-0.683936
-0.534881
-0.37341
-0.360751
-0.348632
-0.337024
-0.325908
-0.315269
-0.30508
-0.295326
-0.285993
-0.277064
-0.268518
-0.260341
-0.25252
-0.245037
-0.237886
-0.231045
-0.224511
-0.218264
-0.212295
-0.20659
-0.201145
-0.195946
-0.190985
-0.186248
-0.182591
-0.179939
-0.177303
-0.173998
-0.170321
-0.166824
-0.163499
-0.160335
-0.157325
-0.154469
-0.151519
-0.147963
-0.144833
-0.141823
-0.138927
-0.136146
-0.133473
-0.130902
-0.128434
-0.12606
-0.123783
-0.121592
-0.119642
-0.117627
-0.115686
-0.113818
-0.112023
-0.110292
-0.108625
-0.107012
-0.10545
-0.10394
-0.102477
-0.068511
-0.068461
-0.068402
-0.068337
-0.068263
-0.068178
-0.067562
-0.055254
-0.029624
0.007986
0.057501
0.11885
0.192136
0.277907
0.37588
0.486052
0.608412
0.742938
0.889581
0.890318
0.891002
0.891636
0.892222
0.892759
0.893257
0.893718
0.894142
0.894533
0.896697
0.912789
0.940907
0.980985
1.03299
1.096847
1.172488
1.25984
1.358803
1.469245
1.591022
1.72401
1.868055
2.022961
2.188502
2.364503
2.550689
2.74672
2.95224
3.166868
3.390171
3.62167
3.860844
4.105896
4.354418
4.522726
4.508883
4.494666
4.480084
4.465145
4.449865
4.448749
4.468061
4.486084
4.502887
4.518542
4.53311
4.546669
4.55927
4.570973
4.581844
4.59193
4.601285
4.60995
4.617981
4.625424
4.632316
4.638693
4.644593
4.650051
4.655098
4.659765
4.664079
4.668063
4.671747
4.675149
4.67829
4.681193
4.683869
4.683683
4.677537
4.670722
4.663374
4.655499
4.647108
4.638206
4.628808
4.618918
4.608546
4.597753
4.587242
4.577982
4.569142
4.561689
4.561283
4.578754
4.605972
4.642773
4.688962
4.744334
4.808637
4.881605
4.903855
4.924633
4.944017
4.962086
4.978915
4.994577
5.033592
5.144885
5.255066
5.353537
5.46096
5.576717
5.700437
5.831727
5.970695
6.11658
6.268703
6.426714
6.589853
6.757935
6.930108
7.105453
7.283201
7.462549
7.642633
7.822545
8.003258
8.182225
8.360697
8.535054
8.704107
8.867243
9.022902
9.171016
9.357259
9.432408
9.499732
9.491167
9.480629
9.468294
9.454349
9.438958
9.422287
9.404497
9.385733
9.366134
9.345834
9.324955
9.30361
9.281905
9.25994
9.237802
9.21557
9.193323
9.171123
9.149033
9.127102
9.105384
9.083914
9.062738
9.088114
9.06622
9.044719
9.023604
9.00286
8.982477
8.962433
8.942719
8.923319
8.904222
8.885404
8.866822
8.854865
8.850759
8.853902
8.864248
8.881712
8.906164
8.937434
8.975302
9.019515
9.069769
9.125725
9.186993
9.25314
9.323684
9.407585
9.500524
9.599877
9.710522
9.829165
9.946997
10.057903
10.15998
10.251463
10.330924
10.397073
10.448128
10.458429
10.465295
10.466626
10.461259
10.455716
10.450038
10.444305
10.438443
10.432529
10.426593
10.422145
10.419324
10.418217
10.418847
10.421189
10.425159
10.43062
10.437384
10.445206
10.453794
10.452369
10.449299
10.446261
10.443262
10.440305
10.437394
10.434534
10.431727
10.428977
10.426286
10.423654
10.421503
10.421305
10.422691
10.425619
10.429992
10.43567
10.442468
10.450147
10.458427
10.466982
10.475437
10.483372
10.49032
10.49577
10.499164
10.4999
10.499943
10.499972
10.49999
10.499999
10.499998
10.49999
10.499975
10.499953
10.499928
10.499896
10.499861
10.499823
10.499781
10.499737
10.49969
10.499642
10.499595
10.5
10.499407
10.497375
10.493396
10.48702
10.477736
10.464992
10.448196
10.426728
10.399922
10.367088
10.327499
10.280397
10.225
10.198637
10.171192
10.14269
10.113153
10.082605
10.051071
10.018579
9.985153
10.015847
10.044579
10.071463
10.096617
10.120148
10.142157
10.16274
10.181992
10.199995
10.216832
10.23258
10.247311
10.26109
10.27398
10.285342
10.294679
10.302034
10.307455
10.310983
10.312662
10.312534
10.310641
10.307025
10.301726
10.294785
10.286242
10.276138
10.264511
10.251402
10.236847
10.220888
10.203562
10.184906
10.164964
10.143768
10.121356
10.097769
10.073041
10.047212
10.020316
9.992391
9.963473
9.933597
9.902797
9.871114
9.838577
9.805223
9.852633
9.896959
9.938365
9.977011
10.013049
10.046632
10.077905
10.107005
10.13407
10.159228
10.1826
10.204304
10.224449
10.24314
10.260475
10.276547
10.291446
10.305249
10.318038
10.330857
10.343713
10.356563
10.369322
10.381857
10.393995
10.405511
10.41614
10.425568
10.433439
10.439355
10.443802
10.44812
10.452103
10.455773
10.459158
10.462276
10.465152
10.467801
10.470243
10.47249
10.474563
10.476471
10.47823
10.479848
10.481338
10.48271
10.483974
10.485139
10.486056
10.486677
10.486917
10.486652
10.485712
10.483886
10.480919
10.476514
10.47624
10.476681
10.477083
10.47745
10.475864
10.476245
10.476597
10.476919
10.477218
10.477492
10.477745
10.477979
10.478195
10.478393
10.478576
10.478744
10.478899
10.479043
10.479175
10.479297
10.479408
10.479511
10.479608
10.480608
10.48067
10.47965
10.477334
10.473728
10.468837
10.462665
10.45522
10.446508
10.436541
10.425329
10.412883
10.399217
10.384346
10.369638
10.356677
10.343392
10.327919
10.310108
10.290008
10.267668
10.243141
10.216487
10.187766
10.157041
10.124375
10.089843
10.053509
10.015449
9.975732
9.934435
9.891633
9.847397
9.801805
9.75493
9.707452
9.683686
9.73011
9.787091
9.840408
9.890224
9.936708
9.980028
10.020349
10.057834
10.092645
10.124936
10.154862
10.182567
10.176367
10.154791
10.131708
10.107194
10.081311
10.054132
10.025716
9.996128
9.965425
9.933665
9.900902
9.86719
9.832577
9.797112
9.760844
9.723818
9.686073
9.743177
9.796678
9.846741
9.89353
9.937214
9.977955
10.015913
10.051247
10.084107
10.114644
10.142999
10.169307
10.193701
10.216303
10.40039
10.409154
10.417476
10.425356
10.432792
10.439782
10.446328
10.452425
10.458073
10.463271
10.468018
10.472313
10.476154
10.479539
10.48247
10.484945
10.486964
10.488524
10.489628
10.490047
10.491882
10.494926
10.496655
10.497074
10.109699
9.7143
9.334998
8.971152
8.622143
8.287375
7.96628
7.658313
7.362947
7.079677
6.80802
6.547513
6.297706
6.33027
6.434453
6.557967
6.681479
6.803226
6.91302
7.023081
7.133397
7.243958
7.354754
7.465778
7.577018
7.68813
7.799089
7.909973
8.020825
8.131639
8.242485
8.35339
8.464542
8.575583
8.686976
8.800902
8.914984
9.029165
9.143439
9.257805
9.372257
9.486794
9.60141
9.716104
9.83087
9.945707
10.060614
10.175586
10.290619
10.405714
10.462344
10.465661
10.468663
10.471384
10.473847
10.476076
10.478088
10.479902
10.481538
10.483007
10.484326
10.485507
10.486561
10.487509
10.488461
10.489419
10.490338
10.491137
10.491679
10.491788
10.491235
10.489749
10.487008
10.48789
10.488708
10.489466
10.489328
10.488328
10.486293
10.482385
10.476547
10.469086
10.460145
10.448557
10.434026
10.41607
10.394176
10.367791
10.336329
10.299165
10.276605
10.255707
10.240449
10.256529
10.271522
10.285503
10.298539
10.310697
10.322033
10.332607
10.342469
10.35167
10.360255
10.368268
10.375746
10.383104
10.38888
10.393265
10.396226
10.397724
10.39819
10.397861
10.396687
10.394804
10.391991
10.388476
10.384564
10.379225
10.371946
10.362338
10.349046
10.36094
10.371916
10.382045
10.391388
10.400002
10.407942
10.415259
10.422001
10.428211
10.433928
10.439191
10.444034
10.448489
10.452589
10.485215
10.488738
10.49178
10.494344
10.496427
10.498034
10.499162
10.499813
10.499984
10.499183
10.497078
10.493677
10.488978
10.482992
10.475725
10.467185
10.457381
10.446325
10.43403
10.420508
10.405775
10.389848
10.372741
10.354474
10.335067
10.314539
10.29291
10.270204
10.246441
10.221645
10.195844
10.169058
10.19374
10.216642
10.237885
10.257578
10.275826
10.292727
10.308373
10.322855
10.336255
10.348647
10.360106
10.370697
10.380485
10.389529
10.397882
10.405597
10.412722
10.419298
10.425367
10.43097
10.43614
10.440909
10.445311
10.449368
10.452373
10.455851
10.459062
10.462023
10.464754
10.467273
10.469596
10.471739
10.473715
10.475535
10.477216
10.478763
10.480192
10.481508
10.482722
10.483841
10.484872
10.485822
10.4867
10.487508
10.488253
10.488939
10.489573
10.490155
10.490693
10.491189
10.491646
10.492067
10.492455
10.492813
10.493142
10.493447
10.493727
10.493985
10.494224
10.494442
10.494644
10.494831
10.495003
10.495161
10.495306
10.495441
10.495565
10.495679
10.495786
10.495881
10.495971
10.496054
10.49613
10.4962
10.496265
10.496324
10.497023
10.496424
10.49453
10.491343
10.486868
10.481108
10.474069
10.465761
10.45619
10.445369
10.433309
10.420022
10.405522
10.389828
10.372952
10.354916
10.335734
10.315431
10.294022
10.271532
10.247984
10.266871
10.28437
10.300578
10.315583
10.32947
10.342317
10.354199
10.365188
10.375345
10.384732
10.393406
10.40142
10.408821
10.415656
10.421968
10.427794
10.433173
10.438137
10.442718
10.446946
10.450845
10.454445
10.457765
10.460827
10.463652
10.466257
10.468659
10.470875
10.472919
10.474803
10.476541
10.478142
10.479619
10.480982
10.482237
10.483395
10.484461
10.485445
10.486351
10.487187
10.487957
10.488669
10.489325
10.489927
10.494689
10.495934
10.496711
10.497023
10.497023
10.495752
10.493186
10.489274
10.484035
10.477457
10.469584
10.472145
10.474407
10.476285
10.477579
10.478072
10.477628
10.476256
10.474013
10.470842
10.46673
10.461822
10.456065
10.449372
10.441837
10.433471
10.428668
10.427463
10.434123
10.440225
10.446115
10.452871
10.459993
10.467261
10.474419
10.481174
10.487206
10.492152
10.495619
10.497175
10.496356
10.496031
10.495612
10.495112
10.494538
10.493904
10.493217
10.492485
10.491714
10.490914
10.490089
10.489246
10.488388
10.48752
10.486645
10.485769
10.484891
10.484017
10.485601
10.487795
10.489803
10.491628
10.493345
10.494898
10.496203
10.497304
10.498202
10.498898
10.4994
10.499692
10.499772
10.49964
10.499297
10.498744
10.49796
10.496958
10.495737
10.494337
10.493588
10.495313
10.496713
10.497822
10.498668
10.499278
10.499679
10.49989
10.499934
10.499578
10.497804
10.494623
10.490038
10.484057
10.476666
10.467783
10.457155
10.444396
10.42947
10.412137
10.392131
10.369149
10.342857
10.312889
10.286081
10.280087
10.290143
10.299334
10.307726
10.315381
10.322357
10.328709
10.334484
10.339731
10.344492
10.348806
10.352712
10.355203
10.355525
10.353811
10.349933
10.34372
10.334963
10.323405
10.308764
10.2907
10.268842
10.242778
10.212059
10.176198
10.13467
10.086913
10.032332
9.9703
9.900156
9.899315
9.898463
9.897601
9.896735
9.895868
9.903024
9.9357
9.97238
10.008545
10.043406
10.076951
10.109179
10.140086
10.169671
10.197933
10.224873
10.250491
10.274794
10.297781
10.319462
10.340533
10.362664
10.384868
10.40666
10.426306
10.44079
10.451885
10.461767
10.470453
10.477959
10.484302
10.489501
10.493282
10.49575
10.497156
10.497792
10.49798
10.497352
10.491481
10.481257
10.465654
10.443049
10.413377
10.376093
10.330637
10.276438
10.212915
10.139479
10.055532
9.960474
9.853701
9.734607
9.609504
9.47481
9.329638
9.171151
8.998719
8.813141
8.614074
8.4012
8.190765
7.994806
7.806287
7.632421
7.522228
7.469571
7.434784
7.429262
7.422999
-2.380439
-2.322087
-2.264212
-2.206795
-2.149818
-2.093262
-2.037113
-1.981353
-1.834959
-1.737821
-1.639006
-1.519293
-1.38555
-1.252735
-1.120431
-0.988126
-0.856287
-0.723983
-0.591678
-0.459839
-0.327534
-0.193791
-0.061951
0.070353
0.204096
0.337839
0.471582
0.605325
0.739069
0.872812
0.961934
1.009229
0.988946
0.971333
0.95628
0.943686
0.933453
0.925487
0.919695
0.915993
0.914295
0.914522
0.916597
0.920446
0.925998
0.933184
0.967244
1.008455
1.051112
1.095157
1.140536
1.187194
1.235081
1.284146
1.334345
1.38563
1.437958
1.491288
1.54558
1.600794
1.656895
1.713847
1.771615
1.830168
1.889473
1.949501
2.010222
2.07161
2.133636
2.236416
2.357446
2.501181
2.656703
2.814059
2.97325
3.132439
3.291629
3.451692
3.610883
3.770073
3.929262
4.089325
4.248515
4.407705
4.566895
4.726958
4.887021
5.046211
5.206275
5.365464
5.525527
5.66376
5.795706
5.873948
5.864346
5.858223
5.85544
5.855862
5.859362
5.865818
5.87511
5.887125
5.901753
5.918893
5.93844
5.960301
5.984383
6.010594
6.038855
6.069077
6.101187
6.135109
6.170766
6.208094
6.247023
6.287488
6.329432
6.372791
6.417513
6.463539
6.510819
6.559304
6.608943
6.659691
6.711503
6.764339
6.818156
6.872914
6.928577
6.985107
7.042472
7.100639
7.15957
7.219241
7.27962
7.254681
7.226659
7.198837
7.170825
7.142629
7.114234
7.085648
7.056865
7.027887
6.998716
6.96935
6.939791
6.910048
6.880118
6.85001
6.819727
6.789271
6.758652
6.780216
6.800078
6.818348
6.835124
6.850501
6.864574
6.877437
6.889171
6.899854
6.909572
6.918385
6.926373
6.933595
6.940109
6.945973
6.951225
6.94665
6.932586
6.908978
6.875749
6.832791
6.779979
6.717156
6.644149
6.560752
6.466747
6.361897
6.245931
6.118598
6.071785
6.071764
6.071659
6.071468
6.071207
6.070877
6.070495
6.070061
6.06959
6.074772
6.129132
6.216389
6.306807
6.396398
6.486053
6.57481
6.662646
6.749538
6.835464
6.920397
7.004313
7.087208
7.164716
7.240266
7.31382
7.38536
7.45487
7.522334
7.58858
7.651907
7.683
7.611259
7.540493
7.470721
7.401959
7.334213
7.267492
7.2018
7.137131
7.073483
7.010847
6.949218
6.888583
6.828929
6.77024
6.712505
6.655704
6.599822
6.544835
6.539848
6.533999
6.527384
6.520094
6.512208
6.503813
6.494989
6.48579
6.476285
6.466538
6.456594
6.446511
6.43243
6.394897
6.345738
6.287253
6.219748
6.143216
6.057345
5.961949
5.856835
5.741789
5.616593
5.482343
5.353105
5.350666
5.347903
5.344859
5.341578
5.338083
5.334414
5.330601
5.32667
5.322648
5.318553
5.314409
5.31023
5.306037
5.301842
5.29766
5.293499
5.289371
5.285287
5.311753
5.362903
5.441588
5.530053
5.621829
5.713902
5.806129
5.907558
6.018898
6.139906
6.269219
6.406466
6.551251
6.703131
6.861625
6.948927
7.030528
7.111027
7.190413
7.248546
7.270151
7.208569
7.148769
7.090735
7.03393
6.968066
6.894557
6.813171
6.723652
6.625738
6.519157
6.403614
6.278814
6.144446
6.000209
5.845776
5.680838
5.505066
5.318142
5.119765
4.909622
4.687429
4.452914
4.205812
3.945908
3.672992
3.386896
3.087496
2.774711
2.747251
2.720849
2.695477
2.671097
2.647672
2.625167
2.603544
2.582601
2.562027
2.541933
2.522304
2.503109
2.484327
2.465943
2.447933
2.430289
2.41298
2.395992
2.379308
2.362917
2.346799
2.330948
2.315344
2.299976
2.284834
2.26991
2.255183
2.240648
2.226299
2.212121
2.209673
2.207107
2.204455
2.20172
2.198922
2.196086
2.193209
2.190315
2.187408
2.184496
2.181598
2.178711
2.164768
2.218579
2.286243
2.351368
2.40684
2.450279
2.48167
2.500999
2.508233
2.503349
2.486301
2.457036
2.415499
2.361634
2.295358
2.216594
2.125263
2.021274
1.904541
1.774977
1.632499
1.477033
1.308507
1.126873
0.932082
0.724116
0.502997
0.268752
0.021458
-0.238782
-0.511794
-0.797382
-1.095278
-1.405144
-1.726585
-2.059107
-2.402145
-2.755049
-3.117088
-3.487384
-3.864988
-4.248814
-4.637671
-5.030214
-5.425019
-5.820496
-6.214916
-6.606429
-6.993021
-7.372587
-7.742855
-8.101445
-8.445839
-8.800484
-9.238086
-9.61751
-9.848464
-9.907336
-9.962176
-10.013133
-10.060379
-10.104078
-10.144404
-10.181533
-10.215639
-10.246891
-10.275463
-10.301517
-10.32522
-10.346723
-10.366179
-10.38373
-10.399519
-10.413671
-10.426313
-10.437563
-10.447532
-10.45632
-10.464028
-10.470747
-10.476562
-10.48155
-10.485787
-10.489345
-10.492279
-10.494656
-10.496525
-10.497938
-10.498941
-10.499578
-10.499884
-10.499897
-10.49965
-10.499174
-10.498494
-10.497686
-10.496669
-10.495519
-10.494249
-10.492883
-10.491491
-10.490682
-10.490426
-10.490746
-10.491611
-10.492934
-10.494586
-10.496378
-10.498075
-10.499392
-10.499993
-10.499496
-10.497472
-10.493438
-10.494169
-10.494832
-10.495431
-10.49597
-10.496456
-10.496894
-10.497287
-10.49764
-10.497954
-10.498236
-10.498487
-10.49871
-10.498905
-10.499081
-10.499232
-10.499367
-10.499482
-10.499583
-10.49967
-10.499743
-10.499804
-10.499856
-10.499898
-10.499881
-10.499789
-10.499566
-10.499107
-10.498264
-10.496844
-10.494612
-10.49464
-10.494831
-10.495012
-10.495182
-10.495342
-10.495493
-10.495636
-10.495771
-10.495898
-10.496021
-10.496134
-10.496243
-10.496345
-10.496442
-10.496533
-10.49662
-10.496703
-10.496134
-10.494264
-10.491099
-10.486641
-10.480895
-10.473867
-10.465567
-10.456004
-10.445186
-10.433126
-10.41984
-10.405338
-10.389639
-10.372759
-10.354714
-10.335526
-10.347995
-10.359527
-10.370191
-10.380049
-10.38979
-10.398182
-10.405933
-10.413093
-10.419704
-10.425808
-10.431443
-10.41785
-10.403049
-10.387054
-10.369885
-10.351558
-10.332091
-10.311506
-10.289822
-10.267063
-10.24325
-10.262584
-10.280499
-10.297091
-10.312457
-10.326676
-10.339836
-10.352006
-10.363261
-10.373666
-10.383285
-10.392171
-10.400381
-10.407966
-10.41497
-10.421438
-10.427409
-10.432922
-10.438009
-10.442704
-10.447038
-10.451036
-10.454724
-10.458128
-10.461267
-10.464161
-10.466832
-10.469296
-10.471568
-10.473662
-10.475594
-10.477376
-10.479017
-10.480533
-10.481928
-10.483214
-10.484402
-10.485496
-10.479093
-10.471415
-10.462471
-10.452271
-10.440825
-10.428145
-10.414248
-10.399146
-10.382833
-10.380395
-10.389481
-10.397915
-10.405688
-10.412867
-10.419496
-10.425616
-10.431267
-10.436482
-10.441296
-10.445738
-10.449838
-10.453618
-10.457107
-10.460325
-10.463295
-10.466033
-10.468558
-10.470887
-10.473035
-10.475016
-10.476843
-10.478145
-10.477427
-10.474993
-10.471089
-10.465796
-10.459129
-10.451102
-10.441728
-10.431024
-10.419003
-10.405686
-10.391091
-10.375237
-10.364352
-10.373738
-10.382447
-10.390528
-10.398025
-10.404982
-10.411437
-10.417426
-10.422986
-10.428145
-10.432934
-10.43738
-10.441506
-10.445338
-10.448897
-10.452203
-10.455275
-10.458129
-10.46078
-10.463246
-10.465538
-10.467669
-10.469652
-10.471498
-10.473215
-10.474813
-10.476301
-10.477689
-10.47898
-10.480185
-10.481306
-10.482353
-10.48333
-10.484696
-10.484714
-10.483385
-10.480716
-10.476711
-10.471382
-10.46474
-10.456788
-10.447542
-10.437016
-10.42522
-10.412173
-10.39789
-10.382389
-10.365686
-10.347802
-10.328757
-10.341635
-10.353553
-10.364576
-10.374771
-10.384198
-10.392913
-10.400968
-10.408411
-10.415289
-10.421642
-10.427513
-10.432936
-10.437943
-10.442567
-10.446838
-10.450781
-10.454423
-10.457784
-10.460888
-10.463752
-10.466397
-10.468839
-10.471093
-10.473174
-10.475095
-10.476868
-10.478504
-10.480016
-10.481409
-10.482698
-10.483887
-10.484984
-10.485996
-10.486933
-10.487796
-10.488594
-10.48933
-10.49001
-10.490639
-10.491219
-10.491755
-10.492249
-10.492707
-10.493759
-10.494122
-10.494457
-10.494764
-10.495049
-10.495311
-10.495553
-10.495775
-10.49598
-10.496169
-10.496344
-10.496504
-10.496653
-10.496789
-10.496915
-10.497029
-10.497137
-10.497235
-10.497326
-10.49741
-10.497487
-10.497558
-10.497623
-10.497684
-10.49774
-10.49779
-10.497838
-10.497882
-10.497922
-10.497958
-10.497993
-10.498025
-10.498053
-10.49808
-10.498105
-10.498128
-10.498149
-10.498168
-10.498186
-10.498202
-10.498218
-10.498231
-10.498244
-10.498257
-10.498267
-10.498277
-10.498247
-10.497932
-10.497325
-10.496539
-10.495682
-10.4948
-10.493995
-10.49317
-10.492377
-10.491639
-10.490748
-10.489428
-10.487597
-10.485095
-10.481706
-10.477158
-10.471189
-10.463496
-10.453728
-10.44149
-10.426346
-10.407806
-10.385347
-10.358393
-10.326331
-10.288501
-10.244206
-10.192706
-10.133227
-10.064957
-10.077754
-10.107719
-10.136441
-10.163929
-10.190197
-10.215257
-10.239121
-10.261806
-10.283327
-10.3037
-10.322941
-10.341068
-10.358099
-10.374051
-10.388946
-10.401136
-10.410938
-10.418621
-10.424404
-10.428466
-10.430931
-10.431876
-10.431334
-10.429285
-10.425667
-10.420361
-10.413203
-10.403988
-10.392453
-10.378292
-10.361153
-10.340633
-10.316288
-10.287626
-10.254109
-10.215157
-10.170147
-10.118416
-10.059261
-9.991941
-9.915689
-9.829696
-9.733129
-9.625131
-9.504822
-9.371314
-9.223701
-9.061075
-8.882541
-8.687191
-8.474154
-8.242579
-8.284861
-8.326334
-8.367014
-8.406913
-8.446045
-8.484424
-8.522062
-8.558974
-8.595171
-8.623706
-8.640397
-8.644097
-8.629595
-8.602612
-8.56257
-8.385749
-8.194869
-7.989507
-7.769289
-7.533891
-7.283041
-7.016512
-6.73414
-6.435823
-6.12151
-5.79122
-5.445018
-5.284905
-5.126478
-4.969999
-4.815724
-4.663863
-4.514622
-4.368172
-4.224664
-4.084236
-3.946995
-3.81303
-3.68241
-3.555191
-3.431405
-3.311076
-3.194208
-3.080799
-2.97083
-2.864276
-2.761096
-2.661248
-2.56468
-2.471338
-2.381158
-2.294078
-2.210018
-2.128919
-2.050697
-1.975167
-1.902144
-1.831572
-1.763404
-1.697574
-1.634026
-1.572707
-1.513556
-1.456514
-1.401526
-1.348529
-1.297464
-1.248279
-1.200918
-1.155319
-1.111428
-1.069197
-1.028568
-0.989485
-0.951902
-0.915764
-0.881028
-0.847647
-0.815563
-0.784743
-0.755132
-0.726694
-0.699388
-0.673166
-0.64799
-0.623825
-0.600635
-0.578377
-0.557021
-0.536526
-0.516867
-0.498012
-0.479922
-0.462575
-0.445941
-0.429986
-0.414689
-0.400027
-0.385963
-0.372483
-0.359561
-0.347177
-0.335304
-0.323921
-0.313015
-0.30256
-0.29254
-0.282934
-0.273729
-0.264909
-0.256454
-0.248349
-0.240584
-0.233141
-0.226002
-0.219168
-0.212613
-0.206329
-0.200304
-0.194527
-0.188991
-0.18368
-0.17859
-0.173707
-0.169023
-0.164533
-0.160224
-0.156091
-0.152126
-0.14832
-0.144669
-0.144313
-0.143903
-0.143442
-0.142931
-0.142373
-0.141773
-0.141132
-0.140454
-0.139741
-0.139003
-0.138237
-0.137447
-0.13664
-0.135814
-0.134978
-0.134131
-0.133276
-0.132419
-0.13156
-0.130701
-0.129846
-0.128996
-0.128151
-0.095362
-0.095704
-0.096024
-0.096324
-0.096597
-0.096855
-0.097093
-0.097315
-0.097521
-0.097711
-0.09789
-0.098051
-0.098203
-0.098343
-0.098472
-0.098592
-0.098703
-0.098806
-0.098901
-0.098989
-0.099068
-0.099144
-0.099214
-0.099276
-0.099335
-0.099391
-0.099441
-0.099486
-0.09953
-0.099569
-0.099606
-0.099639
-0.09967
-0.099699
-0.099725
-0.099748
-0.099772
-0.099793
-0.099812
-0.09983
-0.099846
-0.099861
-0.099874
-0.099887
-0.099899
-0.09991
-0.099918
-0.099929
-0.099937
-0.099945
-0.099952
-0.099959
-0.099965
-0.099969
-0.099976
-0.099979
-0.099985
-0.099989
-0.099993
-0.099996
-0.099999
-0.100002
-0.100004
-0.100008
-0.10001
-0.100012
-0.100014
-0.100016
-0.100017
-0.100019
-0.10002
-0.100024
-0.100025
-0.100024
-0.100025
-0.100026
-0.100027
-0.100028
-0.100028
-0.100029
-0.10003
-0.10003
-0.100031
-0.100031
-0.100032
-0.100032
-0.100032
-0.100033
-0.100024
-0.099999
-0.099962
-0.099914
-0.099852
-0.099779
-0.099694
-0.099596
-0.099487
-0.099366
-0.099234
-0.09909
-0.098934
-0.098768
-0.09859
-0.098402
-0.098203
-0.097994
-0.097774
-0.097545
-0.097305
-0.097057
-0.096799
-0.096531
-0.096255
-0.095971
-0.095678
-0.095377
-0.095069
-0.094753
-0.094429
-0.094099
-0.093762
-0.093418
-0.093068
-0.092713
-0.092351
-0.091984
-0.091612
-0.091236
-0.090854
-0.090468
-0.090078
-0.089684
-0.089287
-0.088886
-0.088482
-0.088075
-0.087665
-0.087252
-0.086837
-0.086421
-0.086002
-0.085581
-0.085159
-0.08475
-0.085703
-0.086611
-0.087474
-0.088293
-0.089068
-0.0898
-0.090492
-0.091144
-0.091757
-0.092333
-0.092874
-0.09338
-0.093855
-0.094299
-0.094713
-0.0951
-0.095461
-0.095798
-0.096111
-0.096402
-0.096673
-0.096924
-0.097158
-0.097375
-0.097309
-0.09706
-0.096802
-0.096535
-0.09626
-0.095975
-0.095683
-0.095382
-0.095073
-0.094757
-0.094434
-0.094104
-0.093767
-0.093423
-0.093074
-0.092718
-0.092357
-0.09199
-0.091618
-0.091241
-0.09086
-0.090474
-0.090084
-0.089953
-0.090636
-0.091279
-0.091884
-0.092453
-0.092986
-0.093486
-0.093953
-0.094391
-0.094799
-0.095181
-0.095536
-0.095867
-0.096175
-0.096462
-0.096729
-0.096976
-0.097206
-0.097419
-0.097617
-0.097801
-0.097971
-0.098128
-0.098274
-0.098409
-0.098533
-0.098649
-0.098756
-0.098854
-0.098945
-0.09903
-0.099108
-0.09918
-0.099246
-0.099307
-0.099364
-0.099416
-0.099464
-0.099509
-0.09955
-0.099588
-0.099623
-0.099655
-0.099685
-0.099712
-0.099738
-0.099761
-0.099783
-0.099803
-0.099821
-0.099838
-0.099853
-0.099868
-0.099881
-0.099893
-0.099904
-0.099915
-0.099924
-0.099933
-0.099941
-0.099949
-0.099956
-0.099962
-0.099968
-0.099973
-0.099978
-0.099983
-0.099987
-0.099991
-0.099995
-0.099998
-0.100001
-0.100004
-0.100006
-0.100009
-0.100011
-0.100013
-0.100015
-0.100017
-0.100018
-0.10002
-0.100021
-0.100022
-0.100023
-0.100024
-0.100025
-0.100026
-0.100027
-0.100028
-0.100029
-0.100029
-0.10003
-0.10003
-0.100031
-0.100031
-0.100032
-0.100032
-0.100033
-0.100033
-0.100033
-0.100034
-0.100034
-0.10003
-0.10001
-0.099978
-0.099934
-0.099877
-0.099808
-0.099728
-0.099635
-0.099666
-0.099695
-0.099722
-0.099746
-0.099769
-0.09979
-0.099809
-0.099827
-0.099843
-0.099859
-0.099873
-0.099885
-0.099897
-0.099908
-0.099918
-0.099928
-0.099936
-0.099944
-0.099951
-0.099958
-0.099964
-0.09997
-0.099975
-0.09998
-0.099984
-0.099989
-0.099992
-0.099996
-0.099999
-0.100002
-0.100005
-0.100007
-0.10001
-0.100012
-0.100014
-0.100016
-0.100017
-0.100019
-0.10002
-0.100021
-0.100023
-0.100024
-0.100025
-0.100026
-0.100027
-0.100027
-0.100028
-0.100029
-0.10003
-0.10003
-0.100031
-0.100031
