0.0
0.116
0.233
0.349
0.466
0.583
0.699
0.816
0.933
1.049
1.166
1.282
1.399
1.516
1.632
1.749
1.866
1.982
2.099
2.216
2.332
2.449
2.565
2.682
2.799
2.915
3.032
3.149
3.265
3.382
3.498
3.615
3.732
3.848
3.965
4.082
4.198
4.315
4.432
4.548
4.665
4.781
4.898
5.015
5.131
5.248
5.365
5.481
5.598
5.714
5.831
5.948
6.064
6.181
6.298
6.414001
6.531
6.648
6.764
6.881001
6.998
7.117
7.236001
7.355
7.475
7.594
7.714
7.833
7.953001
8.072001
8.192
8.311001
8.431001
8.55
8.67
8.789001
8.909
9.028001
9.148001
9.267
9.387
9.506001
9.626
9.745001
9.865001
9.984
10.104
10.223001
10.343
10.462001
10.581
10.584001
10.587001
10.59
10.593
10.596001
10.599001
10.601001
10.609
10.622001
10.64
10.665001
10.695001
10.731001
10.774
10.823001
10.879001
10.941001
11.01
11.085001
11.166
11.254001
11.347
11.445001
11.064
10.695001
10.337001
9.989
9.649
9.318001
8.993
8.675
8.363001
8.056001
7.754
7.456
7.162
6.872
6.584
6.3
6.018
5.778
5.547
5.325
5.112
4.907
4.711
4.522
4.341
4.168
4.001
3.84
2.694
2.593
2.494
2.397
2.302
2.208
2.116
2.025
1.936
1.849
1.763
1.678
1.595
1.513
1.433
1.355
1.278
1.201
1.127
1.053
0.98
0.909
0.838
0.768
0.699
0.631
0.564
0.498
0.423
0.327
0.232
0.137
0.044
-0.05
-0.142
-0.234
-0.326
-0.417
-0.507
-0.597
-0.687
-0.776
-0.864
-0.951
-1.035
-1.116
-1.194
-1.269
-1.34
-1.271
-1.203
-1.136
-1.071
-1.007
-0.944
-0.883
-0.831
-0.798
-0.766
-0.736
-0.706
-0.678
-0.651
-0.625
-0.6
-0.576
-0.553
-0.531
-0.51
-0.489
-0.47
-0.451
-0.433
-0.416
-0.399
-0.383
-0.431
-0.501
-0.571
-0.641
-0.71
-0.777
-0.841
-0.904
-0.963
-1.02
-1.073
-1.122
-1.167
-1.207
-1.242
-1.272
-1.296
-1.314
-1.324
-1.379
-1.324
-1.271
-1.22
-1.201
-1.153
-1.107
-1.063
-1.02
-0.979
-0.94
-0.903
-0.867
-0.832
-0.799
-0.767
-0.736
-0.707
-0.678
-0.651
-0.625
-0.6
-0.576
-0.553
-0.531
-0.51
-0.49
-0.47
-0.451
-0.433
-0.416
-0.399
-0.487
-0.575
-0.664
-0.754
-0.844
-0.935
-1.026
-1.117
-1.21
-1.302
-1.395
-1.489
-1.583
-1.677
-1.772
-1.867
-1.962
-2.058
-2.154
-2.25
-2.347
-2.444
-2.541
-2.637
-2.732
-2.825
-2.917
-3.006
-3.093
-3.178
-3.26
-3.338
-3.413
-3.483
-3.318
-3.157
-3.001
-2.849
-2.702
-2.559
-2.42
-2.323
-2.23
-2.141
-2.056
-1.973
-1.894
-1.819
-1.746
-1.674
-1.604
-1.535
-1.469
-1.403
-1.34
-1.278
-1.217
-1.159
-1.101
-1.046
-0.991
-1.058
-1.12
-1.199
-1.278
-1.356
-1.435
-1.514
-1.593
-1.672
-1.752
-1.831
-1.947
-2.089
-2.254
-2.419
-2.584
-2.749
-2.914
-3.074
-3.187
-3.167
-3.15
-3.137
-3.128
-2.992
-2.861
-2.734
-2.61
-2.491
-2.39
-2.294
-2.202
-2.114
-2.03
-1.949
-1.871
-1.796
-1.724
-1.655
-1.589
-1.525
-1.464
-1.405
-1.348
-1.292
-1.238
-1.185
-0.957
-0.868
-0.779
-0.69
-0.602
-0.499
-0.371
-0.241
-0.125
-0.033
-0.032
-0.031
-0.03
-0.029
-0.027
-0.026
-0.025
-0.024
-0.023
-0.022
-0.022
-0.021
-0.02
-0.019
-0.018
-0.018
-0.017
-0.016
-0.016
-0.015
-0.014
-0.014
-0.013
-0.013
-0.012
-0.012
-0.011
-0.011
-0.011
-0.01
-0.01
-0.009
-0.009
-0.009
-0.008
-0.008
-0.008
-0.007
-0.007
-0.007
-0.007
-0.006
-0.006
-0.006
-0.006
-0.006
-0.005
-0.005
-0.005
-0.005
-0.005
-0.004
-0.004
-0.003
-0.003
-0.002
-0.001
-0.001
0.0
0.001
-0.057
-0.114
-0.172
-0.23
-0.288
-0.374
-0.431
-0.488
-0.544
-0.601
-0.658
-0.714
-0.771
-0.828
-0.884
-0.938
-0.99
-1.038
-1.084
-1.126
-1.163
-1.197
-1.193
-1.12
-1.048
-0.978
-0.909
-0.841
-0.775
-0.71
-0.647
-0.585
-0.525
-0.467
-0.411
-0.356
-0.304
-0.253
-0.203
-0.156
-0.11
-0.067
-0.025
-0.024
-0.023
-0.022
-0.021
-0.02
-0.02
-0.019
-0.018
-0.017
-0.017
-0.016
-0.015
-0.015
-0.014
-0.014
-0.013
-0.013
-0.012
-0.012
-0.011
-0.011
-0.01
-0.008
-0.006
-0.004
-0.001
0.001
-0.1
-0.201
-0.298
-0.393
-0.484
-0.571
-0.653
-0.751
-0.85
-0.949
-1.048
-1.141
-1.197
-1.133
-1.07
-1.01
-0.952
-0.896
-0.841
-0.789
-0.3
-0.221
-0.141
-0.061
0.019
0.098
0.178
0.258
0.347
0.471
0.59
0.693
0.796
0.9
1.005
1.11
1.215
1.321
1.427
1.533
1.64
1.748
1.855
1.964
2.072
2.181
2.29
2.399
2.508
2.618
2.673
2.786
2.898
3.011
3.123
3.234
3.345
3.455
3.563
3.669
3.772
3.872
3.968
4.06
4.148
4.229
