0.0
0.0
0.0
0.0
0.0
0.0
0.0
0.0
0.116
0.233
0.349
0.466
0.583
0.699
0.816
0.933
1.05
1.166
1.283
1.399
1.516
1.585
1.522
1.461
1.403
1.346
1.293
1.241
1.191
1.144
1.098
1.054
1.012
0.971
0.932
0.895
0.859
0.825
0.792
0.405
0.335
0.265
0.195
0.125
0.055
-0.025
-0.142
-0.258
-0.375
-0.492
-0.608
-0.725
-0.842
-0.808
-0.776
-0.745
-0.715
-0.686
-0.659
-0.633
-0.351
-0.281
-0.211
-0.141
-0.071
-0.001
0.115
0.232
0.348
0.465
0.582
0.698
0.815
0.932
1.048
1.165
1.282
1.398
1.515
1.632
1.748
1.865
1.982
2.098
2.014
1.934
1.856
1.782
1.711
1.642
1.577
1.513
1.453
1.395
1.339
1.285
1.234
1.185
1.137
1.092
1.048
1.006
0.966
0.927
0.89
0.854
0.82
0.787
0.756
0.726
0.697
0.669
0.642
0.616
0.592
0.568
0.545
0.523
0.502
0.482
0.463
0.444
0.427
0.41
0.393
0.377
0.362
0.348
0.334
0.32
0.308
0.295
0.283
0.272
0.261
0.251
0.241
0.231
0.222
0.213
0.204
0.196
0.188
0.181
0.173
0.167
0.16
0.153
0.147
0.141
0.136
0.13
0.125
0.12
0.115
0.111
0.106
0.102
0.098
0.094
0.09
0.086
0.083
0.08
0.076
0.073
0.07
0.068
0.065
0.062
0.06
0.057
0.055
-0.062
-0.178
-0.295
-0.412
-0.528
-0.645
-0.762
-0.878
-0.995
-1.112
-1.228
-1.345
-1.462
-1.578
-1.665
-1.684
-1.617
-1.552
-1.49
-1.431
-1.373
-1.318
-0.745
-0.675
-0.605
-0.535
-0.465
-0.395
-0.325
-0.255
-0.185
-0.115
-0.045
0.043
0.159
0.276
0.393
0.509
0.626
0.743
0.859
0.915
0.879
0.843
0.81
0.777
0.746
0.716
0.688
0.66
0.634
0.608
0.584
0.561
0.538
0.517
0.496
0.476
0.457
0.439
0.421
0.404
0.388
0.372
0.358
0.343
0.33
0.316
0.304
0.291
0.28
0.269
0.258
0.247
0.238
0.228
0.219
0.21
0.202
0.076
0.006
-0.106
-0.223
-0.339
-0.456
-0.573
-0.689
-0.806
-0.923
-1.039
-1.156
-1.196
-1.148
-1.102
-1.058
-1.016
-0.975
-0.936
-0.544
-0.493
-0.423
-0.353
-0.283
-0.213
-0.143
-0.073
-0.003
0.112
0.229
0.346
0.462
0.579
0.696
0.812
0.929
1.046
1.162
1.279
1.396
1.512
1.629
1.746
1.862
1.979
2.096
2.212
2.329
2.446
2.513
2.412
2.315
2.223
2.134
2.049
1.967
1.888
1.812
1.74
1.67
1.603
1.539
1.478
1.419
1.362
0.788
0.718
0.648
0.578
0.508
0.438
0.368
0.298
0.228
0.158
0.088
0.018
-0.086
-0.202
-0.303
-0.291
-0.28
-0.268
-0.258
-0.247
-0.238
-0.228
-0.219
-0.21
-0.202
-0.194
-0.186
-0.179
-0.171
-0.165
-0.158
-0.152
-0.268
-0.385
-0.502
-0.618
-0.735
-0.852
-0.968
-1.085
-1.202
-1.318
-1.327
-1.274
-1.223
-1.174
-1.127
-1.082
-1.039
-0.997
-0.957
-0.919
-0.882
-0.847
-0.813
-0.781
-0.794
-0.911
-1.027
-1.144
-1.261
-1.377
-1.494
-1.611
-1.727
-1.844
-1.961
-1.882
-1.807
-1.735
-1.665
-1.599
-1.535
-1.474
-1.415
-1.358
-1.304
-1.252
-1.202
-1.154
-1.107
-1.063
-1.021
-0.98
-0.941
-0.525
-0.455
-0.385
-0.315
-0.245
-0.175
-0.105
-0.035
0.059
0.176
0.293
0.409
0.526
0.643
0.759
0.876
0.993
0.953
0.915
0.878
0.843
0.809
0.777
0.746
0.716
0.687
0.66
0.633
0.608
0.584
0.56
0.655
0.772
0.888
1.005
1.122
1.238
1.355
1.472
1.547
1.485
1.426
1.369
1.314
1.261
1.211
1.162
1.116
1.071
1.028
0.987
0.948
0.91
0.873
0.838
0.805
0.773
0.742
0.712
0.683
0.656
0.63
0.605
0.58
0.557
0.535
0.513
0.493
0.473
0.454
0.436
0.419
0.402
0.386
0.37
0.355
0.341
0.328
0.314
0.302
0.29
0.278
0.267
0.256
0.246
0.236
0.227
0.218
0.209
0.2
0.192
0.185
0.177
0.17
0.163
0.157
0.151
0.144
0.139
0.133
0.128
0.123
0.118
0.113
0.108
0.104
0.1
0.054
-0.027
-0.143
-0.26
-0.377
-0.493
-0.61
-0.727
-0.843
-0.96
-1.077
-1.193
-1.31
-1.427
-1.543
-1.66
-1.594
-1.53
-1.469
-1.41
-1.354
-1.299
-1.247
-1.198
-1.15
-1.104
-1.06
-1.017
-0.977
-0.938
-0.9
-0.864
-0.83
-0.796
-0.765
-0.734
-0.705
-0.676
-0.649
-0.623
-0.599
-0.575
-0.552
-0.53
-0.508
-0.488
-0.469
-0.45
-0.432
-0.415
-0.398
-0.382
-0.367
-0.352
-0.338
-0.325
-0.312
-0.299
-0.287
-0.276
-0.265
-0.254
-0.244
-0.234
-0.225
-0.216
-0.207
-0.199
-0.191
-0.184
-0.176
-0.169
-0.162
-0.156
