0.0
0.0
-0.001
-0.001
0.0
0.0
0.0
0.0
0.0
0.0
0.0
0.0
0.0
0.0
0.0
0.0
0.0
0.0
0.0
0.0
0.0
0.0
0.0
0.0
0.0
0.0
0.0
0.0
0.0
0.0
0.0
0.0
0.0
0.0
0.0
0.0
0.0
0.0
0.0
0.0
0.0
0.0
0.0
0.0
0.0
0.0
0.0
0.0
0.0
0.0
0.0
0.0
0.0
0.0
-0.001
0.0
0.0
0.0
0.0
0.0
0.0
0.0
0.0
0.0
0.0
0.0
0.0
0.0
0.0
0.0
0.0
-0.001
0.0
0.0
0.0
0.0
0.0
0.0
0.0
0.0
-0.001
0.0
0.0
0.0
0.0
0.0
0.0
0.0
0.0
-0.001
0.0
0.0
0.0
0.0
0.0
0.0
0.0
0.0
0.0
0.0
0.0
0.0
0.0
0.0
0.0
0.0
0.0
0.0
0.0
0.0
0.0
0.0
0.0
0.0
0.0
0.0
-0.001
0.0
0.0
0.0
0.0
0.0
0.0
0.0
0.0
0.0
0.0
0.0
0.0
0.0
0.0
0.0
0.0
0.0
0.0
0.0
0.0
0.0
0.0
0.0
0.0
0.0
0.0
0.0
0.0
0.0
-0.001
0.0
0.0
0.0
0.0
0.0
0.0
0.0
0.0
0.0
0.0
0.0
0.0
0.0
0.0
0.0
0.0
0.0
0.0
0.0
0.0
0.0
0.0
0.0
0.0
0.0
0.0
0.0
0.0
0.0
0.0
0.0
0.0
0.0
0.0
0.0
0.0
0.0
0.0
0.0
0.0
0.0
0.0
0.0
0.0
0.0
0.0
0.0
0.0
0.0
0.0
0.0
0.0
0.0
-0.013
-0.039
-0.078
-0.129
-0.192
-0.268
-0.356
-0.456
-0.568
-0.692
-0.827
-0.974
-1.132
-1.3
-1.48
-1.671
-1.872
-2.083
-2.304
-2.535
-2.775
-2.777
-2.779
-2.781
-2.783
-2.785
-2.787
-2.789
-2.791
-2.806
-2.833
-2.874
-2.927
-2.992
-3.069
-3.158
-3.259
-3.371
-3.495
-3.63
-3.776
-3.932
-4.098
-4.275
-4.462
-4.657
-4.862
-5.076
-5.298
-5.528
-5.766
-6.011
-6.262
-6.52
-6.784
-7.053
-7.326
-7.604001
-7.885
-8.168
-8.454
-8.742001
-9.030001
-9.318001
-9.605
-9.891001
-10.174001
-10.454
-10.731001
-11.002001
-11.267
-11.525001
-11.776001
-12.018001
-12.250001
-12.472
-12.682
-12.879001
-12.883
-12.888
-12.892
-12.896001
-12.900001
-12.904
-12.913001
-12.927001
-12.946001
-12.969001
-12.998
-13.030001
-13.066001
-13.106001
-13.149
-13.196001
-13.199
-13.203001
-13.206
-13.209001
-13.213
-13.216001
-13.219001
-13.223001
-13.226001
-13.229001
-13.232
-13.235001
-13.238001
-13.241
-13.244
-13.247001
-13.249001
-13.252001
-13.255001
-13.258
-13.26
-13.263
-13.266001
-13.268001
-13.271001
-13.273001
-13.276001
-13.278001
-13.281001
-13.283001
-13.285001
-13.288001
-13.290001
-13.292001
-13.294001
-13.297001
-13.299001
-13.305
-13.316001
-13.332001
-13.351001
-13.374001
-13.401001
-13.432001
-13.465001
-13.502001
-13.540001
-13.581
-13.624001
-13.668
-13.712001
-13.757001
-13.802001
-13.847001
-13.89
-13.931001
-13.971001
-13.972001
-13.974001
-13.976001
-13.977
-13.979001
-13.981001
-13.982
-13.984
-13.985001
-13.987
-13.988001
-13.990001
-13.991001
-13.993001
-13.994
-13.995001
-13.997001
-13.998001
-13.999001
-14.001
-14.002001
-14.003
-14.005001
-14.006001
-14.007001
-14.008
-14.01
-14.011001
-14.012001
-14.013
-14.014001
-14.015
-14.017
-14.018001
-14.019001
-14.02
-14.021001
-14.022
-14.023001
-14.024001
-14.025001
-14.026001
-14.027
-14.028001
-14.029
-14.030001
-14.033001
-14.038001
-14.044001
-14.053
-14.062
-14.074
-14.086
-14.099001
-14.113001
-14.126
-14.14
-14.153001
-14.165001
-14.175001
-14.176001
-14.177001
-14.178
-14.178
-14.179001
-14.18
-14.181001
-14.181001
-14.182001
-14.183001
-14.183001
-14.184001
-14.185
-14.185
-14.186001
-14.187
-14.187
-14.188001
-14.188001
-14.189001
-14.190001
-14.190001
-14.191001
-14.191001
-14.192
-14.192
-14.192
-14.191001
-14.190001
-14.187
-14.184001
-14.179001
-14.173
-14.165001
-14.165001
-14.166
-14.166
-14.167001
-14.167001
-14.167001
-14.168
-14.168
-14.169001
-14.169001
-14.170001
-14.170001
-14.170001
-14.171
-14.171
-14.172001
-14.172001
-14.172001
-14.173
-14.173
-14.174001
-14.173
-14.171
-14.168
-14.163001
-14.157001
-14.149001
-14.14
-14.128
-14.114
-14.097001
-14.077001
-14.055
-14.028001
-13.997001
-13.962001
-13.923
-13.877001
-13.827001
-13.769001
-13.77
-13.77
-13.77
-13.771001
-13.771001
-13.771001
-13.771001
-13.772
-13.772
-13.772
-13.772
-13.769001
-13.762001
-13.752001
-13.738001
-13.72
-13.699
-13.673
-13.644001
-13.610001
-13.610001
-13.610001
-13.610001
-13.610001
-13.611001
-13.611001
-13.611001
-13.611001
-13.611001
-13.612
-13.612
-13.612
-13.612
-13.612
-13.612
-13.613001
-13.609
-13.601001
-13.589001
-13.572001
-13.552001
-13.527
-13.498001
-13.464001
-13.425
-13.381001
-13.331
-13.276001
-13.215
-13.147
-13.073001
-12.992001
-12.903001
-12.807
-12.703001
-12.703001
-12.703001
-12.703001
-12.703001
-12.703001
-12.703001
-12.704
-12.704
-12.704
-12.704
-12.704
-12.704
-12.704
-12.704
-12.704
-12.705001
-12.705001
-12.705001
-12.705001
-12.705001
-12.705001
-12.705001
-12.712001
-12.724001
-12.743001
-12.767
-12.797001
-12.832001
-12.873
-12.918
-12.968
-13.021001
-13.079
-13.14
-13.204
-13.27
-13.338
-13.407001
-13.478001
-13.549001
-13.620001
-13.690001
-13.758
-13.825001
-13.825001
-13.825001
-13.825001
-13.825001
-13.826
-13.826
-13.826
-13.826
-13.826
-13.826
-13.826
-13.826
-13.826
-13.826
-13.826
-13.826
-13.826
-13.826
-13.826
-13.826
-13.827001
-13.827001
-13.830001
-13.837001
-13.846001
-13.859
-13.875001
-13.893001
-13.913001
-13.936001
-13.960001
-13.986001
-14.013
-14.040001
-14.067
-14.095
-14.121
-14.147
-14.170001
-14.192
-14.211
-14.226001
-14.238001
-14.245001
-14.247001
-14.244
-14.234
-14.218
-14.194
-14.162001
-14.121
-14.071001
-14.011001
-13.940001
-13.858001
-13.764001
-13.658001
-13.539001
-13.406001
-13.259001
-13.097001
-12.920001
-12.728001
-12.519001
-12.519001
-12.519001
-12.519001
-12.519001
-12.519001
-12.47
-12.422001
-12.375001
-12.328001
-12.281
-12.236001
-12.191001
-12.146001
-12.102
-12.059001
-12.016001
-11.974001
-11.939
-11.910001
-11.937
-11.97
-12.008
-12.052001
-12.101001
-12.154
-12.213
-12.275001
-12.341001
-12.411
-12.484
-12.559001
-12.637001
-12.716001
-12.796
-12.878
-12.959001
-13.040001
-13.120001
-13.198001
-13.275001
-13.348001
-13.364
-13.317
-13.271001
-13.225
-13.18
-13.136001
-13.092001
-13.049001
-13.006001
-12.964001
-12.923
-12.882001
-12.841001
-12.801001
-12.762001
-12.723001
-12.685
-12.647
-12.610001
-12.573001
-12.537001
-12.501
-12.466001
-12.431001
-12.397
-12.363001
-12.329
-12.296
-12.264001
-12.231001
-12.254001
-12.276001
-12.299001
-12.320001
-12.342001
-12.363001
-12.384001
-12.405001
-12.425
-12.445001
-12.465
-12.485001
-12.504001
-12.468
-12.434001
-12.399
-12.365001
-12.332001
-12.299001
-12.266001
-12.234
-12.202001
-12.171
-12.14
-12.109
-12.079
-12.05
-12.02
-11.991
-11.963
-11.935
-11.907001
-11.88
-11.852
-11.826
-11.799001
-11.774
-11.748
-11.723001
-11.698001
-11.673
-11.649
-11.625001
-11.601001
-11.578001
-11.555
-11.532001
-11.51
-11.488001
-11.466001
-11.444
-11.423
-11.402
-11.382001
-11.361001
-11.341001
-11.321
-11.302001
-11.282001
-11.263
-11.244
-11.226001
-11.207001
-11.189
-11.172001
-11.154
-11.137
-11.120001
-11.103001
-11.14
-11.178
-11.214001
-11.251
-11.286
-11.322001
-11.356001
-11.391001
-11.425
-11.458
-11.491
-11.524
-11.556001
-11.587001
-11.619
-11.650001
-11.68
-11.710001
-11.740001
-11.769001
-11.798
-11.826
-11.8
-11.774
-11.748
-11.723001
-11.698001
-11.674001
-11.649
-11.625001
-11.602
-11.578001
-11.555
-11.533001
-11.51
-11.488001
-11.466001
-11.445001
-11.478001
-11.511001
-11.543
-11.575001
-11.606001
-11.637
-11.668
-11.698001
-11.728001
-11.757001
-11.786
-11.815001
-11.843
-11.871
-11.899
-11.926001
-11.952001
-11.979001
-12.005
-12.031
-12.056001
-12.081
-12.106001
-12.13
-12.154
-12.178
-12.201
-12.224001
-12.247001
-12.27
-12.292001
-12.314
-12.335001
-12.356001
-12.377001
-12.398001
-12.419001
-12.439
-12.459001
-12.478001
-12.498
-12.517
-12.536
-12.554001
-12.573001
-12.591001
-12.609
-12.627001
-12.647
-12.669001
-12.694
-12.721001
-12.749001
-12.780001
-12.812
-12.846001
-12.880001
-12.915001
-12.951
-12.987
-13.022
-13.057
-13.091001
-13.123001
-13.153001
-13.18
-13.205001
-13.226001
-13.242001
-13.255001
-13.262001
-13.275001
-13.288001
-13.301001
-13.313001
-13.325001
-13.338
-13.35
-13.362
-13.373001
-13.385
-13.396001
-13.408001
-13.419001
-13.43
-13.441001
-13.451
-13.462001
-13.472001
-13.483001
-13.493001
-13.503
-13.514001
-13.525001
-13.536
-13.547001
-13.557001
-13.567
-13.577001
-13.585001
-13.592001
-13.601001
-13.610001
-13.618001
-13.627001
-13.635
-13.643001
-13.651001
-13.659
-13.667001
-13.675
-13.682001
-13.690001
-13.697001
-13.705001
-13.712001
-13.719001
-13.726001
-13.733001
-13.740001
-13.747001
-13.753
-13.76
-13.767
-13.773001
-13.779
-13.786
-13.792001
-13.798
-13.804001
-13.81
-13.816001
-13.821001
-13.827001
-13.833
-13.838
-13.844001
-13.849001
-13.854001
-13.860001
-13.865001
-13.870001
-13.875001
-13.880001
-13.885
-13.89
-13.894001
-13.899001
-13.904
-13.908001
-13.913001
-13.917001
-13.922001
-13.926001
-13.93
-13.935
-13.939001
-13.943001
-13.947001
-13.951
-13.955001
-13.959001
-13.963
-13.967001
-13.97
-13.974001
-13.978001
-13.981001
-13.985001
-13.988001
-13.992001
-13.995001
-13.999001
-14.002001
-14.005001
-14.009001
-14.012001
-14.015
-14.018001
-14.021001
-14.024001
-14.027
-14.030001
-14.033001
-14.036
-14.039001
-14.041
-14.044001
-14.047001
-14.05
-14.052001
-14.055
-14.057001
-14.06
-14.062
-14.065001
-14.067
-14.070001
-14.072001
-14.075001
-14.077001
-14.079
-14.081
-14.084001
-14.086
-14.088
-14.090001
-14.092001
-14.094001
-14.096001
-14.098001
-14.1
-14.102
-14.104001
-14.106001
-14.108001
-14.110001
-14.112
-14.114
-14.115001
-14.117001
-14.119
-14.121
-14.122001
-14.124001
-14.126
-14.127001
-14.129001
-14.131001
-14.132001
-14.134001
-14.135
-14.137001
-14.138
-14.14
-14.141001
-14.143001
-14.144001
-14.145
-14.147
-14.148001
-14.149001
-14.151001
-14.152
-14.250001
-14.347001
-14.441001
-14.533001
-14.623001
-14.711
-14.796
-14.880001
-14.963
-15.043001
-15.121
-15.199
-15.274001
-15.348001
-15.420001
-15.490001
-15.558001
-15.623001
-15.686001
-15.746
-15.802001
-15.854001
-15.902
-15.946001
-15.985001
-16.017
-16.044001
-16.064001
-16.077002
-16.081001
-16.078001
-16.065001
-16.042
-16.009001
-15.965001
-15.909
-15.840001
-15.759001
-15.663001
-15.554001
-15.429001
-15.464001
-15.499001
-15.533001
-15.566001
-15.599001
-15.630001
-15.661001
-15.692
-15.721001
-15.750001
-15.772
-15.786001
-15.793001
-15.793001
-15.785001
-15.769001
-15.746
-15.715001
-15.675001
-15.627001
-15.511001
-15.387001
-15.255001
-15.115001
-14.967001
-14.811001
-14.645
-14.47
-14.285001
-14.091001
-13.886001
-13.670001
-13.443001
-13.205001
-12.955001
-12.693001
-12.418
-12.131001
-11.831
-11.518001
-11.191001
-10.851001
-10.497001
-10.129001
-9.747001
-9.351001
-8.941
-8.517
-8.079
-7.626
-7.161
-6.681
-6.189
-5.683
-5.165
-4.634
-4.092
-3.539
-2.975
-2.401
-2.397
-2.393
-2.39
-2.386
-2.383
-2.379
-2.376
-2.373
-2.369
-2.366
-2.347
-2.314
-2.265
-2.203
-2.125
-2.034
-1.929
-1.81
-1.678
-1.532
-1.373
-1.202
-1.017
-0.821
-0.612
-0.391
-0.158
0.087
0.343
0.61
0.887
1.176
1.474
1.782
2.1
2.427
2.762
3.106
3.458
3.816
4.182
4.554
4.931
5.313
5.7
6.09
6.483
6.878
7.274
7.672
8.068001
8.464001
8.857
9.247001
9.633
10.014001
10.389001
10.757001
11.116
11.466001
11.806001
12.134001
12.450001
12.751
13.038001
13.308001
13.561001
13.796
14.011001
14.206
14.379001
14.530001
14.656001
14.758
14.835001
14.884001
14.907001
14.901001
14.866001
14.802001
14.708001
14.699
14.691001
14.683001
14.675001
14.667001
14.660001
14.652
14.644001
14.582001
14.52
14.460001
14.400001
14.340001
14.282001
14.224001
14.167001
14.111001
14.056001
14.001
13.948001
13.894001
13.842001
13.790001
13.739
13.689001
13.639001
13.590001
13.542001
13.494
13.447001
13.400001
13.354001
13.309001
13.265
13.221001
13.177001
13.134001
13.092001
13.05
13.009001
12.968
12.93
12.894001
12.861001
12.829
12.8
12.772
12.746
12.72
12.696001
12.673
12.650001
12.626
12.603001
12.578001
12.553
12.526001
12.496
12.465
12.431001
12.393001
12.352
12.306001
12.256001
12.200001
12.139001
12.072001
11.999001
11.971001
11.943001
11.916
11.89
11.863001
11.837001
11.812
11.786
11.762
11.737
11.713
11.689
11.665001
11.642
11.619
11.598001
11.580001
11.563001
11.549001
11.537001
11.526001
11.517
11.509001
11.502001
11.496
11.490001
11.484
11.478001
11.472
11.464001
11.455001
11.437
11.474001
11.511001
11.547001
11.583
11.618001
11.653001
11.687
11.721001
11.755
11.787001
11.820001
11.797001
11.773001
11.751
11.728001
11.706
11.684001
11.662001
11.641001
11.620001
11.599001
11.579
11.558001
11.538
11.519001
11.499001
11.48
11.461
11.442
11.424001
11.406
11.388
11.370001
11.353001
11.336
11.319
11.302001
11.285001
11.269001
11.253
11.237
11.221001
11.206
11.190001
11.175
11.161
11.146001
11.131001
11.173
11.213
11.254001
11.293
11.332001
11.371
11.409
11.391001
11.373
11.356001
11.339001
11.377001
11.415001
11.453
11.490001
11.526001
11.562
11.598001
11.753
11.905001
12.054001
12.199
12.341001
12.48
12.615001
12.748
12.877001
13.004001
13.128
13.249001
13.367001
13.483001
13.596001
13.706
13.814001
13.919001
14.023001
14.123001
14.222001
14.318001
14.412001
14.505001
14.594001
14.682001
14.768001
14.852
14.935
15.015
15.094001
15.172001
15.250001
15.326001
15.400001
15.474001
15.545001
15.615001
15.683001
15.748001
15.81
15.869
15.924001
15.975
16.022001
16.063002
16.099001
16.129002
16.151001
16.167
16.174002
16.172001
16.162001
16.141001
16.109001
16.066
16.012001
15.944001
15.863001
15.768001
15.658001
15.465001
15.259001
15.039001
14.805
14.555
14.291
14.01
13.714001
13.401001
13.071001
12.724001
12.360001
11.979001
11.580001
11.164001
10.73
10.278001
9.809
9.323001
8.820001
8.301001
7.764
7.212
6.645
6.063
5.466
4.856
4.234
3.6
2.954
2.299
1.636
0.964
0.286
-0.397
-1.083
-1.082
-1.081
-1.079
-1.078
-1.076
-1.075
-1.074
-1.072
-1.071
-1.07
-1.069
-1.067
-1.051
-1.02
-0.974
-0.913
-0.839
-0.75
-0.648
-0.532
-0.402
-0.26
-0.105
-0.105
-0.104
-0.104
-0.104
-0.104
-0.104
-0.104
-0.104
-0.104
-0.104
-0.104
-0.103
-0.103
-0.103
-0.103
-0.103
-0.103
-0.103
-0.103
-0.103
-0.103
-0.103
-0.103
-0.102
-0.102
-0.102
-0.102
-0.102
-0.102
-0.102
-0.102
-0.102
-0.102
-0.102
-0.102
-0.102
-0.102
-0.102
-0.101
-0.101
-0.101
-0.101
-0.101
-0.101
-0.101
-0.101
-0.101
-0.101
-0.101
-0.101
-0.101
-0.101
-0.101
-0.101
-0.101
-0.101
-0.102
-0.102
-0.103
-0.103
-0.104
-0.104
-0.105
-0.105
-0.106
-0.106
-0.107
-0.107
-0.107
-0.108
-0.108
-0.109
-0.109
-0.109
-0.11
-0.11
-0.11
-0.111
-0.111
-0.111
-0.112
-0.112
-0.112
-0.113
-0.113
-0.113
-0.114
-0.114
-0.114
-0.114
-0.115
-0.115
-0.115
-0.115
-0.116
-0.116
-0.116
-0.116
-0.116
-0.117
-0.116
-0.115
-0.115
-0.114
-0.114
-0.113
-0.113
-0.112
-0.112
-0.112
-0.112
-0.112
-0.113
-0.113
-0.113
-0.114
-0.113
-0.113
-0.113
-0.113
-0.113
-0.112
-0.112
-0.112
-0.112
-0.112
-0.111
-0.111
-0.111
-0.111
-0.111
-0.11
-0.11
-0.11
-0.11
-0.11
-0.11
-0.109
-0.109
-0.109
-0.109
-0.109
-0.109
-0.108
-0.108
-0.108
-0.108
-0.108
-0.108
-0.107
-0.107
-0.107
-0.106
-0.106
-0.105
-0.105
-0.104
-0.104
-0.103
-0.103
-0.102
-0.102
-0.102
-0.101
-0.101
-0.1
-0.1
-0.099
-0.099
-0.099
-0.098
-0.098
-0.097
-0.097
-0.097
-0.096
-0.096
-0.096
-0.095
-0.095
-0.095
-0.094
-0.094
-0.094
-0.094
-0.095
-0.095
-0.096
-0.097
-0.097
-0.098
-0.099
-0.099
-0.1
-0.1
-0.101
-0.101
-0.102
-0.103
-0.103
-0.104
-0.104
-0.105
-0.105
-0.105
-0.106
-0.106
-0.107
-0.107
-0.108
-0.108
-0.108
-0.109
-0.109
-0.11
-0.11
-0.11
-0.111
-0.111
-0.111
-0.112
-0.112
-0.112
-0.113
-0.113
-0.113
-0.113
-0.114
-0.114
-0.114
-0.115
-0.115
-0.115
-0.115
-0.116
-0.116
-0.133
-0.166
-0.216
-0.282
-0.365
-0.463
-0.577
-0.704
-0.846
-1.002
-1.171
-1.354
-1.551
-1.76
-1.981
-2.215
-2.46
-2.717
-2.985
-3.264
-3.552
-3.851
-4.159
-4.475
-4.8
-5.133
-5.473
-5.819
-6.172
-6.53
-6.893
-7.259
-7.630001
-8.002001
-8.376
-8.752001
-9.127001
-9.502001
-9.875
-9.859
-9.843
-9.828
-9.812
-9.797001
-9.782001
-9.768001
-9.753
-9.726001
-9.688001
-9.637
-9.575001
-9.501
-9.415001
-9.318001
-9.21
-9.09
-8.959001
-8.816
-8.662001
-8.496
-8.318001
-8.129001
-7.929
-7.716001
-7.492001
-7.256001
-7.008
-6.748
-6.476
-6.193
-6.186
-6.179
-6.172
-6.166
-6.159
-6.153
-6.147
-6.14
-6.12
-6.087
-6.04
-5.98
-5.907
-5.821
-5.722
-5.611
-5.487
-5.351
-5.202
-5.041
-4.868
-4.682
-4.484
-4.275
-4.053
-3.819
-3.573
-3.316
-3.047
-2.767
-2.475
-2.172
-2.171
-2.169
-2.168
-2.166
-2.164
-2.148
-2.118
-2.074
-2.015
-1.943
-1.858
-1.759
-1.647
-1.522
-1.384
-1.383
-1.382
-1.381
-1.381
-1.38
-1.379
-1.378
-1.377
-1.377
-1.361
-1.332
-1.289
-1.231
-1.16
-1.076
-0.978
-0.868
-0.744
-0.608
-0.459
-0.298
-0.124
0.061
0.258
0.467
0.687
0.918
1.16
1.413
1.675
1.948
2.231
2.523
2.823
3.133
3.45
3.775
4.108
4.447
4.792
5.143
5.499
5.86
6.224
6.591
6.960001
7.331
7.703001
8.075001
8.446
8.815001
9.182
9.545
9.903001
10.255
10.602
10.940001
11.27
11.59
11.899
12.196001
-8.019
5.855
-3.755
2.844
-1.728
1.413
-0.764
0.733
-0.304
0.409
-0.085
0.255
0.019
0.181
0.068
0.144
0.332
-0.04
0.15
0.337
0.522
0.704
0.885
1.062
1.238
1.411
1.581
1.75
1.916
2.08
2.241
2.401
2.558
2.714
2.867
3.018
3.167
3.314
3.459
3.601
3.74
3.878
4.013
4.145
4.275
4.401
4.525
4.646
4.763
4.877
4.987
5.094
5.212
5.329
5.444
5.558
5.67
5.78
5.89
5.997
6.104
6.208
6.312
6.414001
6.515
6.614
6.712
6.809
6.904
6.999001
7.092
7.183001
7.274
7.363
7.451
7.538001
7.624001
7.708
7.792
7.874001
7.956
8.036
8.115001
8.193001
8.27
8.346001
8.421
8.495001
8.568001
8.64
8.711
8.781
8.85
8.918
8.986
9.052
9.118
9.182
9.246
9.309
9.371
9.433001
9.493
9.553
9.612
9.67
9.727
9.784
9.84
9.895
9.949
10.003
10.055
10.106001
10.153001
10.198001
10.240001
10.279
10.314
10.347
10.376
10.402
10.423
10.441001
10.454
10.463
10.467001
10.465
10.458
10.445001
10.426001
10.400001
10.367001
10.326
10.278001
10.221001
10.156
10.082001
9.998
9.904
9.8
9.686001
9.56
9.423
9.274
9.113001
8.939
8.752001
8.553
8.34
8.113
7.872
7.618001
7.349
7.066
6.769001
6.457
6.131001
5.79
5.435
5.066
4.684
4.694
4.705
4.715
4.725
4.735
4.745
4.755
4.765
4.774
4.784
4.793
4.802
4.811
4.82
4.829
4.837
4.846
4.854
4.863
4.871
4.879
4.887
4.895
4.903
4.91
4.918
4.925
4.933
4.94
4.947
4.954
4.961
4.968
4.975
4.982
4.988
4.995
5.001
5.008
5.014
5.02
5.026
5.044
5.074
5.114
5.167
5.23
5.304
5.389
5.485
5.591
5.707
5.832
5.968
6.112
6.266
6.428
6.598001
6.777
6.963
7.156
7.356
7.562
7.774
7.991
8.214001
8.440001
8.67
8.904
9.14
9.378
9.617001
9.856001
9.864
9.872001
9.879001
9.886001
9.893001
9.900001
9.907001
9.923
9.948001
9.981001
10.023001
10.073001
10.131001
10.197001
10.271001
10.351001
10.439
10.533001
10.633
10.739
10.851001
10.967001
11.088
11.212001
11.341001
11.472
11.606001
11.742001
11.879001
12.016001
12.154
12.291
12.427001
12.561001
12.693001
12.821001
12.946001
13.065001
13.179001
13.287001
13.388
13.481001
13.565001
13.64
13.705001
13.759001
13.801001
13.830001
13.847001
13.849001
13.836
13.808001
13.764001
13.703001
13.624001
13.526001
13.410001
13.275001
13.120001
13.124001
13.128
13.133
13.137001
13.141001
13.145
13.154
13.167001
13.184001
13.205001
13.23
13.259001
13.291
13.326
13.364
13.404
13.447001
13.491
13.536
13.582001
13.629001
13.675
13.721001
13.766001
13.809001
13.85
13.888
13.922001
13.953001
13.979001
14.000001
14.015
14.023001
14.025001
14.018001
14.003
13.979001
13.945001
13.948001
13.951
13.953001
13.956
13.959001
13.961
13.964001
13.966001
13.969001
13.971001
13.974001
13.976001
13.979001
13.981001
13.983001
13.986001
13.988001
13.990001
13.992001
13.994
13.998001
14.003
14.01
14.018001
14.027
14.037001
14.047001
14.058001
14.069
14.071001
14.073001
14.075001
14.076
14.078001
14.080001
14.082001
14.084001
14.182001
14.279
14.374001
14.466001
14.557001
14.645
14.731001
14.816001
14.898001
14.979001
15.057001
15.134001
15.210001
15.283001
15.355
15.425001
15.495001
15.565001
15.633
15.702001
15.769001
15.835001
15.900001
15.964001
16.026001
16.086
16.141001
16.195002
16.247002
16.298
16.348001
16.397001
16.445002
16.493
16.539001
16.585001
16.629002
16.672001
16.714001
16.755001
16.795
16.834002
16.872002
16.909
16.945002
16.981001
17.016001
17.050001
17.083
17.115002
17.147001
17.178001
17.208
17.238001
17.267
17.295
17.323
17.35
17.377001
17.402
17.428001
17.385
17.343
17.301001
17.26
17.218
17.176001
17.134001
17.091002
17.047001
17.001001
16.953001
16.904001
16.868
16.832001
16.797001
16.763
16.728001
16.695002
16.662001
16.629002
16.597
16.565001
16.533001
16.502001
16.472
16.441
16.412001
16.382
16.353001
16.325001
16.296001
16.268002
16.241001
16.214001
16.187
16.161001
16.135
16.109001
16.084002
16.058001
16.034
16.009001
15.985001
15.962001
15.938001
15.914001
15.889001
15.862
15.835001
15.806001
15.776001
15.744
15.711
15.675001
15.636001
15.595
15.550001
15.502001
15.450001
15.393001
15.331
15.264001
15.191001
15.112
15.026001
14.933001
14.831
14.722001
14.603001
14.475
14.337001
14.189001
14.030001
13.859
13.677001
13.663001
13.649001
13.636001
13.623001
13.610001
13.597001
13.584001
13.572001
13.559001
13.540001
13.514001
13.482
13.443001
13.398001
13.345
13.286
13.22
13.147
13.066001
12.978001
12.882001
12.778001
12.666
12.546
12.416
12.278001
12.13
11.973001
11.805
11.628
11.439
11.240001
11.030001
10.808001
10.574
10.329
10.071
9.801001
9.518001
9.222
8.913
8.591001
8.255
7.907001
7.545001
7.170001
6.781
6.379
5.964
5.537
5.096
4.643
4.178
3.702
3.7
3.698
3.696
3.694
3.678
3.649
3.606
3.549
3.48
3.397
3.301
3.299
3.298
3.297
3.295
3.294
3.292
3.291
3.29
3.288
3.287
3.286
3.285
3.283
3.282
3.267
3.238
3.196
3.14
3.071
2.989
2.894
2.786
2.665
2.532
2.386
2.228
2.058
1.876
1.682
1.476
1.259
1.03
0.79
0.539
0.277
0.004
-0.279
-0.573
-0.876
-1.189
-1.511
-1.842
-2.181
-2.529
-2.884
-3.246
-3.615
-3.991
-4.371
-4.757
-5.147
-5.54
-5.936
-6.334
-6.734
-7.134
-7.534
-7.932
-8.328
-8.721001
-9.110001
-9.494
-9.871
-10.242001
-10.603001
-10.956
-11.298
-11.628
-11.945001
-12.248
-12.246
-12.244
-12.242001
-12.240001
-12.238001
-12.236001
-12.234
-12.232
-12.23
-12.228001
-12.226001
-12.224001
-12.223001
-12.221001
-12.219001
-12.217001
-12.216001
-12.214001
-12.212001
-12.210001
-12.209001
-12.207001
-12.206
-12.211
-12.225
-12.245001
-12.272
-12.306001
-12.347
-12.394001
-12.446001
-12.504001
-12.568001
-12.636001
-12.708
-12.785001
-12.865001
-12.947001
-13.033001
-13.120001
-13.209001
-13.299001
-13.389001
-13.479001
-13.568001
-13.655001
-13.740001
-13.823001
-13.901001
-13.976001
-13.975
-13.973001
-13.972001
-13.971001
-13.97
-13.969001
-13.967001
-13.966001
-13.965001
-13.964001
-13.963
-13.962001
-13.961
-13.960001
-13.959001
-13.958001
-13.957001
-13.956
-13.955001
-13.954
-13.953001
-13.952001
-13.951
-13.950001
-13.949
-13.894001
-13.839001
-13.786
-13.736001
-13.690001
-13.647
-13.608001
-13.572001
-13.539001
-13.508
-13.48
-13.453001
-13.429001
-13.405001
-13.383
-13.361001
-13.339001
-13.316001
-13.293
-13.268001
-13.242001
-13.214001
-13.183001
-13.141001
-13.1
-13.06
-13.02
-12.981001
-12.942
-12.903001
-12.866
-12.828001
-12.792001
-12.755001
-12.719001
-12.684001
-12.649
-12.615001
-12.581
-12.547001
-12.514001
-12.482
-12.450001
-12.418
-12.387001
-12.356001
-12.325001
-12.295001
-12.265
-12.236001
-12.207001
-12.179001
-12.151001
-12.123
-12.096001
-12.070001
-12.044001
-12.019001
-11.995001
-11.971001
-11.947001
-11.923
-11.898001
-11.873
-11.847
-11.820001
-11.847
-11.878
-11.910001
-11.941001
-11.971001
-12.002001
-12.031
-12.061001
-12.09
-12.118001
-12.147
-12.175
-12.202001
-12.229001
-12.256001
-12.282001
-12.308001
-12.334001
-12.359
-12.384001
-12.409
-12.433001
-12.457001
-12.481001
-12.505001
-12.528001
-12.55
-12.573001
-12.595
-12.617001
-12.639001
-12.660001
-12.681001
-12.702001
-12.722001
-12.742001
-12.762001
-12.782001
-12.801001
-12.820001
-12.839001
-12.858001
-12.876
-12.894001
-12.912001
-12.93
-12.947001
-12.964001
-12.981001
-12.998
-13.015
-13.031001
-13.047001
-13.063001
-13.078001
-13.094001
-13.109
-13.124001
-13.139001
-13.154
-13.168
-13.182
-13.196001
-13.210001
-13.224001
-13.237
-13.251
-13.264001
-13.277
-13.290001
-13.302001
-13.315001
-13.327001
-13.339001
-13.351001
-13.363001
-13.374001
-13.386001
-13.397
-13.408001
-13.419001
-13.43
-13.441001
-13.452001
-13.462001
-13.472001
-13.483001
-13.493001
-13.503
-13.512001
-13.522
-13.532001
-13.543
-13.554001
-13.565001
-13.576
-13.587001
-13.598001
-13.608001
-13.617001
-13.625001
-13.632001
-13.637001
-13.64
-13.64
-13.637001
-13.631001
-13.621
-13.607
-13.587001
-13.563001
-13.533001
-13.496
-13.452001
-13.402
-13.343
-13.275001
-13.199
-13.113001
-13.017
-12.910001
-12.793
-12.663001
-12.522
-12.367001
-12.200001
-12.019001
-11.824
-11.829
-11.834001
-11.839001
-11.843
-11.848001
-11.853001
-11.857
-11.862
-11.866
-11.864
-11.854
-11.837001
-11.814
-11.783001
-11.745001
-11.700001
-11.648001
-11.588
-11.52
-11.445001
-11.361001
-11.27
-11.169001
-11.061001
-10.943001
-10.816001
-10.679001
-10.532001
-10.376
-10.209001
-10.032001
-9.843
-9.644
-9.433001
-9.211
-8.976001
-8.73
-8.472
-8.201
-7.917
-7.621
-7.312
-6.99
-6.656
-6.308
-5.948
-5.575
-5.19
-4.792
-4.381
-3.959
-3.525
-3.08
-2.624
-2.157
-1.68
-1.194
-0.699
-0.196
0.315
0.832
1.355
1.884
2.416
2.951
3.489
4.027
4.565
5.102
5.636
6.166
6.691
7.210001
7.211
7.212
7.213
7.214
7.216001
7.217
7.218
7.219
7.22
7.221
7.222
7.234
7.259
7.295001
7.342
7.400001
7.469
7.549
7.639
7.738
7.848001
7.966001
8.094001
8.231
8.375
8.527
8.687
8.854
9.027
9.207001
9.391001
9.581
9.775001
9.974001
10.175
10.379001
10.586
10.793
11.002001
11.210001
11.418
11.624001
11.828001
12.029
12.226001
12.419001
12.606001
12.787001
12.961
13.127001
13.284
13.432001
13.568001
13.694
13.807001
13.906001
13.992001
14.062
14.117001
14.154
14.155001
14.156001
14.157001
14.158001
14.159
14.160001
14.161
14.162001
14.163001
14.163001
14.164001
14.165001
14.166
14.167001
14.168
14.171
14.174001
14.177001
14.181001
14.185
14.188001
14.189001
14.190001
14.191001
14.191001
14.192
14.193001
14.193001
14.194
14.195001
14.195001
14.196001
14.197001
14.197001
14.198001
14.198001
14.199
14.200001
14.200001
14.201
14.201
14.202001
14.202001
14.203001
14.204
14.204
14.205001
14.205001
14.206
14.206
14.207001
14.207001
14.208001
14.208001
14.209001
14.209001
14.209001
14.210001
14.210001
14.211
14.211
14.212001
14.212001
14.212001
14.213
14.213
14.214001
14.214001
14.215001
14.215001
14.215001
14.160001
14.106001
14.052001
13.999001
13.946001
13.895
13.844001
13.793
13.744
13.695001
13.646001
13.599001
13.552001
13.505001
13.460001
13.414001
9.385
6.625
4.703
3.386
2.469
1.841
1.404
1.104
0.896
0.753
0.653
0.585
0.538
0.505
0.482
0.467
0.456
0.449
0.444
0.44
0.438
0.436
0.435
0.434
0.433
0.433
0.433
0.433
0.432
0.432
0.432
0.432
0.432
0.432
0.432
0.432
0.432
0.432
0.436
0.441
0.308
0.218
0.155
0.113
0.116
0.12
0.123
0.126
0.129
0.133
0.136
0.139
0.136
0.133
0.131
0.128
0.125
0.123
0.12
0.118
0.116
0.113
0.111
0.109
0.107
0.105
0.102
0.1
0.233
0.364
0.493
0.621
0.747
0.871
0.993
1.114
1.233
1.351
1.467
1.581
1.55
1.519
1.488
1.459
1.429
1.401
1.369
1.336
1.304
1.417
1.528
1.698
1.865
2.03
2.193
2.354
2.512
2.669
2.823
2.975
3.126
3.274
3.42
3.564
3.707
3.847
3.986
4.123
4.258
4.391
4.522
4.652
4.78
4.906
5.03
5.153
5.274
5.394
5.512
5.628
5.743001
5.856
5.968
6.079
6.187
4.444
4.574
4.703
4.831
4.956
5.08
5.202
5.323
5.442
5.559
5.675
5.789001
5.902
6.013
6.123
6.231
6.338
6.443
6.547
6.65
6.751
6.851
6.95
7.047
7.143
7.182
7.221
7.259
7.296
7.333
7.37
7.406
7.441
7.476
7.511
7.545001
7.579
7.612
7.645
7.677001
7.709001
7.741
7.772
7.802001
7.833
7.862
7.892
7.921
7.95
7.978
8.006001
8.033
8.061001
8.087001
8.114
8.14
8.166
8.191
8.216001
8.297
8.376
8.454
8.531
8.608001
8.683001
8.757
8.830001
8.902
8.973001
9.044001
9.113001
9.181001
9.249001
9.316
9.381001
9.446
9.51
9.573001
9.635
9.697001
9.757001
9.817
9.876
9.935
9.992001
10.049001
10.105
10.160001
10.214001
10.268001
10.321
10.373
10.425
10.476001
10.526001
10.576
10.625001
10.673
10.72
10.767
10.814
10.859
10.905001
10.949
10.993001
11.036
11.079
11.121
11.163
11.204
11.245001
11.285001
11.324
11.363001
11.401001
11.439
11.477
11.514001
11.55
11.586
11.621
11.656
11.691001
11.725
11.758
11.791
11.824
11.856001
11.888
11.920001
11.951
11.981001
12.011001
12.041
12.071
12.099001
12.128
12.156
12.184001
12.212001
12.239
12.265
12.292001
12.318001
12.343
12.369
12.394001
12.418
12.443001
12.467001
12.490001
12.514001
12.537001
12.56
12.694
12.825001
12.953001
13.079
13.201
13.321001
13.438001
13.553
13.664001
13.774001
13.881001
13.985001
14.087001
14.187
14.285001
14.380001
14.473001
14.564001
14.653001
14.740001
14.825001
14.909
14.990001
15.069
15.147
15.223001
15.297001
15.370001
15.441001
15.510001
15.578001
15.644001
15.709001
15.772
15.834001
15.894001
15.953001
16.011002
16.068001
16.123001
16.177
16.229
16.281
16.331001
16.381001
16.429001
16.476
16.522001
16.567001
16.611
16.654001
16.696001
16.737001
16.777
16.816
16.854
16.892
16.928001
16.964001
16.999001
17.033001
16.996
16.959002
16.923
16.887001
16.852001
16.817001
16.783001
16.749001
16.716002
16.683001
16.650002
16.618
16.587
16.555
16.524
16.494001
16.464001
16.434
16.405001
16.376001
16.348001
16.320002
16.292002
16.265001
16.238001
16.211
16.185001
16.159
16.134001
16.108002
16.084002
16.059
16.035
16.011002
15.987
15.964001
15.941001
15.919001
15.896001
15.874001
15.852001
15.831
15.758
15.686001
15.615001
15.545001
15.476001
15.408001
15.341001
15.275001
15.209001
15.144001
15.081
15.018001
15.007001
14.997001
14.986001
14.976001
14.966001
14.956
14.947001
14.937
14.927001
14.918001
14.909
14.900001
14.831
14.764001
14.698001
14.632001
14.567
14.503
14.440001
14.378
14.317
14.256001
14.197001
14.197001
14.198001
14.199
14.199
14.200001
14.201
14.201
14.202001
14.203001
14.203001
14.204
14.204
14.205001
14.205001
14.206
14.207001
14.207001
14.208001
14.208001
14.209001
14.209001
14.210001
14.210001
14.211
14.211
14.212001
14.212001
14.213
14.213
14.214001
14.214001
14.214001
14.214001
14.213
14.212001
14.210001
14.206
14.202001
14.197001
14.190001
14.181001
14.170001
14.157001
14.141001
14.121
14.099001
14.072001
14.042001
14.006001
13.966001
13.919001
13.867001
13.808001
13.741001
13.667001
13.585001
13.495001
13.395
13.285001
13.166
13.035001
12.893001
12.740001
12.574
12.396001
12.205001
12.000001
11.782001
11.549001
11.302001
11.039001
10.762
10.469001
10.160001
9.836
9.495001
9.139001
8.766001
8.378
7.973001
7.553
7.117
6.666
6.199
5.718
5.223
4.713
4.191
3.655
3.108
2.55
1.981
1.403
0.816
0.224
-0.383
-1.003
-1.634
-2.276
-2.927
-3.584
-3.603
-3.621
-3.639
-3.656
-3.673
-3.69
-3.706
-3.722
-3.737
-3.752
-3.767
-3.781
-3.796
-3.809
-3.823
-3.836
-3.849
-3.862
-3.558
-3.262
-2.972
-2.688
-2.411
-2.14
-1.876
-1.617
-1.364
-1.117
-0.875
-0.639
-0.408
-0.183
0.038
0.253
0.464
0.67
0.872
1.068
1.261
1.449
1.633
1.812
1.988
2.159
2.327
2.491
2.336
2.184
2.035
1.89
1.748
1.609
1.474
1.341
1.245
1.15
1.058
0.967
0.879
0.792
0.706
0.623
0.541
0.461
0.382
0.305
0.23
0.156
0.084
0.013
-0.057
-0.125
-0.191
-0.257
-0.321
-0.383
-0.445
-0.505
-0.564
-0.622
-0.678
-0.734
-0.788
-0.841
-0.894
-0.945
-1.009
-1.088
-1.179
-1.284
-1.402
-1.532
-1.674
-1.828
-1.995
-2.172
-2.361
-2.561
-2.772
-2.993
-3.225
-3.465
-3.716
-3.975
-4.243
-4.52
-4.804
-5.095
-5.393
-5.698
-6.009
-6.325
-6.645
-6.97
-7.298
-7.629
-7.962
-8.296
-8.631001
-8.966001
-9.3
-9.632001
-9.961
-10.287001
-10.609
-10.925
-11.235001
-11.537001
-11.831
-12.116
-12.391001
-12.654
-12.905001
-13.143001
-13.366
-13.663001
-13.943001
-14.205001
-14.448001
-14.670001
-14.870001
-15.047001
-15.200001
-15.327001
-15.426001
-15.498001
-15.540001
-15.552001
-15.614
-15.675001
-15.735001
-15.793001
-15.85
-15.906001
-15.960001
-16.013
-16.065001
-16.116001
-16.165001
-16.214001
-16.261002
-16.308001
-16.353001
-16.397001
-16.440001
-16.483002
-16.524
-16.564001
-16.604
-16.643002
-16.68
-16.717001
-16.753
-16.789001
-16.823
-16.857
-16.890001
-16.922001
-16.953001
-16.984001
-17.014
-17.043001
-17.072001
-17.102001
-17.134001
-17.167002
-17.202002
-17.238001
-17.274
-17.311001
-17.349001
-17.387001
-17.424002
-17.461
-17.496
-17.530001
-17.496
-17.460001
-17.421001
-17.380001
-17.336
-17.287001
-17.234001
-17.175001
-17.111
-17.072001
-17.034
-16.997002
-16.959002
-16.867001
-16.777
-16.687
-16.599001
-16.511002
-16.425001
-16.34
-16.256001
-16.174002
-16.092001
-16.012001
-15.932001
-15.854001
-15.776001
-15.700001
-15.625001
-15.551001
-15.477001
-15.404
-15.330001
-15.255001
-15.236001
-15.215001
-15.193001
-15.169001
-15.143001
-15.115001
-15.084001
-15.050001
-15.013
-14.972001
-14.928
-14.878
-14.824
-14.765
-14.700001
-14.628
-14.550001
-14.465001
-14.372001
-14.27
-14.160001
-14.041
-13.912001
-13.772
-13.622001
-13.461
-13.288001
-13.102
-12.904
-12.693001
-12.469001
-12.462001
-12.455001
-12.448001
-12.441001
-12.434001
-12.427001
-12.421
-12.414001
-12.361001
-12.309001
-12.258
-12.207001
-12.157001
-12.107
-12.058001
-12.01
-11.962001
-11.915001
-11.869
-11.870001
-11.878
-11.894001
-11.918
-11.948001
-11.985001
-12.029
-12.030001
-12.031
-12.031
-12.032001
-12.033001
-12.033001
-12.034
-12.035001
-12.035001
-12.036
-12.036
-12.037001
-12.038
-12.031
-12.017
-11.995001
-11.966001
-11.93
-11.886001
-11.835001
-11.776001
-11.710001
-11.635
-11.553
-11.462001
-11.362
-11.254001
-11.213
-11.159
-11.092001
-11.012
-10.918
-10.81
-10.688001
-10.551001
-10.399
-10.232
-10.049001
-9.849001
-9.634001
-9.402
-9.153001
-8.886001
-8.603001
-8.302
-7.983
-7.646
-7.292
-6.920001
-6.529
-6.122
-5.696
-5.253
-4.793
-4.316
-3.822
-3.312
-2.787
-2.795
-2.803
-2.811
-2.819
-2.827
-2.834
-2.842
-2.849
-2.856
-2.863
-2.869
-2.876
-2.882
-2.888
-2.895
-2.9
-2.906
-2.912
-2.918
-2.923
-2.928
-2.934
-2.939
-2.944
-2.948
-2.953
-2.958
-2.962
-2.967
-2.971
-2.964
-2.957
-2.95
-2.943
-2.936
-2.93
-2.923
-2.916
-2.91
-2.904
-2.897
-2.891
-2.885
-2.879
-2.873
-2.867
-2.861
-2.856
-2.85
-2.844
-2.839
-2.834
-2.828
-2.823
-2.818
-2.829
-2.855
-2.897
-2.954
-3.025
-3.111
-3.211
-3.325
-3.452
-3.593
-3.587
-3.581
-3.575
-3.57
-3.564
-3.559
-3.553
-3.548
-3.543
-3.538
-3.533
-3.527
-3.522
-3.518
-3.513
-3.508
-3.503
-3.499
-3.494
-3.489
-3.485
-3.481
-3.476
-3.472
-3.468
-3.463
-3.459
-3.455
-3.451
-3.447
-3.443
-3.439
-3.436
-3.432
-3.413
-3.38
-3.333
-3.272
-3.197
-3.108
-3.005
-2.89
-2.887
-2.884
-2.881
-2.879
-2.876
-2.873
-2.871
-2.868
-2.866
-2.863
-2.861
-2.858
-2.856
-2.853
-2.851
-2.849
-2.846
-2.844
-2.842
-2.84
-2.838
-2.836
-2.833
-2.831
-2.829
-2.827
-2.825
-2.823
-2.821
-2.819
-2.818
-2.816
-2.814
-2.798
-2.767
-2.723
-2.665
-2.593
-2.508
-2.41
-2.299
-2.175
-2.038
-1.888
-1.726
-1.725
-1.724
-1.723
-1.722
-1.721
-1.721
-1.72
-1.719
-1.718
-1.717
-1.731
-1.758
-1.8
-1.855
-1.924
-2.006
-2.101
-2.209
-2.33
-2.462
-2.607
-2.764
-2.932
-3.112
-3.302
-3.503
-3.715
-3.936
-4.167
-4.408
-4.657
-4.915
-5.181
-5.455
-5.735
-6.023
-6.316
-6.615
-6.920001
-7.228
-7.54
-7.855
-8.173
-8.492001
-8.812
-9.133
-9.452001
-9.771001
-10.086
-10.399
-10.707001
-11.011001
-11.308001
-11.598001
-11.881001
-12.154
-12.418
-12.670001
-12.910001
-13.138
-13.351001
-13.549001
-13.731001
-13.896001
-14.043
-14.171
-14.278001
-14.365001
-14.429001
-14.471001
-14.468
-14.465001
-14.461
-14.458001
-14.455001
-14.452001
-14.449
-14.446001
-14.443001
-14.440001
-14.438001
-14.435
-14.432001
-14.429001
-14.427001
-14.424001
-14.421
-14.419001
-14.416
-14.414001
-14.411
-14.409
-14.406001
-14.404
-14.402
-14.399001
-14.397
-14.395
-14.393001
-14.39
-14.388
-14.386001
-14.384001
-14.382001
-14.380001
-14.379001
-14.378
-14.378
-14.379001
-14.380001
-14.382001
-14.383
-14.384001
-14.384001
-14.383
-14.382001
-14.378
-14.373001
-14.371
-14.369
-14.368001
-14.366001
-14.364
-14.363001
-14.361001
-14.360001
-14.358001
-14.357
-14.355
-14.354001
-14.352
-14.351001
-14.349001
-14.348001
-14.347001
-14.345
-14.344001
-14.343
-14.341001
-14.340001
-14.339001
-14.338
-14.336
-14.335001
-14.334001
-14.333001
-14.332001
-14.330001
-14.329
-14.328001
-14.327001
-14.326
-14.325001
-14.324
-14.323001
-14.322001
-14.321001
-14.320001
-14.319
-14.318001
-14.317
-14.316001
-14.315001
-14.314001
-14.313001
-14.312
-14.311001
-14.31
-14.309001
-14.309001
-14.308001
-14.307001
-14.306001
-14.305
-14.304001
-14.304001
-14.303
-14.302001
-14.301001
-14.301001
-14.300001
-14.299001
-14.298
-14.298
-14.297001
-14.296
-14.296
-14.295001
-14.294001
-14.294001
-14.293
-14.292001
-14.292001
-14.291
-14.290001
-14.290001
-14.289001
-14.289001
-14.288001
-14.287001
-14.287001
-14.286
-14.286
-14.285001
-14.285001
-14.284
-14.284
-14.283001
-14.283001
-14.282001
-14.282001
-14.281001
-14.281001
-14.280001
-14.280001
-14.279
-14.279
-14.278001
-14.278001
-14.277
-14.277
-14.277
-14.276001
-14.276001
-14.275001
-14.275001
-14.275001
-14.274001
-14.370001
-14.463
-14.555
-14.644001
-14.731001
-14.817
-14.900001
-14.981001
-15.061001
-15.139001
-15.215001
-15.290001
-15.362
-15.434001
-15.503001
-15.571001
-15.637001
-15.702001
-15.766001
-15.828001
-15.888
-15.948001
-16.006001
-16.062
-16.118
-16.172001
-16.224001
-16.276001
-16.327002
-16.376001
-16.424002
-16.472
-16.518002
-16.563002
-16.607
-16.650002
-16.692001
-16.733002
-16.773001
-16.813002
-16.852001
-16.891001
-16.929001
-16.966002
-17.002001
-17.037001
-17.071001
-17.102001
-17.131001
-17.157001
-17.181002
-17.200001
-17.216002
-17.227001
-17.233002
-17.112001
-16.987001
-16.859001
-16.727001
-16.591002
-16.448
-16.294001
-16.132
-15.963
-15.786001
-15.6
-15.405001
-15.201001
-14.987
-14.762001
-14.526001
-14.329
-14.118001
-13.894001
-13.654
-13.400001
-13.130001
-12.845
-12.544001
-12.226001
-11.891001
-11.540001
-11.172001
-10.787001
-10.385
-9.966001
-9.530001
-9.077001
-8.607
-8.120001
-7.618001
-7.1
-6.566
-6.017
-5.454
-4.878
-4.288
-4.284
-4.28
-4.275
-4.271
-4.267
-4.263
-4.259
-4.255
-4.251
-4.247
-4.243
-4.239
-9.252001
-2.205
-4.558
-1.227
-2.331
-0.756
-1.274
-0.529
-0.772
-0.42
-0.534
-0.368
-0.421
-0.343
-0.368
-0.331
-0.289
-0.156
-0.136
-0.074
-0.064
-0.063
-0.034
0.023
0.075
0.127
0.178
0.229
0.279
0.328
0.376
0.424
0.472
0.518
0.564
0.609
0.654
0.698
0.742
0.785
0.941
1.095
1.257
1.417
1.575
1.731
1.886
2.038
2.188
2.337
2.483
2.628
2.771
2.825
2.879
2.933
2.985
3.037
2.927
2.818
2.711
2.606
2.503
2.416
2.332
2.248
2.166
2.086
2.007
1.929
1.767
1.608
1.45
1.295
1.142
0.961
0.781
0.605
0.43
0.258
0.197
0.138
0.079
0.021
-0.039
-0.1
-0.164
-0.23
-0.299
-0.372
-0.448
-0.529
-0.613
-0.702
-0.796
-0.894
-0.998
-1.107
-1.222
-1.342
-1.468
-1.599
-1.736
-1.879
-2.028
-2.182
-2.247
-2.312
-2.376
-2.439
-2.501
-2.562
-2.622
-2.681
-2.74
-2.798
-2.855
-2.917
-2.984
-3.056
-3.134
-3.217
-3.306
-3.401
-3.501
-3.608
-3.803
-4.0
-4.2
-4.402
-4.605
-4.809
-5.014
-5.22
-5.425
-5.63
-5.835001
-6.038
-6.239
-6.438
-6.634
-6.827
-7.016
-7.2
-7.379
-7.553
-7.72
-7.880001
-8.032001
-8.176001
-8.311001
-8.436001
-8.551001
-8.655001
-8.747001
-8.827001
-8.894
-8.946
-8.985001
-9.008
-9.173
-9.331
-9.482
-9.624001
-9.757001
-9.879001
-10.072001
-10.261001
-10.446
-10.479
-10.512
-10.543
-10.574
-10.605
-10.635
-10.664001
-10.692
-10.72
-10.747001
-10.773001
-10.799001
-10.825001
-10.849001
-10.874001
-10.897
-10.92
-10.943001
-10.965
-10.987
-11.008
-11.029
-11.049001
-11.068001
-11.088
-11.107
-11.125001
-11.290001
-11.452001
-11.513
-11.578001
-11.644001
-11.711
-11.778001
-11.843
-11.906
-11.966001
-12.022
-12.072001
-12.116
-12.153001
-12.182
-12.202001
-12.212001
-12.212001
-12.201
-12.178
-12.142
-12.093
-12.029
-11.950001
-11.856001
-11.72
-11.574
-11.416
-11.246
-11.286
-11.325001
-11.364
-11.402
-11.440001
-11.477
-11.514001
-11.55
-11.585001
-11.620001
-11.654
-11.688001
-11.721001
-11.753
-11.786
-11.794001
-11.806001
-11.822001
-11.841001
-11.863001
-11.886001
-11.910001
-11.934001
-11.959001
-11.982
-12.004001
-12.024
-12.042001
-12.055
-12.065001
-12.070001
-12.069
-12.063001
-12.049001
-12.079
-12.106001
-12.134001
-12.162001
-12.190001
-12.217001
-12.244
-12.271001
-12.298
-12.323001
-12.349001
-12.374001
-12.399
-12.424001
-12.448001
-12.472
-12.496
-12.519001
-12.542001
-12.565001
-12.587001
-12.610001
-12.631001
-12.653001
-12.674001
-12.695001
-12.716001
-12.736001
-12.756001
-12.776001
-12.796
-12.815001
-12.834001
-12.853001
-12.872001
-12.89
-12.851001
-12.812
-12.773001
-12.735001
-12.698001
-12.661
-12.624001
-12.588
-12.553
-12.518001
-12.483001
-12.448001
-12.411
-12.372001
-12.331
-12.288
-12.241
-12.192
-12.138
-12.080001
-12.017
-11.949
-11.875001
-11.795001
-11.780001
-11.761001
-11.795001
-11.829
-11.861001
-11.894001
-11.926001
-11.957001
-11.988001
-12.018001
-12.008
-12.001
-11.998
-11.996
-11.996
-11.997001
-11.999001
-12.001
-12.002001
-12.001
-11.999001
-11.995001
-11.987
-11.975
-11.960001
-11.939
-11.912001
-11.879001
-11.911
-11.942
-11.973001
-12.003
-12.033001
-12.063001
-12.092001
-12.121
-12.149
-12.177001
-12.205001
-12.232
-12.26
-12.287001
-12.315001
-12.342001
-12.314
-12.287001
-12.263
-12.240001
-12.214001
-12.188001
-12.163
-12.138
-12.113001
-12.141001
-12.168
-12.195001
-12.221001
-12.363001
-12.502001
-12.637001
-12.77
-12.772
-12.773001
-12.775001
-12.778001
-12.779
-12.778001
-12.775001
-12.768001
-12.755001
-12.738001
-12.714001
-12.683001
-12.644001
-12.596001
-12.538001
-12.47
-12.391001
-12.301001
-12.198001
-12.081
-11.952001
-11.808001
-11.648001
-11.474001
-11.283001
-11.077001
-10.853001
-10.611
-10.353001
-10.076
-9.780001
-9.466001
-9.371
-9.537001
-9.699
-9.857
-10.011001
-10.162001
-10.31
-10.454
-10.595
-10.733001
-10.868001
-11.000001
-11.129001
-11.254001
-11.378
-11.498
-11.615001
-11.73
-11.843
-11.952001
-12.06
-12.080001
-12.101001
-12.121
-12.149
-12.186001
-12.231001
-12.284
-12.344001
-12.411
-12.484
-12.563001
-12.648001
-12.738001
-12.832001
-12.93
-13.032001
-13.136001
-13.243001
-13.351001
-13.461
-13.571001
-13.68
-13.789001
-13.896001
-14.001
-14.103001
-14.201
-14.295001
-14.383
-14.465001
-14.541
-14.609001
-14.669001
-14.72
-14.761001
-14.792001
-14.784
-14.777
-14.769001
-14.762001
-14.755001
-14.748001
-14.741001
-14.734001
-14.727
-14.721001
-14.716001
-14.712001
-14.708001
-14.704
-14.701001
-14.697001
-14.692
-14.687
-14.68
-14.671
-14.592001
-14.508
-14.419001
-14.324
-14.222001
-14.113001
-13.997001
-13.872001
-13.738001
-13.594001
-13.439001
-13.274
-13.098001
-12.909
-12.707001
-12.493001
-12.265
-12.023001
-11.767
-11.496
-11.210001
-10.909
-10.593
-10.26
-9.912001
-9.548
-9.114
-8.657001
-8.465
-8.254001
-8.023001
-7.773
-7.503
-7.213
-6.903
-6.572001
-6.222
-5.851
-5.46
-5.05
-4.619
-4.169
-3.7
-3.213
-2.707
-2.184
-1.644
-1.088
-1.139
-1.188
-1.237
-1.284
-1.331
-1.376
-1.42
-1.463
-1.774
-2.078
-2.374
-2.665
-2.948
-3.225
-3.496
-3.761
-4.02
-4.273
-4.52
-4.762
-4.998
-5.296
-5.587
-5.872
-6.15
-6.422
-6.688
6.494
-3.481
2.69
-1.979
0.91
-1.276
0.076
-0.947
-1.337
-1.717
-2.089
-2.452
-2.606
-2.758
-2.908
-3.056
-3.202
-3.346
-3.488
-3.628
-3.766
-3.903
-4.038
-4.17
-4.301
-4.431
-4.558
-4.684
-4.809
-4.931
-5.052
-5.172
-5.289
-5.405
-5.52
-5.633
-5.745
-5.855
-5.933
-6.011
-5.925
-5.842
-5.76
-5.68
-5.602
-5.526
-5.452
-5.379
-5.308
-5.238
-5.17
-5.104
-5.039
-4.976
-4.912
-4.847
-4.78
-4.712
-4.641
-4.566
-4.489
-4.408
-4.322
-4.232
-4.137
-4.036
-3.93
-3.817
-3.699
-3.573
-3.44
-3.3
-3.153
-2.998
-2.835
-2.664
-2.484
-2.296
-2.231
-2.167
-2.105
-2.043
-1.983
-1.924
-1.866
-1.809
-1.753
-1.698
-1.644
-1.591
-1.54
-1.482
-1.417
-1.346
-1.267
-1.182
-1.09
-0.99
-0.883
-0.836
-0.791
-0.746
-0.703
-0.66
-0.617
-0.576
-0.536
-0.496
-0.457
-0.418
-0.381
-0.344
-0.307
-0.263
-0.21
-0.148
-0.078
0.001
0.088
0.184
0.289
0.403
0.525
0.558
0.589
0.621
0.652
0.682
0.712
0.741
0.769
0.798
0.825
0.852
0.879
0.905
0.931
0.956
0.981
1.005
1.029
1.053
1.076
1.089
1.102
1.115
1.128
1.14
1.152
1.163
1.175
1.186
1.197
1.208
1.218
1.229
1.239
1.249
1.259
1.268
1.277
1.286
1.295
1.304
1.313
1.321
1.329
1.337
1.345
1.353
1.36
1.377
1.393
1.41
1.426
1.441
1.457
1.472
1.487
1.501
1.506
1.511
1.516
1.521
1.525
1.53
1.534
1.539
1.552
1.565
1.579
1.592
1.604
1.617
1.629
1.641
1.653
1.665
1.687
1.72
1.764
1.819
1.884
1.96
2.046
2.142
2.249
2.366
2.492
2.629
2.775
2.931
3.097
3.271
3.455
3.647
3.847
4.056
4.273
4.497
4.729
4.968
5.213
5.228
5.243
5.257
5.272
5.286
5.3
5.314
5.327
5.341
5.354
5.367
5.391
5.425
5.47
5.526
5.592
5.668
5.753
5.849
5.954
6.069
6.193
6.325
6.466
6.616
6.773
6.938
7.11
7.289001
7.475
7.667
7.679
7.691
7.703001
7.715
7.727
7.739
7.75
7.761
7.772
7.783
7.794
7.771
7.749001
5.571
3.841
2.802
1.977
1.481
1.088
0.852
0.664
0.551
0.462
0.408
0.365
0.34
0.319
0.307
0.297
0.292
0.287
0.284
0.282
0.199
0.132
0.093
0.062
0.044
0.029
0.02
0.013
0.009
0.006
0.006
0.006
0.004
0.004
0.004
0.004
0.004
0.003
0.003
0.003
-0.077
-0.157
-0.236
-0.314
-0.39
-0.466
-0.456
-0.447
-0.438
-0.43
-0.421
-0.301
-0.183
-0.066
0.049
0.162
0.274
0.385
0.494
0.602
0.708
0.813
0.916
1.018
1.119
1.218
1.316
1.412
1.508
1.604
1.701
1.8
1.901
2.003
2.108
2.216
2.326
2.439
2.555
2.675
2.798
2.924
3.054
3.187
3.324
3.464
3.552
3.639
3.724
3.809
3.892
3.974
4.056
4.136
4.215
4.158
4.103
4.048
3.994
3.94
3.887
3.672
3.459
3.25
3.044
2.842
2.643
2.447
2.254
2.064
1.878
1.694
1.513
1.335
1.16
0.988
0.818
0.651
0.638
0.626
0.732
0.841
0.954
1.07
1.187
1.306
1.425
1.621
1.817
2.013
2.21
2.363
2.519
2.678
2.84
3.004
3.171
3.34
3.512
3.686
3.862
4.04
4.219
4.4
4.582
4.765
4.949
5.132
5.316
5.498
5.68
5.86
6.038
6.213
6.385
6.553
6.717
6.876
7.03
7.124001
7.217
7.309
7.400001
7.489
7.577
7.664001
7.672
7.679
7.687
7.694
7.702
7.709001
7.716001
7.723001
7.73
7.737
7.744
7.751
7.757
7.764
7.77
7.776
7.783
7.789001
7.795001
7.801001
7.887001
7.973001
8.057
8.14
8.221001
8.302
8.381001
8.459001
8.537001
8.613001
8.688001
8.762
8.835
8.907001
8.978001
9.048
9.117001
9.150001
9.183001
9.215
9.247001
9.279
9.31
9.341001
9.372001
9.402
9.433001
9.466001
9.5
9.533
9.567
9.6
9.632001
9.662001
9.689
9.715
9.737
9.755
9.769
9.778001
9.782001
9.780001
9.772
9.757001
9.734
9.703
9.664001
9.616
9.614
9.612
9.675
9.688001
9.700001
9.713
9.725
9.737
9.749001
9.761001
9.773001
9.784
9.796
9.807
9.818001
9.829
9.84
9.85
9.861
9.871
9.855
9.84
9.824
9.809
9.794001
9.779
9.765
9.751
9.736
9.722
9.708
9.695001
9.681001
9.668
9.655001
9.642
9.647
9.707001
9.704
9.701
9.698001
9.695001
9.693001
9.690001
9.687
9.684
9.682
9.679001
9.676001
9.674001
9.671
9.669001
9.643001
9.617001
9.592
9.599001
9.605
9.612
9.618
9.624001
9.63
9.636001
9.642
9.647
9.653001
9.659
9.72
9.780001
9.839001
9.898001
9.956
10.013
10.069
10.125001
10.18
10.234
10.239
10.245001
10.250001
10.255
10.26
10.265
10.27
10.275001
10.280001
10.285001
10.337001
10.388
10.439
10.489
10.539001
10.588
10.636001
10.684001
10.73
10.777
10.822001
10.868001
10.912001
10.956
10.999001
11.042001
11.084001
11.126
11.167001
11.208
11.248
11.287001
11.326
11.364
11.402
11.440001
11.477
11.513
11.494
11.474001
11.455001
11.436001
11.418
11.400001
11.382001
11.364
11.346001
11.329
11.367001
11.405001
11.443001
11.48
11.516001
11.552001
11.588
11.623
11.657001
11.691001
11.725
11.758
11.791
11.823001
11.855
11.887001
11.918
11.949
11.979001
12.009001
12.038
12.067
12.096001
12.124001
12.152
12.18
12.151001
12.123
12.096001
12.068001
12.042001
12.015
11.989
11.963
11.938001
11.912001
11.888
11.863001
11.839001
11.815001
11.792001
11.769001
11.746
11.723001
11.701
11.679001
11.657001
11.636001
11.615001
11.594001
11.573001
11.553
11.533001
11.514001
11.494
11.475
11.456
11.437
11.474001
11.511001
11.547001
11.583
11.618001
11.653001
11.687
11.721001
11.754001
11.787001
11.820001
11.852
11.883
11.914001
11.945001
11.976001
12.006001
12.035001
12.064
12.038
12.011001
11.985001
11.959001
11.934001
11.909
11.884001
11.860001
11.836
11.812
11.789001
11.766001
11.743001
11.72
11.698001
11.676001
11.710001
11.744
11.777
11.81
11.842001
11.874001
11.905001
11.936001
11.966001
11.996
12.026001
12.055
12.084001
12.113001
12.141001
12.169001
12.196001
12.223001
12.250001
12.276001
12.302001
12.328001
12.353001
12.378
12.403001
12.427001
12.451
12.475
12.498
12.521001
12.544001
12.566001
12.588
12.610001
12.632001
12.653001
12.674001
12.695001
12.715
12.735001
12.755001
12.775001
12.794001
12.813001
12.832001
12.85
12.869
12.887001
12.905001
12.922001
12.940001
12.957001
12.974001
12.990001
13.007001
13.023001
13.039001
13.055
13.071001
13.086
13.101001
13.116
13.131001
13.145
13.160001
13.174001
13.188001
13.202001
13.216001
13.229001
13.242001
13.255001
13.268001
13.281001
13.294001
13.306001
13.263
13.22
13.178
13.136001
13.095
13.055
13.015
12.976001
12.937
12.898001
12.860001
12.823001
12.842001
12.860001
12.878
12.896001
12.914001
12.932
12.949
12.966001
12.983001
12.999001
13.016001
13.032001
13.048
13.063001
13.079
13.094001
13.109
13.124001
13.139001
13.153001
13.168
13.182
13.196001
13.209001
13.223001
13.236001
13.249001
13.262001
13.275001
13.288001
13.3
13.313001
13.325001
13.337001
13.349001
13.361001
13.372001
13.383
13.395
13.406001
13.417001
13.427001
13.438001
13.449
13.459001
13.469001
13.479001
13.489
13.499001
13.509001
13.518001
13.528001
13.537001
13.546
13.555
13.564001
13.573001
13.582001
13.590001
13.599001
13.607
13.615001
13.624001
13.632001
13.64
13.647
13.655001
13.663001
13.670001
13.678
13.685
13.692
13.699
13.706
13.713
13.72
13.727
13.733001
13.740001
13.746
13.753
13.759001
13.765
13.772
13.778001
13.784
13.789001
13.795001
13.801001
13.807001
13.812
13.818001
13.823001
13.829
13.834001
13.839001
13.844001
13.849001
13.855
13.862
13.869
13.876
13.884001
13.892
13.899001
13.907001
13.914001
13.919001
13.924001
13.927001
13.928
13.926001
13.93
13.934001
13.938001
13.942
13.946001
13.950001
13.954
13.958001
13.962001
13.965001
13.969001
13.973001
13.976001
13.98
13.983001
13.986001
13.990001
13.993001
13.996
14.000001
14.003
14.006001
14.009001
14.012001
14.015
14.116001
14.215001
14.312
14.407001
14.499001
14.590001
14.678
14.764001
14.849001
14.931001
15.012001
15.091001
15.168001
15.243001
15.317
15.389001
15.459001
15.528001
15.595
15.661001
15.725
15.788001
15.849001
15.909
15.968
16.025002
16.081001
16.136002
16.189001
16.241001
16.292002
16.342001
16.391001
16.439001
16.486
16.421001
16.357
16.295
16.235001
16.175001
16.117001
16.061001
16.005001
15.951001
15.898001
15.847001
15.796
15.747001
15.809001
15.870001
15.929001
15.988001
16.044001
16.1
16.154001
16.207001
16.125
16.045
15.967001
15.891001
15.816001
15.734001
15.653001
15.573001
15.495001
15.417001
15.340001
15.265
15.190001
15.178
15.165001
15.153001
15.141001
15.129001
15.117001
15.105
15.093
15.082001
15.071001
15.06
15.049001
15.038001
15.027
15.017001
15.007001
14.996
14.986001
14.976001
14.966001
14.957001
14.947001
14.938001
14.928
14.919001
14.910001
14.901001
14.892001
14.884001
14.875001
14.867001
14.858001
14.85
14.842001
14.834001
14.826001
14.818001
14.81
14.803
14.795001
14.788001
14.780001
14.773001
14.766001
14.759001
14.752001
14.745001
14.739
14.732
14.725
14.719001
14.712001
14.706
14.644001
14.583001
14.523001
14.464001
14.405001
14.347001
14.290001
14.234
14.178
14.124001
14.069
14.016001
13.963
13.912001
13.860001
13.81
13.76
13.711
13.662001
13.614
13.567
13.52
13.474001
13.427001
13.381001
13.334001
13.287001
13.240001
13.247001
13.253
13.257001
13.259001
13.259001
13.256001
13.249001
13.239
13.225
13.207001
13.184001
13.156001
13.122001
13.083
13.036
12.983001
12.922001
12.853001
12.775001
12.689
12.593
12.486001
12.370001
12.242001
12.102
11.951
11.787001
11.611001
11.421
11.217001
11.225
11.232
11.239
11.246
11.253
11.26
11.267
11.303
11.339001
11.375001
11.410001
11.444
11.485001
11.532001
11.584001
11.641001
11.702001
11.766001
11.834001
11.905001
11.977
12.051001
12.125001
12.200001
12.274
12.348001
12.419001
12.435
12.451
12.467001
12.482
12.498
12.513
12.504001
12.493001
12.478001
12.460001
12.438001
12.307
12.173
12.034
11.891001
11.742001
11.588
11.428
11.261001
11.086
10.975
10.857
10.732
10.695001
10.658001
10.621
10.585
10.55
10.515
10.481001
10.447001
10.414001
10.381001
10.349001
10.317
10.286
10.255
10.225
10.195001
10.160001
10.119
10.072001
10.021001
9.963
9.945001
9.92
9.928
9.931001
9.928
9.921
9.908001
9.891001
9.868
9.84
9.751
9.528001
9.296
9.055
8.804001
8.543
8.272
7.99
7.698
7.395
7.081
6.756001
6.42
6.216
6.238
6.26
6.281
6.302001
6.323
6.343
6.363
6.383
6.402
6.422
6.441
6.460001
6.478
6.496
6.596
6.694
6.79
6.886
6.98
7.073
7.165
7.255
7.345
7.399
7.367001
7.336
7.306
7.276
7.246
7.217
7.09
6.964
6.839
6.716001
6.595
6.476
6.358
6.234
6.113
5.992
5.874
5.902
5.929
5.956
5.982
6.008
6.034
6.059
6.084
6.109
6.133
6.157
6.181
6.204
6.227
6.249
6.272
6.294
6.315001
6.336
6.357
6.378
6.398
6.418
6.438
6.458
6.477
6.496
6.514
6.533
6.551
6.569
6.586
6.604
6.59
6.577
6.564
6.551
6.538
6.525
6.513
6.501
6.488
6.476
6.464
6.453
6.441
6.43
6.418
6.407001
6.426
6.446
6.465
6.483
6.502
6.52
6.538
6.412
6.288
6.165
6.044
5.925
5.807
5.691
5.577
5.464
5.352
5.242
5.134
5.027
5.073
5.119
5.164
5.208
5.252
5.295
5.337
5.378
5.408
5.427
5.434
5.431
5.417
5.391
5.355
5.308
5.25
5.182
5.215
5.248
5.281
5.312
5.344
5.374
5.405
5.434
5.464
5.492
5.521
5.548
5.575
5.602
5.629
5.654
5.68
5.694
5.696
5.687
5.667
5.635
5.592
5.539
5.474
5.398
5.311
5.212
5.103
4.982
4.851
4.708
4.554
4.389
4.213
4.025
3.826
3.616
3.395
3.163
2.919
2.665
2.399
2.123
1.836
1.538
1.23
0.912
0.584
0.246
-0.101
-0.457
-0.822
-1.195
-1.576
-1.964
-2.359
-2.76
-3.167
-3.579
-3.995
-4.414
-4.837
-5.261
-5.686
-6.112
-6.536
-6.959
-7.38
-7.796
-8.208
-8.614
-9.013
-9.403001
-9.785001
-10.156
-10.515
-10.861
-11.192
-11.509001
-11.809001
-12.091001
-12.354001
-12.597
-12.818001
-13.017
-13.192
-13.342001
-13.467001
-13.565001
-13.635
-13.642
-13.650001
-13.657001
-13.664001
-13.671
-13.677001
-13.684001
-13.691001
-13.697001
-13.704
-13.711
-13.72
-13.729001
-13.739
-13.750001
-13.761001
-13.772
-13.783001
-13.794001
-13.8
-13.806001
-13.811001
-13.817
-13.822001
-13.828001
-13.778001
-13.728001
-13.679001
-13.601001
-13.524
-13.448001
-13.373001
-13.299001
-13.226001
-13.154
-13.083
-13.013
-12.943001
-12.875001
-12.808001
-12.741
-12.676001
-12.611001
-12.547001
-12.484
-12.422001
-12.361001
-12.3
-12.240001
-12.181001
-12.154
-12.107
-12.06
-12.014001
-11.969001
-11.924001
-11.88
-11.836
-11.794001
-11.751
-11.709001
-11.668
-11.627001
-11.587001
-11.548
-11.508
-11.47
-11.458
-11.446
-11.434001
-11.422001
-11.459001
-11.496
-11.532001
-11.568001
-11.604
-11.639001
-11.673
-11.707001
-11.741
-11.774
-11.806001
-11.839001
-11.870001
-11.902
-11.933001
-11.963
-11.993001
-12.023001
-12.053
-12.082001
-12.110001
-12.138
-12.166
-12.194
-12.221001
-12.247001
-12.274
-12.3
-12.326
-12.351001
-12.376
-12.401001
-12.425
-12.449
-12.473001
-12.496
-12.519001
-12.542001
-12.564
-12.587001
-12.609
-12.630001
-12.651001
-12.673
-12.693001
-12.714001
-12.734
-12.754001
-12.774
-12.793
-12.812
-12.831
-12.85
-12.868001
-12.886001
-12.904
-12.922001
-12.939001
-12.956
-12.973001
-12.990001
-13.007001
-13.023001
-13.039001
-13.055
-13.071001
-13.086
-13.101001
-13.116
-13.131001
-13.146001
-13.160001
-13.175
-13.189001
-13.203001
-13.216001
-13.23
-13.243001
-13.257001
-13.27
-13.282001
-13.295001
-13.307
-13.320001
-13.332001
-13.344001
-13.356001
-13.367001
-13.379001
-13.39
-13.402
-13.413001
-13.424001
-13.434001
-13.445001
-13.406001
-13.368001
-13.331
-13.294001
-13.257001
-13.221001
-13.185
-13.150001
-13.116
-13.081
-13.048
-13.014001
-13.030001
-13.046
-13.061001
-13.076
-13.091001
-13.106001
-13.121
-13.135
-13.149
-13.27
-13.388
-13.503
-13.616
-13.726001
-13.834001
-13.939001
-14.042001
-14.142
-14.241001
-14.337001
-14.43
-14.522
-14.612
-14.700001
-14.785001
-14.869
-14.951001
-15.031001
-15.109001
-15.186001
-15.139001
-15.092001
-15.047001
-15.003
-14.960001
-14.917001
-14.876
-14.836
-14.796
-14.758
-14.72
-14.683001
-14.647
-14.612
-14.577001
-14.544001
-14.511001
-14.479001
-14.447001
-14.417001
-14.509001
-14.599001
-14.687
-14.773001
-14.857
-14.939001
-15.019001
-15.098001
-15.175001
-15.250001
-15.323001
-15.395
-15.465001
-15.533001
-15.6
-15.666
-15.73
-15.792001
-15.853001
-15.913001
-15.89
-15.868001
-15.846001
-15.825001
-15.803
-15.782001
-15.762001
-15.741001
-15.721001
-15.701001
-15.681001
-15.662001
-15.643001
-15.624001
-15.606001
-15.587001
-15.569001
-15.551001
-15.534
-15.516001
-15.499001
-15.482
-15.465001
-15.449
-15.433001
-15.417001
-15.401001
-15.385001
-15.370001
-15.354001
-15.339001
-15.325001
-15.31
-15.296
-15.281001
-15.267001
-15.254001
-15.240001
-15.227001
-15.213
-15.200001
-15.187
-15.174001
-15.160001
-15.146001
-15.131001
-15.115001
-15.098001
-15.080001
-15.06
-15.039001
-15.015
-14.989
-14.961
-14.929001
-14.893001
-14.853001
-14.809001
-14.76
-14.706
-14.645
-14.578001
-14.504001
-14.423
-14.334001
-14.236001
-14.129001
-14.013
-13.886001
-13.749001
-13.601001
-13.441001
-13.269001
-13.085001
-12.887001
-12.676001
-12.451
-12.212001
-11.959001
-11.690001
-11.406
-11.106001
-10.791
-10.46
-10.113001
-9.749001
-9.370001
-8.974
-8.562
-8.134001
-7.690001
-7.23
-6.755
-6.265
-5.761
-5.242
-4.692
-4.671
-4.651
-4.632
-4.612
-4.593
-4.574
-4.556
-4.537
-4.519
-4.501
-4.484
-4.466
-4.449
-4.432
-4.416
-4.399
-4.383
-4.367
-4.351
-4.336
-4.32
-4.305
-4.29
-4.263
-4.224
-4.173
-4.111
-4.038
-3.953
-3.858
-3.64
-3.413
-3.177
-2.933
-2.679
-2.417
-2.147
-1.869
-1.583
-1.289
-0.988
-0.68
-0.365
-0.043
0.284
0.618
0.957
1.302
1.651
2.004
2.36
2.72
3.083
3.038
2.994
2.853
2.714
2.577
2.442
2.309
2.177
2.047
1.919
1.793
1.668
1.545
1.423
1.304
1.185
1.069
0.954
0.84
0.728
0.618
0.509
0.401
0.295
0.19
0.087
-0.015
-0.116
-0.215
-0.313
-0.41
-0.505
-0.599
-0.692
-0.783
-0.752
-0.721
-0.691
-0.661
-0.632
-0.603
-0.575
-0.548
-0.521
-0.494
-0.469
-0.443
-0.419
-0.394
-0.371
-0.347
-0.324
-0.302
-0.28
-0.254
-0.229
-0.204
-0.18
-0.156
-0.132
-0.109
-0.087
-0.064
-0.043
-0.021
0.0
0.02
0.04
0.06
0.079
0.098
0.117
0.135
0.153
0.171
0.188
0.205
0.222
0.238
0.254
0.27
0.285
0.301
0.315
0.33
0.344
0.358
0.372
0.386
0.399
0.412
0.425
0.296
0.168
0.042
-0.082
-0.204
-0.325
-0.444
-0.561
-0.677
-0.643
-0.609
-0.576
-0.543
-0.512
-0.48
-0.45
-0.42
-0.378
-0.337
-0.296
-0.257
-0.219
-0.181
-0.145
-0.109
-0.074
-0.04
-0.006
0.026
0.058
0.09
0.12
0.15
0.179
0.208
0.236
0.263
0.289
0.316
0.341
0.062
-0.211
-0.477
-0.738
-0.992
-1.241
-1.484
-1.722
-1.955
-2.182
-2.404
-2.621
-2.833
-3.041
-3.243
-3.442
-3.635
-3.825
-4.01
-4.191
-4.367
-4.54
-4.709
-4.874
-5.036
-5.193
-5.348
-5.195
-5.055
-4.918
-4.784
-4.653
-4.525
-4.4
-4.278
-4.159
-4.042
-3.928
-3.832
-3.737
-3.645
-3.554
-3.466
-3.379
-3.294
-3.21
-3.129
-3.049
-2.97
-2.893
-2.818
-2.744
-2.672
-2.601
-2.532
-2.464
-2.398
-2.333
-2.269
-2.206
-2.145
-2.085
-2.026
-1.968
-1.912
-1.857
-1.802
-1.749
-1.697
-1.646
-1.596
-1.547
-1.5
-1.448
-1.398
-1.349
-1.3
-1.253
-1.092
-0.933
-0.776
-0.621
-0.469
-0.318
-0.169
-0.023
0.122
0.265
0.406
0.545
0.682
0.817
0.951
1.082
1.212
1.341
1.467
1.592
1.715
1.837
1.957
2.23
2.497
2.758
3.013
3.263
3.506
3.46
3.414
3.37
3.327
3.284
3.243
3.202
3.163
3.124
3.086
3.049
2.709
2.377
2.052
1.735
1.424
1.121
0.824
0.535
0.251
-0.026
-0.296
-0.561
-0.819
-1.072
-1.319
-1.257
-1.206
-1.156
-1.106
-1.059
-1.012
-0.966
-0.921
-0.877
-0.835
-0.793
-0.752
-0.712
-0.673
-0.635
-0.597
-0.561
-0.525
-0.49
-0.456
-0.423
-0.39
-0.359
-0.327
-0.297
-0.258
-0.219
-0.182
-0.145
-0.12
-0.096
-0.072
-0.049
-0.026
-0.003
0.019
0.163
0.305
0.446
0.584
0.721
0.856
0.989
1.12
1.249
1.377
1.503
1.49
1.478
1.466
1.454
1.442
1.43
1.419
1.408
1.397
1.386
1.267
1.149
1.033
0.919
0.805
0.694
0.584
0.475
0.368
0.262
0.274
0.285
0.297
0.307
0.318
0.329
0.339
0.349
0.359
0.368
0.382
0.395
0.408
0.421
