0.0
0.189
0.377
0.562
0.744
0.925
1.102
1.277
1.45
1.621
1.789
1.956
2.12
2.281
2.441
2.598
2.754
2.907
3.058
3.207
3.355
3.5
3.643
3.785
3.924
4.062
4.198
4.332
4.464
4.594
4.723
4.85
4.975
5.099
5.221
5.341
5.46
5.577
5.693
5.807
5.92
6.031
6.14
6.248
6.355
6.460001
6.564
6.667
6.768
6.868001
6.966001
7.063
7.159
7.254
7.347
7.439
7.53
7.619
7.708
7.795001
7.881001
7.966001
8.05
8.132
8.214001
8.294001
8.374001
8.452001
8.529
8.606
8.681001
8.755
8.828
8.901
8.972
9.042001
9.112
9.18
9.248
9.315001
9.38
9.445001
9.509001
9.573001
9.635
9.696
9.757001
9.817
9.876
9.934
9.992001
10.049001
10.105
10.160001
10.215
10.268001
10.321
10.374001
10.425
10.476001
10.527
10.576
10.625001
10.674001
10.721001
10.768001
10.815001
10.861
10.906
10.950001
10.994
11.038
11.081
11.123
11.165001
11.206
11.246
11.286
11.326
11.365001
11.403001
11.441001
11.479
11.516001
11.552001
11.588
11.624001
11.659
11.693001
11.727
11.761001
11.794001
11.827001
11.859
11.891001
11.922001
11.953001
11.984
12.014001
12.044001
12.073001
12.102
12.131001
12.159
12.187
12.215
12.242001
12.269001
12.295001
12.321001
12.347
12.372001
12.397
12.422001
12.446001
12.47
12.494
12.517
12.540001
12.563001
12.586
12.608001
12.630001
12.651001
12.673
12.694
12.714001
12.735001
12.755001
12.775001
12.795001
12.814001
12.833
12.852
12.871
12.889001
12.907001
12.925
12.943001
12.960001
12.977
12.994
13.011001
13.028001
13.044001
13.06
13.076
13.092001
13.107
13.122001
13.137001
13.152
13.167001
13.181001
13.195001
13.209001
13.223001
13.237
13.250001
13.264001
13.277
13.290001
13.302001
13.315001
13.326
13.337001
13.347001
13.356001
13.364
13.370001
13.374001
13.375001
13.374001
13.370001
13.362
13.35
13.334001
13.314001
13.288001
13.256001
13.218
13.228001
13.237
13.247001
13.256001
13.265
13.274
13.283001
13.292001
13.298
13.301001
13.301001
13.298
13.293
13.284
13.271001
13.255001
13.235001
13.211
13.183001
13.150001
13.112
13.069
13.02
12.965
12.903001
12.835001
12.76
12.676001
12.585001
12.486001
12.377001
12.259001
12.131001
11.993001
11.844001
11.684001
11.513
11.330001
11.135
10.926001
10.705001
10.471001
10.223001
9.962001
9.686001
9.396001
9.091001
8.772
8.438001
8.089001
7.726
7.348001
6.955
6.547
6.126
5.69
5.24
5.242
5.243
5.245
5.247
5.248
5.25
5.239
5.216
5.18
5.132
5.071
4.999
4.915
4.818
4.71
4.59
4.591
4.592
4.594
4.595
4.596
4.597
4.598
4.599
4.6
4.602
4.603
4.604
4.605
4.606
4.607
4.608
4.609
4.61
4.611
4.612
4.613
4.614
4.615
4.615
4.616
4.617
4.618
4.619
4.62
4.621
4.621
4.622
4.623
4.624
4.625
4.625
4.626
4.614
4.589
4.551
4.501
4.438
4.362
4.275
4.175
4.063
3.939
3.803
3.656
3.496
3.325
3.141
2.947
2.74
2.522
2.293
2.053
2.053
2.053
2.053
2.054
2.054
2.054
2.054
2.055
2.055
2.055
2.055
2.056
2.056
2.056
2.056
2.056
2.057
2.057
2.057
2.057
2.057
2.058
2.058
2.058
2.058
2.058
2.059
2.059
2.059
2.059
2.059
2.059
2.06
2.06
2.06
2.06
2.06
2.06
2.061
2.061
2.061
2.061
2.061
2.061
2.062
2.062
2.048
2.021
1.981
1.927
1.86
1.78
1.688
1.583
1.465
1.335
1.193
1.039
0.873
0.695
0.695
0.695
0.695
0.695
0.695
0.695
0.695
0.695
0.695
0.695
0.695
0.696
0.696
0.696
0.696
0.696
0.696
0.696
0.696
0.696
0.696
0.696
0.696
0.696
0.696
0.696
0.71
0.738
0.779
0.833
0.901
0.981
1.074
1.18
1.18
1.18
1.18
1.18
1.18
1.18
1.18
1.18
1.18
1.181
1.181
1.181
1.181
1.181
1.181
1.181
1.181
1.181
1.181
1.181
1.181
1.195
1.222
1.263
1.318
1.385
1.465
1.559
1.664
1.782
1.912
2.054
2.207
2.372
2.548
2.735
2.933
3.14
3.359
3.586
3.586
3.586
3.587
3.587
3.587
3.587
3.587
3.587
3.587
3.587
3.587
3.601
3.627
3.667
3.72
3.786
3.863
3.953
4.055
4.169
4.169
4.169
4.169
4.169
4.17
4.17
4.17
4.17
4.17
4.17
4.17
4.17
4.17
4.17
4.17
4.17
4.184
4.21
4.249
4.302
4.366
4.443
4.532
4.633
4.745
4.868
5.003
5.148
5.303
5.469
5.644
5.829
6.023
6.225
6.435
6.436
6.436
6.436
6.436
6.436
6.436
6.436
6.436
6.436
6.436
6.436
6.436
6.436
6.436
6.436
6.436
6.436
6.436
6.437
6.437
6.437
6.437
6.424
6.4
6.363
6.314
6.253
6.181
6.096
6.0
5.892
5.772
5.641
5.498
5.344
5.177
5.0
4.81
4.609
4.397
4.173
3.937
3.69
3.431
3.431
3.431
3.431
3.431
3.431
3.432
3.432
3.432
3.432
3.432
3.432
3.432
3.432
3.432
3.432
3.432
3.432
3.432
3.432
3.432
3.432
3.432
3.418
3.392
3.352
3.299
3.233
3.154
3.062
2.959
2.842
2.714
2.573
2.42
2.255
2.078
1.889
1.689
1.478
1.254
1.02
0.775
0.518
0.252
-0.026
-0.313
-0.611
-0.918
-1.235
-1.56
-1.895
-2.237
-2.588
-2.945
-3.31
-3.681
-4.058
-4.44
-4.826
-5.217
-5.611
-6.007
-6.405
-6.803
-6.803
-6.803
-6.803
-6.803
-6.803
-6.777
-6.751
-6.725
-6.699
-6.674
-6.649
-6.625
-6.601
-6.577
-6.553
-6.53
-6.507
-6.473001
-6.427001
-6.397
-6.356
-6.303
-6.239
-6.164001
-6.078
-5.98
-5.871
-5.751
-5.619
-5.477
-5.323
-5.157
-4.981
-4.793
-4.593
-4.383
-4.161
-3.928
-3.683
-3.427
-3.16
-2.87
-2.86
-2.85
-2.841
-2.831
-2.821
-2.812
-2.803
-2.794
-2.784
-2.776
-2.767
-2.758
-2.75
-2.741
-2.733
-2.725
-2.716
-2.708
-2.701
-2.693
-2.685
-2.677
-2.67
-2.663
-2.655
-2.648
-2.641
-2.634
-2.627
-2.632
-2.637
-2.642
-2.646
-2.651
-2.655
-2.66
-2.664
-2.669
-2.673
-2.677
-2.681
-2.686
-2.678
-2.671
-2.663
-2.656
-2.649
-2.642
-2.635
-2.628
-2.621
-2.614
-2.607
-2.601
-2.594
-2.588
-2.582
-2.576
-2.569
-2.563
-2.557
-2.552
-2.546
-2.54
-2.534
-2.529
-2.523
-2.518
-2.513
-2.507
-2.502
-2.497
-2.492
-2.487
-2.482
-2.477
-2.472
-2.467
-2.463
-2.458
-2.454
-2.449
-2.445
-2.44
-2.436
-2.432
-2.427
-2.423
-2.419
-2.415
-2.411
-2.407
-2.403
-2.4
-2.396
-2.392
-2.388
-2.385
-2.393
-2.401
-2.409
-2.416
-2.424
-2.432
-2.439
-2.447
-2.454
-2.461
-2.468
-2.475
-2.482
-2.489
-2.496
-2.502
-2.509
-2.515
-2.522
-2.528
-2.534
-2.54
-2.534
-2.529
-2.523
-2.518
-2.513
-2.507
-2.502
-2.497
-2.492
-2.487
-2.482
-2.477
-2.472
-2.467
-2.463
-2.458
-2.465
-2.472
-2.479
-2.486
-2.493
-2.5
-2.506
-2.513
-2.519
-2.525
-2.532
-2.538
-2.544
-2.55
-2.556
-2.561
-2.567
-2.573
-2.578
-2.584
-2.589
-2.595
-2.6
-2.605
-2.61
-2.616
-2.621
-2.626
-2.63
-2.635
-2.64
-2.645
-2.649
-2.654
-2.658
-2.663
-2.667
-2.672
-2.676
-2.68
-2.684
-2.688
-2.692
-2.696
-2.7
-2.704
-2.708
-2.712
-2.703
-2.682
-2.649
-2.604
-2.547
-2.478
-2.397
-2.304
-2.199
-2.083
-1.955
-1.816
-1.665
-1.503
-1.33
-1.146
-0.951
-0.744
-0.527
-0.3
-0.062
0.187
0.445
0.446
0.446
0.447
0.447
0.448
0.448
0.448
0.449
0.449
0.45
0.45
0.45
0.451
0.451
0.451
0.452
0.452
0.453
0.453
0.453
0.44
0.414
0.376
0.324
0.26
0.183
0.094
-0.007
-0.121
-0.246
-0.246
-0.246
-0.246
-0.246
-0.246
-0.247
-0.247
-0.247
-0.247
-0.247
-0.247
-0.247
-0.248
-0.248
-0.248
-0.248
-0.248
-0.248
-0.248
-0.248
-0.249
-0.249
-0.249
-0.249
-0.249
-0.249
-0.249
-0.249
-0.249
-0.25
-0.25
-0.25
-0.25
-0.25
-0.25
-0.25
-0.25
-0.25
-0.25
-0.25
-0.251
-0.251
-0.251
-0.251
-0.251
-0.251
-0.251
-0.251
-0.251
-0.251
-0.251
-0.251
-0.251
-0.252
-0.252
-0.252
-0.252
-0.252
-0.252
-0.252
-0.252
-0.252
-0.252
-0.252
-0.252
-0.252
-0.252
-0.252
-0.252
-0.253
-0.253
-0.253
-0.253
-0.253
-0.253
-0.253
-0.253
-0.253
-0.253
-0.253
-0.253
-0.253
-0.253
-0.253
-0.253
-0.253
-0.253
-0.253
-0.253
-0.254
-0.254
-0.254
-0.254
-0.254
-0.254
-0.254
-0.254
-0.254
-0.254
-0.254
-0.254
-0.254
-0.254
-0.254
-0.254
-0.254
-0.254
-0.254
-0.254
-0.254
-0.254
-0.254
-0.254
-0.254
-0.254
-0.254
-0.254
-0.254
-0.254
-0.254
-0.255
-0.255
-0.255
-0.255
-0.255
-0.255
-0.255
-0.255
-0.255
-0.255
-0.255
-0.255
-0.255
-0.255
-0.255
-0.255
-0.255
-0.255
-0.255
-0.255
-0.255
-0.255
-0.255
-0.257
-0.258
-0.26
-0.262
-0.263
-0.265
-0.267
-0.268
-0.269
-0.271
-0.258
-0.229
-0.186
-0.128
-0.056
0.032
0.134
0.252
0.384
0.53
0.691
0.867
1.057
1.261
1.479
1.712
1.958
2.217
2.49
2.776
3.074
3.385
3.708
4.042
4.388
4.744
5.111
5.487
5.873
6.267
6.668
6.684
6.699
6.713
6.728
6.742
6.755
6.769001
6.782001
6.795001
6.807
6.835001
6.877
6.935
7.007
7.094
7.195
7.309
7.438
7.58
7.735
7.873
8.022
8.182
8.354
8.535001
8.726001
8.926001
9.135
9.351001
9.575001
9.806001
10.043
10.285001
10.532001
10.783001
11.038
11.295
11.554001
11.814
12.074
12.333
12.591001
12.847001
13.1
13.348001
13.592001
13.829
14.06
14.282001
14.496
14.700001
14.894001
15.075001
15.244
15.399001
15.539001
15.663001
15.771001
15.861001
15.932001
15.908001
15.884001
15.860001
15.836
15.813001
15.790001
15.767001
15.745001
15.723001
15.701001
15.682001
15.665001
15.651001
15.639001
15.629001
15.620001
15.614
15.608001
15.603001
15.599001
15.594001
15.590001
15.584001
15.578001
15.569001
15.559001
15.545001
15.528001
15.508
15.483001
15.453001
15.417001
15.375001
15.326001
15.27
15.206
15.133
15.051001
14.959001
14.856001
14.742001
14.616001
14.479001
14.328001
14.164001
13.986001
13.793
13.585001
13.362
13.124001
12.869
12.597
12.308001
12.003
11.679001
11.339001
10.98
10.604
10.209001
9.797001
9.367001
8.92
8.455001
7.972001
7.474
6.958
6.427001
5.88
5.319
4.744
4.155
3.554
2.941
2.318
1.685
1.044
0.396
-0.258
-0.917
-1.579
-2.243
-2.241
-2.24
-2.239
-2.238
-2.236
-2.235
-2.234
-2.233
-2.223
-2.214
-2.205
-2.196
-2.186
-2.178
-2.169
-2.16
-2.152
-2.143
-2.135
-2.127
-2.118
-2.11
-2.103
-2.095
-2.087
-2.08
-2.072
-2.065
-2.057
-2.05
-2.043
-2.036
-2.029
-2.022
-2.016
-2.009
-2.003
-1.996
-1.99
-1.983
-1.977
-1.958
-1.927
-1.884
-1.83
-1.763
-1.686
-1.597
-1.498
-1.387
-1.267
-1.136
-0.995
-0.845
-0.685
-0.515
-0.336
-0.148
0.048
0.253
0.466
0.688
0.917
1.154
1.397
1.648
1.905
2.169
2.164
2.159
2.154
2.149
2.144
2.14
2.135
2.13
2.126
2.122
2.117
2.113
2.109
2.104
2.1
2.085
2.058
2.021
1.973
1.914
1.845
1.766
1.677
1.578
1.47
1.352
1.224
1.088
0.942
0.787
0.623
0.622
0.624
0.626
0.628
0.63
0.632
0.634
0.636
0.638
0.64
0.642
0.643
0.642
0.641
0.64
0.638
0.637
0.636
0.635
0.634
0.633
0.631
0.63
0.629
0.628
0.627
0.626
0.625
0.624
0.623
0.622
0.621
0.62
0.619
0.618
0.617
0.616
0.615
0.614
0.613
0.613
0.612
0.611
0.61
0.609
0.608
0.608
0.607
0.606
0.608
0.611
0.613
0.615
0.617
0.619
0.621
0.62
0.619
0.618
0.617
0.62
0.622
0.624
0.626
0.628
0.63
0.632
0.64
0.648
0.656
0.664
0.672
0.68
0.687
0.694
0.701
0.708
0.715
0.722
0.728
0.734
0.741
0.747
0.752
0.758
0.764
0.769
0.775
0.78
0.785
0.79
0.795
0.8
0.805
0.809
0.814
0.818
0.808
0.782
0.742
0.687
0.617
0.532
0.432
0.317
0.188
0.044
-0.115
-0.289
-0.477
-0.679
-0.896
-1.127
-1.372
-1.63
-1.902
-2.187
-2.486
-2.797
-3.12
-3.455
-3.802
-4.16
-4.529
-4.908
-5.297
-5.694
-6.101
-6.486001
-6.876
-7.269001
-7.664001
-8.061001
-8.459001
-8.857
-9.255
-9.650001
-10.043
-10.432
-10.816001
-11.194
-11.566001
-11.93
-12.285001
-12.629001
-12.963
-13.284
-13.592001
-13.885
-14.163001
-14.423
-14.666
-14.89
-15.093
-15.275001
-15.434001
-15.570001
-15.682001
-15.769001
-15.829
-15.861001
-15.866001
-15.842001
-15.789001
-15.768001
-15.747001
-15.727001
-15.707001
-15.687
-15.667001
-15.648001
-15.629001
-15.610001
-15.592001
-15.573001
-15.555
-15.538001
-15.523001
-15.508
-15.495001
-15.482
-15.47
-15.458001
-15.446001
-15.434001
-15.421
-15.407001
-15.392001
-15.377001
-15.362
-15.347001
-15.332001
-15.318001
-15.303
-15.289001
-15.276001
-15.262001
-15.248001
-15.235001
-15.222001
-15.209001
-15.196001
-15.184001
-15.171
-15.159
-15.147
-15.135001
-15.123001
-15.111001
-15.1
-15.089001
-15.077001
-15.066001
-15.055
-15.045001
-15.034
-15.024001
-15.013
-15.003
-14.993001
-14.983001
-14.973001
-14.964001
-14.954
-14.945001
-14.936001
-14.927001
-14.917001
-14.909
-14.900001
-14.891001
-14.883
-14.874001
-14.866001
-14.858001
-14.85
-14.842001
-14.834001
-14.826001
-14.818001
-14.811001
-14.803
-14.887001
-14.969001
-15.049001
-15.127001
-15.204
-15.279
-15.352001
-15.424001
-15.493001
-15.562
-15.628001
-15.694001
-15.758
-15.820001
-15.881001
-15.940001
-15.999001
-16.056002
-16.111
-16.166
-16.219
-16.271
-16.322001
-16.371
-16.42
-16.467001
-16.514
-16.559
-16.603001
-16.647001
-16.689001
-16.730001
-16.771
-16.810001
-16.849001
-16.887001
-16.924002
-16.960001
-16.995001
-17.029001
-17.063002
-17.096001
-17.128
-17.160002
-17.190001
-17.098001
-17.008001
-16.92
-16.834002
-16.75
-16.668001
-16.587
-16.509001
-16.432001
-16.479
-16.525002
-16.570002
-16.614
-16.657001
-16.699001
-16.740002
-16.707001
-16.674002
-16.642
-16.610001
-16.579
-16.548
-16.517
-16.487001
-16.457001
-16.428001
-16.399
-16.370001
-16.342001
-16.314001
-16.286001
-16.259001
-16.232
-16.206001
-16.18
-16.154001
-16.129002
-16.104
-16.079
-16.055
-16.031
-16.007
-15.983001
-15.960001
-15.937001
-15.915001
-15.893001
-15.871
-15.849001
-15.828001
-15.807001
-15.731001
-15.655001
-15.581
-15.507001
-15.435
-15.363001
-15.293001
-15.223001
-15.155001
-15.087001
-15.02
-14.954
-14.889001
-14.825001
-14.762001
-14.699
-14.638
-14.577001
-14.517001
-14.458001
-14.399001
-14.342001
-14.285001
-14.229001
-14.173
-14.119
-14.065001
-14.012001
-13.959001
-13.907001
-13.856001
-13.839001
-13.823001
-13.806001
-13.913001
-14.017
-14.118001
-14.217001
-14.315001
-14.409
-14.502001
-14.593
-14.681001
-14.768001
-14.853001
-14.935
-15.016001
-15.095
-15.173
-15.248001
-15.322001
-15.394001
-15.465001
-15.534
-15.601001
-15.667001
-15.731001
-15.794001
-15.856001
-15.916
-15.975
-16.032001
-16.088001
-16.143002
-16.197001
-16.249001
-16.301001
-16.351
-16.400002
-16.448
-16.495001
-16.540001
-16.585001
-16.629002
-16.672001
-16.713001
-16.754002
-16.794001
-16.833
-16.871
-16.908001
-16.945002
-16.980001
-17.015001
-17.049002
-17.082001
-17.115002
-17.146
-17.176001
-17.205
-17.232
-17.258001
-17.213001
-17.167002
-17.119001
-17.069
-17.018002
-16.963001
-16.905001
-16.844
-16.778
-16.708
-16.633001
-16.551001
-16.464001
-16.369001
-16.268002
-16.158001
-16.039001
-15.912001
-15.774001
-15.626
-15.468
-15.298
-15.116001
-14.922001
-14.714001
-14.493001
-14.258
-14.009001
-13.745001
-13.466001
-13.171
-12.860001
-12.839001
-12.819
-12.799001
-12.779
-12.759001
-12.740001
-12.72
-12.702001
-12.692
-12.693001
-12.703001
-12.721001
-12.749001
-12.785001
-12.829
-12.881001
-12.940001
-13.006001
-13.078001
-13.157001
-13.240001
-13.329
-13.423
-13.52
-13.620001
-13.724001
-13.829
-13.936001
-14.044001
-14.152
-14.259001
-14.243001
-14.228001
-14.212001
-14.197001
-14.182001
-14.167001
-14.152
-14.138
-14.130001
-14.128
-14.131001
-14.141001
-14.155001
-14.175001
-14.200001
-14.229001
-14.262001
-14.299001
-14.340001
-14.383
-14.429001
-14.476001
-14.525001
-14.575001
-14.625001
-14.675001
-14.725
-14.772
-14.818001
-14.861001
-14.901001
-14.936001
-14.925001
-14.914001
-14.903001
-14.893001
-14.882001
-14.874001
-14.868001
-14.864
-14.861001
-14.861001
-14.862
-14.864
-14.867001
-14.871
-14.875001
-14.866001
-14.857
-14.848001
-14.840001
-14.831
-14.822001
-14.814001
-14.806001
-14.797001
-14.791
-14.785001
-14.781001
-14.778001
-14.776001
-14.775001
-14.774001
-14.774001
-14.773001
-14.772
-14.77
-14.767001
-14.763
-14.756001
-14.748001
-14.736001
-14.721001
-14.701001
-14.678
-14.649001
-14.615001
-14.575001
-14.529
-14.475
-14.413001
-14.343
-14.264001
-14.176001
-14.077001
-13.968
-13.847001
-13.715001
-13.571001
-13.413001
-13.242001
-13.058001
-12.859
-12.645
-12.416
-12.172001
-11.912001
-11.635
-11.342001
-11.033001
-10.706
-10.363001
-10.002001
-9.624001
-9.229
-8.816
-8.387
-7.941
-5.84
-3.909
-2.912
-1.984
-1.505
-1.052
-0.816
-0.59
-0.467
-0.346
-0.276
-0.206
-0.159
-0.112
-0.077
-0.041
-0.026
-0.004
0.01
0.024
0.038
0.051
0.065
0.078
0.091
0.104
0.117
0.129
0.141
0.154
0.166
0.177
0.189
0.201
0.212
0.223
0.238
0.255
0.276
0.302
0.331
0.366
0.405
0.45
0.5
0.556
0.618
0.686
0.761
0.842
0.93
1.024
1.048
1.072
1.095
1.118
1.14
1.163
1.185
1.206
1.228
1.249
1.27
1.29
1.311
1.331
1.35
1.37
1.389
1.408
1.427
1.445
1.463
1.481
1.499
1.517
1.534
1.551
1.568
1.584
1.601
1.617
1.633
1.648
1.664
1.679
1.694
1.709
1.724
1.738
1.753
1.767
1.781
1.795
1.808
1.822
1.835
1.848
1.861
1.873
1.886
1.898
1.91
1.922
1.934
1.946
1.958
1.969
1.98
1.991
2.002
2.013
2.024
2.044
2.074
2.114
2.164
2.223
2.292
2.371
2.459
2.557
2.665
2.781
2.907
3.042
3.187
3.34
3.501
3.672
3.85
4.037
4.231
4.433
4.643
4.859
5.082
5.311
5.546
5.786
6.032
6.281
6.535
6.793
7.053
7.315001
7.58
7.845
8.111
8.376
8.64
8.903001
9.162001
9.419001
9.671
9.918
10.159
10.394
10.620001
10.838
11.047001
11.245001
11.27
11.295
11.320001
11.345
11.369
11.392
11.416
11.439
11.462001
11.485001
11.507001
11.529
11.55
11.572001
11.593
11.614
11.634001
11.655001
11.675
11.694
11.714001
11.733001
11.752001
11.771001
11.789001
11.807
11.825001
11.843
11.860001
11.878
11.895
11.911
11.928
11.944
11.960001
11.976001
11.992001
12.008
12.023001
12.038
12.053
12.068001
12.077001
12.082001
12.081
12.075001
12.064
12.048
12.026001
11.998
11.965
11.925
11.88
11.827001
11.768001
11.702001
11.629001
11.548
11.459001
11.361001
11.255
11.14
11.016001
10.882001
10.738001
10.583
10.418
10.242001
10.055
9.855
9.644
9.421
9.185
9.192
9.199
9.206
9.213
9.22
9.226001
9.233001
9.23
9.217
9.194
9.162001
9.120001
9.069
9.008
8.937
8.856
8.766001
8.666
8.556001
8.435
8.304001
8.163
8.012
7.849
7.676001
7.492001
7.297
7.09
6.872
6.643
6.403
6.15
5.886
5.611
5.323
5.024
4.713
4.391
4.057
3.711
3.355
2.987
2.608
2.219
1.819
1.409
0.99
0.562
0.125
-0.32
-0.773
-1.233
-1.699
-2.171
-2.648
-3.128
-3.612
-4.099
-4.586
-4.588
-4.589
-4.591
-4.592
-4.594
-4.595
-4.584
-4.559
-4.523
-4.474
-4.412
-4.338
-4.252
-4.154
-4.044
-3.922
-3.787
-3.642
-3.484
-3.314
-3.133
-2.941
-2.737
-2.521
-2.294
-2.056
-1.807
-1.546
-1.275
-0.993
-0.701
-0.399
-0.086
0.236
0.567
0.908
1.257
1.615
1.615
1.616
1.616
1.616
1.617
1.617
1.617
1.617
1.618
1.618
1.618
1.619
1.619
1.619
1.619
1.62
1.62
1.62
1.621
1.621
1.607
1.58
1.54
1.487
1.42
1.341
1.249
1.144
1.027
1.027
1.027
1.027
1.027
1.027
1.028
1.028
1.028
1.035
1.042
1.049
1.056
1.062
1.069
1.075
1.081
1.087
1.093
1.099
1.105
1.11
1.116
1.121
1.126
1.116
1.09
1.05
0.994
0.923
0.837
0.735
0.619
0.488
0.341
0.342
0.344
0.345
0.346
0.347
0.348
0.333
0.302
0.255
0.192
0.113
0.019
-0.091
-0.091
-0.091
-0.092
-0.092
-0.092
-0.092
-0.092
-0.092
-0.093
-0.093
-0.093
-0.093
-0.093
-0.093
-0.094
-0.094
-0.094
-0.094
-0.094
-0.094
-0.094
-0.095
-0.111
-0.145
-0.194
-0.26
-0.341
-0.438
-0.55
-0.676
-0.817
-0.972
-1.14
-1.322
-1.319
-1.316
-1.314
-1.311
-1.308
-1.306
-1.303
-1.301
-1.298
-1.296
-1.293
-1.291
-1.288
-1.286
-1.284
-1.281
-1.279
-1.277
-1.274
-1.272
-1.27
-1.268
-1.266
-1.264
-1.262
-1.26
-1.258
-1.256
-1.254
-1.252
-1.25
-1.248
-1.246
-1.26
-1.289
-1.333
-1.392
-1.465
-1.553
-1.654
-1.769
-1.898
-2.04
-2.194
-2.361
-2.54
-2.731
-2.934
-3.148
-3.373
-3.608
-3.854
-4.109
-4.374
-4.648
-4.931
-5.221
-5.519
-5.824
-6.136
-6.453
-6.776
-7.104001
-7.096
-7.089
-7.082
-7.075
-7.069
-7.062
-7.055
-7.049
-7.043
-7.049
-7.069
-7.102
-7.148
-7.205
-7.275001
-7.357
-7.449
-7.553
-7.668
-7.793
-7.928
-8.072001
-8.226001
-8.388
-8.558001
-8.737
-8.922001
-9.115001
-9.313001
-9.518001
-9.727
-9.942
-10.160001
-10.381001
-10.605
-10.831
-11.058001
-11.286
-11.514001
-11.740001
-11.965
-12.188001
-12.407001
-12.621
-12.831
-13.035001
-13.232
-13.421
-13.602
-13.773001
-13.933001
-14.083001
-14.219001
-14.343
-14.336
-14.329
-14.322001
-14.315001
-14.311001
-14.312
-14.315001
-14.322001
-14.333001
-14.346001
-14.361001
-14.355
-14.349001
-14.343
-14.337001
-14.331
-14.325001
-14.319
-14.313001
-14.307001
-14.302001
-14.296
-14.291
-14.286
-14.280001
-14.278001
-14.279
-14.284
-14.291
-14.301001
-14.313001
-14.327001
-14.344001
-14.362
-14.381001
-14.401001
-14.422001
-14.442
-14.463
-14.482
-14.500001
-14.516001
-14.530001
-14.541
-14.548
-14.551001
-14.550001
-14.543
-14.531001
-14.512001
-14.486001
-14.452001
-14.410001
-14.358001
-14.298
-14.227
-14.145
-14.051001
-13.946001
-13.828001
-13.696001
-13.551001
-13.392
-13.217001
-13.027
-12.822001
-12.6
-12.362
-12.106001
-11.834001
-11.543
-11.235001
-10.909
-10.565001
-10.203
-9.822001
-9.423
-9.006001
-8.571
-8.119
-7.649
-7.647
-7.646
-7.645
-7.643
-7.642
-7.641
-7.64
-7.638
-7.637001
-7.636
-7.635
-7.634
-7.633
-7.631001
-7.630001
-7.629
-7.628
-7.627
-7.626
-7.625
-7.624001
-7.623
-7.622
-7.609
-7.584001
-7.548
-7.5
-7.441
-7.37
-7.288001
-7.194
-7.089
-6.973001
-6.845
-6.707
-6.556
-6.394001
-6.221
-6.037
-5.84
-5.633
-5.413
-5.182
-4.94
-4.686
-4.421
-4.144
-3.855
-3.556
-3.245
-3.244
-3.244
-3.244
-3.244
-3.243
-3.243
-3.243
-3.242
-3.242
-3.242
-3.242
-3.241
-3.241
-3.241
-3.241
-3.24
-3.24
-3.24
-3.24
-3.239
-3.239
-3.239
-3.239
-3.239
-3.238
-3.226
-3.213
-3.201
-3.175
-3.136
-3.085
-3.021
-2.946
-2.858
-2.759
-2.649
-2.527
-2.395
-2.251
-2.098
-1.934
-1.76
-1.576
-1.383
-1.18
-0.968
-0.747
-0.517
-0.516
-0.514
-0.512
-0.511
-0.509
-0.508
-0.506
-0.505
-0.503
-0.502
-0.5
-0.499
-0.498
-0.496
-0.495
-0.494
-0.492
-0.491
-0.49
-0.488
-0.487
-0.486
-0.485
-0.483
-0.482
-0.481
-0.48
-0.479
-0.478
-0.477
-0.475
-0.463
-0.438
-0.402
-0.355
-0.298
-0.229
-0.15
-0.061
0.039
0.148
0.267
0.395
0.535
0.537
0.538
0.54
0.541
0.542
0.544
0.545
0.546
0.548
0.549
0.55
0.552
0.553
0.554
0.555
0.556
0.558
0.559
0.56
0.561
0.562
0.563
0.564
0.565
0.566
0.567
0.568
0.569
0.57
0.571
0.572
0.573
0.574
0.575
0.576
0.577
0.578
0.579
0.58
0.581
0.581
0.582
0.583
0.584
0.585
0.586
0.586
0.587
0.588
0.589
0.589
0.59
0.591
0.591
0.592
0.593
0.594
0.594
0.595
0.596
0.596
0.597
0.598
0.598
0.599
0.599
0.6
0.601
0.601
0.602
0.602
0.603
0.603
0.604
0.604
0.605
0.606
0.606
0.607
0.607
0.608
0.608
0.609
0.609
0.61
0.61
0.61
0.611
0.611
0.612
0.599
0.573
0.534
0.483
0.418
0.342
0.253
0.151
0.038
-0.088
-0.225
-0.374
-0.534
-0.706
-0.889
-1.082
-1.287
-1.502
-1.727
-1.962
-2.207
-2.462
-2.726
-2.998
-3.279
-3.568
-3.865
-4.169
-4.48
-4.797
-5.12
-5.448
-5.781
-6.118001
-6.458
-6.801
-7.146
-7.149
-7.152
-7.155
-7.158
-7.161
-7.164001
-7.167
-7.169
-7.172
-7.186
-7.212
-7.249001
-7.297
-7.355
-7.425
-7.504
-7.594
-7.693
-7.802001
-7.920001
-8.047
-8.183001
-8.326
-8.477
-8.636001
-8.801001
-8.973001
-9.150001
-9.333
-9.521001
-9.714001
-9.910001
-10.109
-10.311001
-10.515
-10.721001
-10.927
-11.133
-11.338
-11.542001
-11.744
-11.943001
-12.137001
-12.328001
-12.513
-12.691001
-12.863001
-13.027
-13.181001
-13.327001
-13.461
-13.584001
-13.695001
-13.793
-13.876
-13.945001
-13.997001
-14.033001
-14.052001
-14.053
-14.034
-13.996
-13.937
-13.857
-13.756001
-13.632001
-13.485001
-13.315001
-13.121
-12.903001
-12.661
-12.394001
-12.102
-12.104001
-12.106001
-12.107
-12.109
-12.111001
-12.113001
-12.114
-12.116
-12.118001
-12.119
-12.121
-12.116
-12.103001
-12.084001
-12.057
-12.024
-11.983001
-11.935
-11.88
-11.817
-11.747001
-11.668
-11.582001
-11.488001
-11.385
-11.273001
-11.152
-11.022
-10.883
-10.733001
-10.574
-10.404
-10.224001
-10.033001
-9.830001
-9.616
-9.391001
-9.153001
-8.904
-8.642
-8.368
-8.081
-7.782001
-7.469
-7.144001
-6.806
-6.455
-6.091
-5.715
-5.325
-4.924
-4.509
-4.083
-3.645
-3.196
-2.736
-2.265
-1.784
-1.293
-0.794
-0.794
-0.794
-0.794
-0.794
-0.794
-0.794
-0.794
-0.794
-0.794
-0.794
-0.794
-0.794
-0.794
-0.794
-0.781
-0.753
-0.712
-0.658
-0.59
-0.51
-0.417
-0.417
-0.417
-0.417
-0.417
-0.417
-0.417
-0.417
-0.417
-0.417
-0.417
-0.417
-0.417
-0.417
-0.417
-0.417
-0.417
-0.417
-0.417
-0.417
-0.417
-0.417
-0.417
-0.417
-0.417
-0.417
-0.417
-0.417
-0.417
-0.417
-0.417
-0.417
-0.417
-0.417
-0.417
-0.417
-0.417
-0.417
-0.417
-0.417
-0.417
-0.417
-0.417
-0.417
-0.417
-0.417
-0.417
-0.417
-0.417
-0.417
-0.417
-0.416
-0.414
-0.412
-0.411
-0.409
-0.408
-0.406
-0.405
-0.403
-0.402
-0.4
-0.399
-0.398
-0.396
-0.395
-0.394
1.428
-0.133
0.764
0.009
0.447
0.084
0.296
0.122
0.224
0.141
0.19
0.15
0.174
0.154
0.166
0.156
0.162
0.157
0.16
0.158
0.159
0.158
0.159
0.158
0.159
0.158
0.159
0.158
0.158
0.158
0.158
0.158
0.158
0.158
0.158
0.158
0.158
0.158
0.294
0.17
0.296
0.219
0.285
0.254
0.44
0.625
0.806
0.985
1.162
1.337
1.509
1.678
1.645
1.612
1.58
1.548
1.517
1.487
1.457
1.428
1.399
1.371
1.344
1.317
1.291
1.265
1.24
1.215
1.187
1.159
1.132
1.105
1.079
1.053
1.028
1.003
0.979
0.955
0.932
0.909
0.891
0.873
0.856
0.839
0.822
0.805
0.661
0.462
0.266
0.124
-0.015
-0.021
-0.026
-0.032
-0.037
-0.042
-0.048
-0.053
-0.058
-0.063
-0.068
-0.072
-0.077
-0.082
-0.086
-0.091
-0.096
-0.1
-0.104
-0.109
-0.113
-0.117
-0.121
-0.125
-0.129
-0.133
-0.137
-0.141
-0.145
-0.149
-0.152
-0.156
-0.159
-0.163
-0.166
-0.216
-0.218
-0.22
-0.222
-0.224
-0.226
-0.228
-0.23
-0.232
-0.234
-0.236
-0.238
-0.24
-0.242
-0.244
-0.246
-0.248
-0.249
-0.251
-0.253
-0.255
-0.257
-0.258
-0.26
-0.262
-0.262
-0.262
-0.262
-0.262
-0.262
-0.262
-0.263
-0.263
-0.263
-0.263
-0.263
-0.263
-0.263
-0.264
-0.264
-0.264
-0.264
-0.264
-0.264
-0.264
-0.265
-0.265
-0.265
-0.265
-0.265
-0.266
-0.266
-0.266
-0.266
-0.266
-0.266
-0.267
-0.267
-0.267
-0.269
-0.271
-0.272
-0.274
-0.276
-0.278
-0.279
-0.281
-0.283
-0.284
-0.286
-0.287
-0.289
-0.291
-0.292
-0.294
-0.295
-0.297
-0.298
-0.3
-0.301
-0.302
-0.304
-0.305
-0.307
-0.308
-0.309
-0.311
-0.312
-0.313
-0.314
-0.316
-0.317
-0.318
-0.319
-0.321
-0.322
-0.323
-0.324
-0.325
-0.326
-0.327
-0.329
-0.33
-0.331
-0.332
-0.333
-0.334
-0.335
-0.336
-0.337
-0.338
-0.339
-0.34
-0.341
-0.342
-0.343
-0.344
-0.345
-0.345
-0.346
-0.347
-0.348
-0.349
-0.35
-0.351
-0.351
-0.352
-0.353
-0.354
-0.355
-0.355
-0.356
-0.357
-0.358
-0.358
-0.359
-0.36
-0.36
-0.361
-0.362
-0.363
-0.363
-0.364
-0.365
-0.365
-0.366
-0.367
-0.367
-0.368
-0.368
-0.369
-0.37
-0.37
-0.371
-0.375
-0.378
-0.382
-0.386
-0.389
-0.392
-0.396
-0.399
-0.402
-0.405
-0.408
-0.411
-0.414
-0.417
-0.42
-0.423
-0.425
-0.428
-0.43
-0.433
-0.435
-0.438
-0.44
-0.442
-0.445
-0.447
-0.449
-0.451
-0.453
-0.455
-0.457
-0.459
-0.461
-0.462
-0.464
-0.466
-0.468
-0.469
-0.471
-0.472
-0.474
-0.475
-0.477
-0.478
-0.48
-0.481
-0.482
-0.484
-0.485
-0.486
-0.488
-0.489
-0.49
-0.491
-0.492
-0.493
-0.494
-0.495
-0.496
-0.497
-0.498
-0.497
-0.496
-0.495
-0.494
-0.493
-0.492
-0.491
-0.49
-0.489
-0.488
-0.487
-0.486
-0.485
-0.484
-0.483
-0.482
-0.481
-0.481
-0.48
-0.479
-0.478
-0.477
-0.476
-0.476
-0.475
-0.474
-0.473
-0.472
-0.472
-0.471
-0.47
-0.469
-0.469
-0.468
-0.467
-0.467
-0.466
-0.465
-0.465
-0.464
-0.463
-0.463
-0.326
-0.191
-0.059
0.073
0.202
0.33
0.456
0.58
0.703
0.824
0.943
1.061
1.031
1.002
0.974
0.946
0.918
0.892
0.865
0.84
0.814
0.79
0.765
0.742
0.593
0.447
0.303
0.161
0.021
-0.118
-0.255
-0.389
-0.522
-0.654
-0.783
-0.776
-0.769
-0.761
-0.755
-0.748
-0.741
-0.735
-0.728
-0.722
-0.716
-0.71
-0.704
-0.698
-0.692
-0.687
-0.681
-0.676
-0.671
-0.666
-0.661
-0.656
-0.651
-0.646
-0.642
-0.637
-0.633
-0.628
-0.624
-0.62
-0.616
-0.612
-0.608
-0.618
-0.642
-0.679
-0.73
-0.794
-0.871
-0.961
-1.064
-1.179
-1.306
-1.445
-1.597
-1.76
-1.934
-2.119
-2.316
-2.523
-2.74
-2.968
-3.205
-3.452
-3.707
-3.972
-4.245
-4.526
-4.814
-5.109
-5.411
-5.718
-6.032
-6.35
-6.672
-6.998
-7.327
-7.658
-7.99
-8.324
-8.657001
-8.989
-9.320001
-9.648001
-9.973001
-10.293
-10.608001
-10.917001
-11.219001
-11.512
-11.796
-12.070001
-12.332001
-12.582001
-12.818001
-13.040001
-13.247001
-13.437
-13.609
-13.762001
-13.896001
-14.01
-14.102
-14.171
-14.217001
-14.335001
-14.426001
-14.489
-14.522
-14.525001
-14.496
-14.434001
-14.514001
-14.593
-14.669001
-14.744
-14.817
-14.889001
-14.959001
-15.027
-15.094001
-15.159
-15.223001
-15.286
-15.347001
-15.406001
-15.465001
-15.522
-15.577001
-15.632001
-15.636001
-15.641001
-15.646001
-15.650001
-15.654
-15.658001
-15.662001
-15.666
-15.670001
-15.674001
-15.678
-15.682001
-15.685
-15.689001
-15.692
-15.695001
-15.699
-15.702001
-15.705001
-15.708001
-15.711
-15.714001
-15.717001
-15.720001
-15.722001
-15.725
-15.728001
-15.73
-15.781001
-15.831
-15.880001
-15.927001
-15.974001
-16.019001
-16.064001
-16.107
-16.069
-16.031
-15.994
-15.958001
-15.922001
-15.887001
-15.853001
-15.819001
-15.785001
-15.753001
-15.721001
-15.689001
-15.658001
-15.627001
-15.597001
-15.568001
-15.539001
-15.511001
-15.483001
-15.455001
-15.428
-15.402
-15.376
-15.35
-15.325001
-15.300001
-15.276001
-15.252001
-15.229001
-15.206
-15.183001
-15.161
-15.138
-15.114
-15.090001
-15.064001
-15.037001
-15.008
-14.976001
-14.943001
-14.906001
-14.866001
-14.823001
-14.775001
-14.723001
-14.666
-14.603001
-14.535001
-14.460001
-14.378
-14.289001
-14.192
-14.086
-13.972001
-13.848001
-13.714001
-13.569
-13.414001
-13.247001
-13.068001
-12.876
-12.672001
-12.455001
-12.224001
-11.979001
-11.72
-11.446
-11.157001
-10.853001
-10.534
-10.199
-9.848001
-9.482
-9.1
-8.702001
-8.289001
-7.859
-7.415
-6.955
-6.481
-5.992
-5.515
-5.018
-4.5
-3.964
-3.408
-2.835
-2.244
-1.638
-1.016
-0.38
0.268
0.927
1.597
1.623
1.649
1.674
1.699
1.723
1.746
1.769
1.792
1.814
1.835
1.856
1.877
1.897
1.916
1.936
1.954
1.973
1.991
2.008
2.025
2.042
2.058
2.074
2.09
2.105
2.12
2.135
2.149
2.163
2.176
2.19
2.203
2.215
2.228
2.24
2.235
2.214
2.175
2.12
2.049
1.961
1.857
1.737
1.601
1.45
1.282
1.1
0.901
0.684
0.453
0.209
-0.047
-0.316
-0.596
-0.889
-1.192
-1.507
-1.499
-1.492
-1.486
-1.479
-1.468
-1.457
-1.447
-1.437
-1.426
-1.416
-1.407
-1.397
-1.387
-1.378
-1.369
-1.36
-1.351
-1.342
-1.333
-1.325
-1.316
-1.308
-1.315
-1.336
-1.372
-1.427
-1.496
-1.578
-1.675
-1.784
-1.906
-2.042
-2.189
-2.349
-2.521
-2.705
-2.9
-3.106
-3.323
-3.55
-3.788
-4.035
-4.291
-4.557
-4.831
-5.113
-5.402
-5.698
-6.001
-6.31
-6.625
-6.944
-7.267
-7.594
-7.924
-8.255
-8.249001
-8.243
-8.237
-8.231
-8.225
-8.219001
-8.213
-8.208
-8.172
-8.136001
-8.101001
-8.066
-8.032001
-7.998
-7.965
-7.932
-7.900001
-7.868001
-7.837
-7.836
-7.824
-7.8
-7.765
-7.719
-7.662
-7.593
-7.592
-7.592
-7.592
-7.591001
-7.591001
-7.59
-7.59
-7.589
-7.589
-7.589
-7.588
-7.588
-7.587
-7.599
-7.622
-7.656
-7.702
-7.758
-7.826
-7.903
-7.991
-8.089001
-8.196
-8.312
-8.437
-8.571
-8.713
-8.922001
-9.14
-9.365001
-9.597
-9.836
-10.081
-10.333
-10.589001
-10.85
-11.116
-11.384001
-11.656
-11.929001
-12.204
-12.479001
-12.754001
-13.028001
-13.299001
-13.567
-13.832001
-14.091001
-14.344001
-14.590001
-14.827001
-15.056001
-15.274001
-15.481001
-15.675001
-15.855
-16.02
-16.169001
-16.216002
-16.262001
-16.307001
-16.351
-16.394001
-16.436001
-16.477001
-16.517
-16.556002
-16.594
-16.632
-16.668001
-16.704
-16.739
-16.773001
-16.806002
-16.839001
-16.871
-16.902
-16.933001
-16.962
-16.991001
-17.02
-17.048
-17.075001
-17.101002
-17.127001
-17.153
-17.178001
-17.202002
-17.160002
-17.118
-17.077002
-17.037001
-16.997002
-16.957001
-16.918001
-16.880001
-16.842001
-16.805
-16.768002
-16.732
-16.696001
-16.66
-16.626001
-16.591002
-16.557001
-16.524
-16.490002
-16.458
-16.426001
-16.394001
-16.362001
-16.331001
-16.301001
-16.268002
-16.233002
-16.195002
-16.155001
-16.112001
-16.067001
-16.018002
-15.967001
-15.912001
-15.853001
-15.827001
-15.801001
-15.776001
-15.751
-15.726001
-15.701001
-15.677001
-15.654
-15.630001
-15.607
-15.584001
-15.562
-15.540001
-15.518001
-15.496
-15.475
-15.454
-15.433001
-15.413001
-15.392001
-15.372001
-15.353001
-15.333001
-15.314001
-15.295001
-15.277
-15.258
-15.240001
-15.222001
-15.205001
-15.187
-15.170001
-15.153001
-15.136001
-15.123001
-15.113001
-15.107
-15.104001
-15.103001
-15.106001
-15.111001
-15.117001
-15.102001
-15.088
-15.073001
-15.059001
-15.045001
-15.031001
-15.017001
-15.003
-14.990001
-14.977
-14.964001
-14.951001
-14.938001
-14.925001
-14.913001
-14.901001
-14.889001
-14.877001
-14.865001
-14.854001
-14.842001
-14.831
-14.820001
-14.809001
-14.798
-14.787001
-14.777
-14.766001
-14.756001
-14.746
-14.736001
-14.726001
-14.716001
-14.709001
-14.705001
-14.704
-14.705001
-14.709001
-14.714001
-14.721001
-14.73
-14.740001
-14.751
-14.762001
-14.773001
-14.765
-14.757001
-14.749001
-14.741001
-14.733001
-14.726001
-14.718
-14.710001
-14.703001
-14.696001
-14.687
-14.676001
-14.664001
-14.650001
-14.634001
-14.616001
-14.596001
-14.574
-14.548
-14.52
-14.488001
-14.453001
-14.413001
-14.369
-14.321001
-14.267001
-14.207001
-14.141001
-14.069
-13.989
-13.902
-13.808001
-13.704
-13.592001
-13.47
-13.338
-13.196001
-13.043
-12.879001
-12.703001
-12.514001
-12.313001
-12.099001
-11.871
-11.63
-11.374001
-11.104
-10.819
-10.519
-10.204
-9.874001
-9.528001
-9.167001
-8.79
-8.397
-7.989
-7.566
-7.127
-6.673
-6.205
-5.722
-5.225
-4.715
-4.192
-3.656
-3.109
-2.55
-1.982
-1.404
-0.818
-0.818
-0.818
-0.817
-0.817
-0.817
-0.817
-0.817
-0.816
-0.816
-0.816
-0.816
-0.816
-0.816
-0.815
-0.815
-0.815
-0.815
-0.815
-0.815
-0.815
-0.814
-0.814
-0.814
-0.814
-0.814
-0.814
-0.814
-0.813
-0.813
-0.813
-0.813
-0.813
-0.813
-0.813
-0.812
-0.798
-0.77
-0.729
-0.673
-0.605
-0.523
-0.429
-0.321
-0.201
-0.069
0.076
0.233
0.402
0.401
0.401
0.401
0.401
0.401
0.401
0.401
0.401
0.401
0.401
0.401
0.401
0.401
0.401
0.401
0.401
0.401
0.401
0.401
0.401
0.401
0.401
0.401
0.401
0.401
0.401
0.401
0.401
0.401
0.401
0.401
0.401
0.401
0.4
0.4
0.4
0.4
0.4
0.4
0.4
0.4
0.4
0.4
0.4
0.4
0.4
0.4
0.4
0.4
0.4
0.4
0.4
0.4
0.4
0.4
0.4
0.4
0.4
0.4
0.4
0.4
0.4
0.4
0.4
0.4
0.4
0.4
0.4
0.4
0.4
0.4
0.4
0.4
0.4
0.4
0.4
0.4
0.4
0.4
0.4
0.4
0.4
0.4
0.4
0.4
0.4
0.4
0.4
0.4
0.4
0.4
0.4
0.4
0.4
0.4
0.4
0.4
0.4
0.4
0.4
0.4
0.4
0.4
0.4
0.4
0.4
0.4
0.4
0.4
0.4
0.402
0.405
0.407
0.41
0.412
0.415
0.417
0.419
0.422
0.424
0.426
0.428
0.43
0.432
0.434
0.436
0.438
0.44
0.442
0.443
0.445
0.447
0.448
0.45
0.451
0.453
0.454
0.456
0.457
0.459
0.46
0.461
0.463
0.464
0.465
0.466
0.468
0.469
0.47
0.455
0.423
0.375
0.311
0.231
0.135
0.023
-0.104
-0.247
-0.405
-0.579
-0.767
-0.97
-1.188
-1.421
-1.667
-1.914
-2.171
-2.438
-2.715
-3.0
-3.294
-3.594
-3.902
-4.216
-4.536
-4.861
-5.191
-5.526
-5.864
-6.205
-6.548
-6.917
-7.289001
-7.664001
-8.04
-8.417001
-8.794001
-9.171
-9.545
-9.917001
-10.285001
-10.649
-11.007001
-11.358001
-11.702001
-12.036
-12.361001
-12.676001
-12.978001
-13.267
-13.542001
-13.801001
-14.044001
-14.27
-14.477
-14.664001
-14.830001
-14.815001
-14.800001
-14.785001
-14.771001
-14.756001
-14.742001
-14.728001
-14.714001
-14.700001
-14.687
-14.674001
-14.661
-5.286
-7.210001
-2.775
-3.671
-1.572
-1.991
-0.998
-1.193
-0.723
-0.814
-0.591
-0.633
-0.528
-0.548
-0.498
-0.507
-0.299
-0.239
-0.141
-0.113
-0.067
-0.065
-0.052
0.151
0.332
0.51
0.686
0.859
1.03
1.199
1.365
1.529
1.692
1.851
2.009
2.165
2.319
2.47
2.62
2.767
2.822
2.876
2.765
2.657
2.549
2.444
2.341
2.239
2.139
2.041
1.944
1.849
1.755
1.565
1.378
1.193
1.011
0.831
0.643
0.456
0.273
0.091
-0.088
-0.211
-0.333
-0.454
-0.572
-0.69
-0.806
-0.92
-0.983
-1.044
-1.105
-1.165
-1.225
-1.3
-1.375
-1.448
-1.521
-1.592
-1.752
-1.91
-2.066
-2.22
-2.371
-2.521
-2.668
-2.813
-2.955
-3.094
-3.23
-3.363
-3.493
-3.619
-3.741
-3.86
-3.974
-4.083
-4.188
-4.288
-4.383
-4.472
-4.556
-4.633
-4.703
-4.767
-4.868
-4.968
-5.067
-5.164
-5.26
-5.355
-5.448
-5.541
-5.632
-5.722
-5.81
-5.895
-5.976
-6.052001
-6.124
-6.191
-6.254
-6.311
-6.364
-6.411
-6.335001
-6.253
-6.165
-6.071
-5.969
-5.86
-5.743001
-5.618
-5.485
-5.343
-5.192
-5.032
-4.862
-4.683
-4.494
-4.295
-4.085
-3.866
-3.636
-3.396
-3.145
-2.884
-2.613
-2.332
-2.041
-1.74
-1.429
-1.109
-0.781
-0.443
-0.098
0.255
0.615
0.982
1.14
1.319
1.518
1.735
1.972
2.227
2.141
2.057
1.975
1.611
1.255
0.907
0.567
0.235
-0.09
-0.407
-0.718
-1.021
-1.317
-1.607
-1.89
-2.167
-2.438
-2.703
-2.961
-3.214
-3.461
-3.702
-3.938
-4.169
-4.395
-4.615
-4.831
-5.041
-5.247
-5.448
-5.362
-5.277
-4.889
-4.499
-4.106
-3.71
-3.311
-2.908
-2.502
-2.092
-1.678
-1.26
-0.838
-0.412
0.018
0.452
0.89
1.331
1.776
2.225
2.677
3.131
3.588
4.047
4.507
4.828
5.152
5.479
5.809
5.752
5.697001
5.643
5.59
5.538
5.487
5.437
5.389
5.341
5.294
5.248
5.204
5.16
5.117
5.075
4.894
4.704
4.505
4.297
4.081
3.855
3.621
3.378
3.126
2.866
2.597
2.32
2.035
1.742
1.441
1.133
0.816
0.493
0.163
-0.036
-0.244
-0.235
-0.227
-0.218
-0.21
-0.201
-0.193
-0.185
-0.178
-0.17
-0.163
-0.155
-0.148
-0.141
-0.135
-0.128
-0.121
-0.115
-0.108
-0.102
-0.096
-0.09
-0.084
-0.079
-0.073
-0.067
-0.062
-0.057
-0.051
-0.046
-0.041
-0.037
-0.032
-0.027
-0.022
0.114
0.249
0.382
0.513
0.643
0.771
0.897
1.021
1.144
1.265
1.384
1.514
1.655
1.805
1.965
2.135
2.314
2.503
2.7
2.905
3.119
3.341
3.57
3.807
3.906
4.016
3.969
3.924
3.879
3.835
3.793
3.751
3.71
3.669
3.504
3.329
3.145
2.951
2.748
2.537
2.316
2.087
1.849
1.603
1.348
1.085
0.815
0.536
0.25
-0.043
-0.344
-0.651
-0.642
-0.633
-0.624
-0.616
-0.607
-0.599
-0.591
-0.583
-0.575
-0.568
-0.56
-0.553
-0.534
-0.503
-0.46
-0.406
-0.477
-0.535
-0.581
-0.615
-0.738
-0.86
-0.98
-1.099
-1.216
-1.478
-1.734
-1.984
-2.228
-2.17
-2.113
-2.057
-2.002
-1.656
-1.318
-0.975
-0.627
-0.274
0.084
0.447
0.814
1.186
1.563
1.945
2.331
2.721
3.116
3.514
3.916
4.321
4.73
5.141
5.554
5.969
6.385
6.802001
7.219
7.635
8.051001
8.464001
8.875
9.282001
9.686001
10.084001
10.476001
10.647
10.587001
10.529
10.472
10.416
10.361
10.307
10.255
10.204
10.154
10.105
10.057
10.011001
9.965
9.921
9.877001
9.834001
9.793
9.752001
9.712001
9.674001
9.605
9.538
9.473001
9.396001
9.31
9.212001
9.105
8.986
8.858001
8.718
8.568001
8.407001
8.236
8.054001
7.861001
7.656
7.441
7.215
6.977
6.729
6.469
6.197001
5.914001
5.62
5.315
4.998
4.67
4.33
3.98
3.619
3.247
2.864
2.471
2.068
1.655
1.233
1.199
1.165
1.133
1.101
1.07
1.039
1.009
0.98
0.951
0.908
0.852
0.783
0.7
0.604
0.495
0.373
0.24
0.093
-0.065
-0.236
-0.538
-0.849
-1.168
-1.494
-1.828
-2.168
-2.515
-2.868
-3.226
-3.589
-3.956
-4.327
-4.7
-5.076
-5.454
-5.833
-6.211
-6.589
-6.966001
-7.341001
-7.712
-8.08
-8.442
-8.799001
-9.149
-9.491
-9.961
-10.413
-10.703
-10.996
-11.289001
-11.582001
-11.874001
-12.163
-12.448001
-12.729001
-13.003
-13.27
-13.529
-13.778001
-14.015
-14.241001
-14.452001
-14.648001
-14.827001
-14.989
-15.132001
-15.254001
-15.321001
-15.386001
-15.450001
-15.512001
-15.573001
-15.633
-15.691001
-15.748001
-15.631001
-15.516001
-15.403001
-15.293001
-15.186001
-15.080001
-14.978001
-14.877001
-14.779
-14.683001
-14.590001
-14.498001
-14.408001
-14.008
-13.617001
-13.235001
-12.862
-12.497001
-12.14
-2.678
-5.391
-0.962
-2.232
-0.159
-0.753
0.218
-0.061
0.016
0.091
0.164
0.236
0.268
0.3
0.332
0.363
0.394
0.424
0.454
0.483
0.512
0.541
0.569
0.597
0.624
0.651
0.678
0.704
0.73
0.755
0.781
0.805
0.83
0.854
0.878
0.901
0.924
0.947
0.826
0.707
0.504
0.303
0.105
-0.09
-0.282
-0.472
-0.659
-0.843
-1.025
-1.204
-1.381
-1.556
-1.727
-1.897
-2.069
-2.243
-2.419
-2.597
-2.776
-2.957
-3.139
-3.322
-3.506
-3.69
-3.874
-4.058
-4.242
-4.425
-4.607
-4.788
-4.967
-5.144
-5.319
-5.49
-5.659
-5.824
-5.985
-6.141
-6.247
-6.351
-6.455
-6.556
-6.657001
-6.756001
-6.854
-6.95
-7.046
-7.14
-7.233
-7.324
-7.415
-7.506001
-7.596
-7.687
-7.778
-7.868001
-7.957
-8.045
-8.132
-8.211
-8.289001
-8.365001
-8.441
-8.516001
-8.59
-8.663
-8.735001
-8.806001
-8.876
-8.945001
-9.013
-9.081
-9.147
-9.213
-9.278001
-9.342
-9.406
-9.468
-9.528001
-9.587001
-9.645
-9.700001
-9.752001
-9.808001
-9.863001
-9.918
-9.972
-10.025001
-10.077001
-10.129001
-10.18
-10.231001
-10.281
-10.330001
-10.378
-10.426001
-10.473001
-10.52
-10.566001
-10.612
-10.657001
-10.701
-10.745001
-10.733001
-10.721001
-10.71
-10.699
-10.688001
-10.677
-10.666
-10.656
-10.645
-10.635
-10.625001
-10.615001
-10.605
-10.596001
-10.586
-10.577001
-10.568001
-10.559001
-10.55
-10.541
-10.532001
-10.524
-10.515
-10.507001
-10.499001
-10.491
-10.483001
-10.475
-10.522
-10.569
-10.614
-10.660001
-10.704
-10.749001
-10.792001
-10.835
-10.877001
-10.864
-10.852
-10.839001
-10.826
-10.814
-10.802
-10.790001
-10.778001
-10.822001
-10.864
-10.906
-10.948001
-10.989
-11.029
-11.069
-11.109
-11.147
-11.186001
-11.222
-11.256001
-11.288
-11.317
-11.344001
-11.368001
-11.39
-11.409
-11.424001
-11.436001
-11.444
-11.448001
-11.448001
-11.443001
-11.433001
-11.417001
-11.396001
-11.369
-11.335001
-11.294001
-11.246
-11.190001
-11.126
-11.053
-10.971001
-10.995001
-11.018001
-11.041
-11.064
-11.087001
-11.109
-11.132001
-11.153001
-11.175
-11.196
-11.217001
-11.232
-11.242001
-11.247001
-11.245001
-11.238001
-11.226001
-11.207001
-11.182
-11.151001
-11.114
-11.069
-11.018001
-10.960001
-10.894
-10.821
-10.739
-10.649
-10.551001
-10.444
-10.327001
-10.341001
-10.355
-10.368
-10.382001
-10.395
-10.408001
-10.42
-10.433001
-10.446
-10.458
-10.47
-10.437
-10.405001
-6.827
-5.115
-3.408
-2.592
-1.777
-1.387
-0.999
-0.813
-0.628
-0.539
-0.451
-0.408
-0.366
-0.346
-0.326
-0.316
-0.307
-0.302
-0.297
-0.295
-0.184
-0.139
-0.087
-0.066
-0.041
-0.031
-0.02
-0.015
-0.01
-0.007
-0.007
-0.007
-0.005
-0.004
-0.004
-0.004
-0.004
-0.004
-0.004
-0.004
0.103
0.209
0.314
0.417
0.519
0.619
0.607
0.595
0.583
0.571
0.56
0.4
0.243
0.088
-0.065
-0.216
-0.365
-0.512
-0.657
-0.8
-0.941
-1.08
-1.218
-1.353
-1.487
-1.619
-1.75
-1.878
-2.005
-2.128
-2.248
-2.365
-2.477
-2.585
-2.689
-2.788
-2.883
-2.972
-3.056
-3.134
-3.206
-3.273
-3.333
-3.386
-3.432
-3.472
-3.56
-3.647
-3.733
-3.818
-3.901
-3.984
-4.065
-4.145
-4.225
-4.358
-4.49
-4.62
-4.749
-4.875
-5.0
-5.038
-5.076
-5.114
-5.152
-5.191
-5.229
-5.267
-5.305
-5.343
-5.382
-5.42
-5.458
-5.496
-5.534
-5.572
-5.61
-5.648
-5.535
-5.425
-5.198
-4.974
-4.752
-4.532
-4.314
-4.096
-3.88
-3.814
-3.745
-3.672
-3.595
-3.645
-3.689
-3.728
-3.759
-3.785
-3.803
-3.814
-3.818
-3.813
-3.8
-3.779
-3.749
-3.71
-3.661
-3.603
-3.535
-3.457
-3.368
-3.269
-3.159
-3.038
-2.907
-2.763
-2.609
-2.443
-2.266
-2.078
-1.878
-1.88
-1.882
-1.885
-1.887
-1.89
-1.893
-1.895
-2.025
-2.153
-2.279
-2.404
-2.527
-2.648
-2.768
-2.886
-3.002
-3.117
-3.23
-3.342
-3.453
-3.562
-3.669
-3.775
-3.88
-3.983
-4.085
-4.185
-4.143
-4.101
-4.061
-4.021
-3.982
-3.944
-3.907
-3.87
-3.835
-3.8
-3.766
-3.733
-3.7
-3.669
-3.638
-3.607
-3.578
-3.42
-3.264
-3.111
-2.959
-2.81
-2.663
-2.517
-2.374
-2.232
-2.083
-1.927
-1.763
-1.592
-1.414
-1.229
-1.036
-0.836
-0.629
-0.415
-0.193
0.035
0.27
0.512
0.76
1.015
1.276
1.543
1.816
2.095
2.378
2.667
2.773
2.878
2.835
2.671
2.509
2.349
2.191
2.035
1.882
1.73
1.581
1.433
1.288
1.144
1.002
0.863
0.725
0.589
0.454
0.322
0.214
0.108
0.004
-0.1
-0.201
-0.302
-0.401
-0.499
-0.596
-0.691
-0.785
-0.878
-0.969
-1.06
-1.149
-1.237
-1.2
-1.162
-1.005
-0.849
-0.696
-0.545
-0.396
-0.249
-0.104
0.04
0.181
0.32
0.458
0.594
0.728
0.86
0.964
1.067
1.169
1.157
1.145
1.133
1.122
1.111
1.1
1.09
1.079
1.069
1.059
1.049
1.043
1.037
1.031
1.025
1.019
1.013
1.008
1.003
0.997
0.992
0.852
0.715
0.579
0.445
0.312
0.182
0.053
-0.074
-0.2
-0.323
-0.302
-0.281
-0.261
-0.241
-0.221
-0.202
-0.183
-0.164
-0.146
-0.128
-0.11
-0.093
-0.076
-0.059
-0.043
-0.027
-0.012
0.004
0.019
0.034
0.048
0.063
0.076
0.09
0.104
0.117
0.13
0.142
0.152
0.161
0.17
0.178
0.187
0.195
0.203
0.211
0.219
0.227
0.238
0.248
0.259
0.269
0.279
0.288
0.298
0.307
0.316
0.326
0.334
0.343
0.352
0.36
0.368
0.376
0.384
0.392
0.4
0.407
0.415
0.422
0.429
0.436
0.443
0.45
0.453
0.456
0.459
0.463
0.466
0.469
0.472
0.475
0.477
0.48
0.483
0.485
0.488
0.49
0.493
0.495
0.498
0.5
0.502
0.504
0.506
0.508
0.51
0.512
0.514
0.516
0.518
0.52
0.522
0.523
0.525
0.526
0.531
0.536
0.541
0.545
0.55
0.554
0.558
0.563
0.567
0.571
0.575
0.579
0.583
0.586
0.59
0.594
0.598
0.601
0.605
0.605
0.605
0.605
0.606
0.606
0.606
0.606
0.606
0.606
0.607
0.607
0.607
0.607
0.607
0.607
0.607
0.61
0.614
0.617
0.62
0.623
0.626
0.629
0.632
0.635
0.637
0.64
0.643
0.646
0.648
0.651
0.653
0.656
0.658
0.661
0.663
0.666
0.668
0.67
0.673
0.675
0.677
0.679
0.681
0.683
0.685
0.687
0.689
0.691
0.693
0.695
0.697
0.699
0.701
0.702
0.704
0.706
0.708
0.709
0.711
0.713
0.714
0.716
0.717
0.719
0.72
0.722
0.723
0.725
0.726
0.727
0.729
0.73
0.731
0.733
0.734
0.735
0.737
0.738
0.739
0.74
0.741
0.742
0.744
0.745
0.746
0.747
0.748
0.749
0.75
0.751
0.752
0.75
0.748
0.746
0.743
0.741
0.739
0.737
0.735
0.733
0.731
0.729
0.727
0.729
0.73
0.731
0.732
0.734
0.735
0.736
0.737
0.738
0.739
0.741
0.742
0.743
0.744
0.745
0.746
0.747
0.748
0.749
0.75
0.751
0.752
0.753
0.754
0.755
0.756
0.756
0.757
0.758
0.759
0.76
0.761
0.761
0.762
0.763
0.764
0.765
0.765
0.766
0.767
0.768
0.768
0.769
0.77
0.77
0.771
0.772
0.772
0.773
0.774
0.774
0.775
0.776
0.776
0.777
0.777
0.778
0.779
0.779
0.78
0.78
0.781
0.781
0.782
0.782
0.783
0.783
0.784
0.784
0.785
0.785
0.786
0.786
0.787
0.787
0.788
0.788
0.788
0.789
0.789
0.79
0.79
0.79
0.791
0.791
0.792
0.792
0.792
0.793
0.793
0.793
0.794
0.794
0.794
0.795
0.795
0.795
0.796
0.783
0.756
0.716
0.663
0.597
0.519
0.428
0.324
0.208
0.08
-0.06
-0.212
-0.375
-0.55
-0.55
-0.551
-0.551
-0.551
-0.551
-0.551
-0.551
-0.551
-0.551
-0.552
-0.552
-0.552
-0.552
-0.552
-0.552
-0.552
-0.552
-0.553
-0.553
-0.553
-0.553
-0.553
-0.553
-0.553
-0.553
-0.557
-0.561
-0.565
-0.569
-0.572
-0.576
-0.579
-0.583
-0.586
-0.589
-0.592
-0.595
-0.598
-0.601
-0.604
-0.607
-0.61
-0.612
-0.615
-0.618
-0.62
-0.623
-0.625
-0.627
-0.63
-0.632
-0.634
-0.636
-0.638
-0.64
-0.642
-0.644
-0.646
-0.648
-0.65
-0.352
-0.061
0.224
0.502
0.774
1.04
1.3
1.554
1.802
2.045
2.282
2.514
2.741
2.663
2.586
2.512
2.439
2.367
2.297
2.229
2.163
1.807
1.46
1.121
0.789
0.464
0.319
0.175
0.033
-0.107
-0.245
-0.381
-0.516
-0.648
-0.647
-0.645
-0.644
-0.642
-0.641
-0.64
-0.638
-0.637
-0.636
-0.634
-0.633
-0.632
-0.631
-0.63
-0.628
-0.627
-0.626
-0.625
-0.624
-0.623
-0.622
-0.621
-0.62
-0.619
-0.618
-0.617
-0.616
-0.615
-0.614
-0.613
-0.612
-0.611
-0.61
-0.61
-0.609
-0.608
-0.607
-0.606
-0.606
-0.605
-0.604
-0.603
-0.603
-0.602
-0.601
-0.6
-0.6
-0.599
-0.599
-0.598
-0.597
-0.597
-0.596
-0.593
-0.591
-0.588
-0.585
-0.583
-0.58
-0.577
-0.575
-0.572
-0.57
-0.568
-0.565
-0.563
-0.56
-0.558
-0.556
-0.554
-0.552
-0.549
-0.547
-0.545
-0.543
-0.554
-0.578
-0.615
-0.664
-0.725
-0.797
-0.885
-0.985
-1.096
-1.219
-1.353
-1.499
-1.656
-1.824
-2.002
-2.191
-2.39
-2.599
-2.818
-3.047
-3.284
-3.531
-3.786
-4.049
-4.32
-4.598
-4.883
-5.174
-5.472
-5.775
-6.083
-6.395
-6.711
-7.029
-7.35
-7.673
-7.678
-7.683001
-7.688
-7.692
-7.697001
-7.702
-7.706
-7.568
-7.432
-7.298
-7.166
-7.035
-6.895
-6.745
-6.586
-6.418
-6.239
-6.052001
-5.855
-5.648
-5.431
-5.205
-4.969
-4.724
-4.468
-4.203
-3.929
-3.821
-3.714
-3.609
-3.506
-3.404
-3.303
-3.365
-3.439
-3.524
-3.619
-3.725
-3.916
-4.115
-4.322
-4.537
-4.758
-4.985
-5.219
-5.457
-5.7
-5.842
-5.991
-6.146
-6.148
-6.149
-6.151
-6.152
-6.153
-6.154
-6.155
-6.156
-6.156
-6.157
-6.157
-6.158
-6.158
-6.158
-6.158
-6.158
-6.168
-6.187
-6.216
-6.254
-6.3
-6.389
-6.485
-6.446
-6.417
-6.398
-6.39
-6.393
-6.405
-6.428
-6.460001
-6.647
-6.891
-7.136
-7.382
-7.626
-7.87
-8.111
-8.35
-8.585
-8.816
-9.043
-9.263
-9.477
-9.657001
-9.686001
-9.716001
-9.745001
-9.773001
-9.802
-9.829
-9.857
-9.884001
-9.911
-9.937
-9.963
-9.989
-10.015
-10.040001
-9.944
-9.851001
-9.758
-9.666
-9.576
-9.487
-9.399
-9.313001
-9.227
-9.136001
-9.131001
-9.125
-9.120001
-9.115001
-9.110001
-9.105
-9.135
-9.165
-9.195001
-9.224
-9.253
-9.282001
-9.31
-9.372001
-9.433001
-9.493
-9.552
-9.583
-9.613001
-9.642
-9.671
-9.700001
-9.729
-9.757001
-9.785001
-9.812
-9.839001
-9.866
-9.892
-9.918
-9.944
-9.969001
-9.994
-10.019
-10.044001
-10.068001
-10.092
-10.115001
-10.138
-10.161
-10.184
-10.206
-10.228001
-10.250001
-10.272
-10.293
-10.314
-10.335
-10.355
-10.375001
-10.349001
-10.322001
-10.297001
-10.271001
-10.246
-10.221001
-10.197001
-10.172001
-10.149
-10.125001
-10.102
-10.079
-10.057
-10.034
-10.012
-9.991
-10.016001
-10.041
-10.066001
-10.09
-10.114
-10.137
-10.161
-10.211
-10.261001
-10.31
-10.359
-10.407001
-10.454
-10.501
-10.547001
-10.592001
-10.637
-10.681001
-10.725
-10.768001
-10.777
-10.786
-10.795
-10.804001
-10.813001
-10.822001
-10.831
-10.84
-10.855
-10.874001
-10.899
-10.929001
-10.965
-11.005
-11.05
-11.1
-11.154
-11.213
-11.223001
-11.234
-11.244
-11.254001
-11.265
-11.275001
-11.285001
-11.295
-11.305
-11.315001
-11.325001
-11.335001
-11.345
-11.355
-11.364
-11.374001
-11.383
-11.398001
-11.419001
-11.445001
-11.476001
-11.512
-11.554001
-11.6
-11.650001
-11.706
-11.765
-11.828001
-11.894001
-11.963
-12.035001
-12.110001
-12.186001
-12.263
-12.342001
-12.421
-12.500001
-12.578001
-12.656
-12.731001
-12.804001
-12.875001
-12.942
-13.004001
-13.062
-13.114
-13.161
-13.200001
-13.232
-13.256001
-13.271001
-13.276001
-13.271001
-13.256001
-13.228001
-13.189001
-13.136001
-13.070001
-12.989
-12.894001
-12.783001
-12.657001
-12.513
-12.353001
-12.175
-11.979001
-11.765
-11.532001
-11.280001
-11.009001
-10.718
-10.407001
-10.077001
-9.727
-9.357
-8.968
-8.559
-8.13
-7.683001
-7.217
-6.733
-6.232
-5.713
-5.178
-4.628
-4.062
-3.483
-2.892
-2.288
-1.675
-1.052
-1.056
-1.06
-1.065
-1.069
-1.073
-1.077
-1.081
-1.085
-1.089
-1.092
-1.083
-1.06
-1.023
-0.974
-0.912
-0.837
-0.75
-0.65
-0.538
-0.541
-0.544
-0.546
-0.549
-0.552
-0.554
-0.554
-0.554
-0.554
-0.661
-0.767
-0.872
-0.975
-1.077
-1.177
-1.277
-1.374
-1.471
-1.566
-1.66
-1.753
-1.844
-1.935
-2.024
-2.112
-2.198
-2.284
-2.368
-2.452
-2.534
-2.615
-2.573
-2.434
-2.298
-2.163
-2.03
-1.898
-1.769
-1.641
-1.515
-1.39
-1.267
-1.146
-1.027
-0.909
-0.792
-0.677
-0.564
-0.429
-0.295
-0.164
-0.034
-0.046
-0.058
-0.07
-0.081
-0.092
-0.103
-0.114
-0.125
-0.135
-0.145
-0.156
-0.165
-0.175
-0.184
-0.194
-0.203
-0.212
-0.221
-0.229
-0.238
-0.246
-0.254
-0.262
-0.27
-0.278
-0.285
-0.292
-0.3
-0.307
-0.314
-0.321
-0.327
-0.334
-0.34
-0.347
-0.353
-0.359
-0.365
-0.371
-0.377
-0.382
-0.388
-0.393
-0.399
-0.404
-0.409
-0.414
-0.419
-0.424
-0.429
-0.434
-0.438
-0.443
-0.447
-0.451
-0.456
-0.46
-0.464
-0.468
-0.472
-0.476
-0.48
-0.483
-0.487
-0.491
-0.494
-0.498
-0.501
-0.504
-0.508
-0.511
-0.514
-0.517
-0.52
-0.523
-0.526
-0.529
-0.532
-0.535
-0.537
-0.54
-0.543
-0.545
-0.548
-0.55
-0.553
-0.555
-0.557
-0.56
-0.562
-0.564
-0.566
-0.568
-0.571
-0.573
-0.437
-0.304
-0.172
-0.042
0.086
0.213
0.338
0.461
0.583
0.703
0.821
0.938
0.906
0.874
0.843
0.813
0.784
0.755
0.726
0.698
0.671
0.636
0.601
0.568
0.535
0.503
0.471
0.441
0.41
0.381
0.352
0.324
0.297
0.27
0.244
0.218
0.193
0.169
0.145
0.122
0.099
0.077
0.061
0.045
0.03
0.015
0.0
-0.014
-0.028
-0.041
-0.055
-0.068
-0.08
-0.093
-0.105
-0.117
-0.128
-0.14
-0.151
-0.161
-0.172
-0.182
-0.198
-0.214
-0.229
-0.244
-0.259
-0.273
-0.287
-0.301
-0.314
-0.327
-0.34
-0.352
-0.364
-0.376
-0.388
-0.399
-0.41
-0.421
-0.432
-0.442
-0.447
-0.453
-0.458
-0.463
-0.468
-0.473
-0.478
-0.482
-0.487
-0.491
-0.496
-0.5
-0.504
-0.508
-0.512
-0.516
-0.52
-0.524
-0.527
-0.531
-0.534
-0.538
-0.541
-0.544
-0.548
-0.551
-0.554
-0.557
-0.56
-0.563
-0.565
-0.568
-0.571
-0.574
-0.576
-0.579
-0.581
-0.583
-0.586
-0.588
-0.59
-0.593
-0.61
-0.641
-0.687
-0.747
-0.821
-0.908
-1.009
-1.123
-1.25
-1.389
-1.541
-1.706
-1.882
-2.07
-2.269
-2.48
-2.701
-2.933
-3.175
-3.426
-3.688
-3.958
-4.237
-4.524
-4.819
-5.122
-5.431
-5.747
-6.068
-6.394001
-6.725
-7.06
-7.397
-7.738
-8.08
-8.423
-8.766001
-9.109
-9.450001
-9.789001
-10.125001
-10.456
-10.783001
-11.103001
-11.416
-11.721001
-12.017
-12.303
-12.577001
-12.839001
-13.088
-13.323001
-13.542001
-13.744
-13.876
-13.819
-13.762001
-13.706
-13.651001
-13.596001
-13.543
-13.489
-13.437
-13.385
-13.334001
-13.284
-13.235001
-13.186001
-13.137001
-13.09
-13.043
-12.996
-12.950001
-12.905001
-12.861001
-12.817
-12.773001
-12.73
-12.692
-12.659
-12.630001
-12.605
-12.584001
-12.567
-12.553
-12.55
-12.548
-12.547001
-12.544001
-12.541
-12.537001
-12.530001
-12.521001
-12.508
-12.491
-12.469001
-12.442
-12.410001
-12.370001
-12.324
-12.27
-12.207001
-12.136001
-12.055
-11.964001
-11.862
-11.749001
-11.625001
-11.605
-11.585001
-11.548
-11.512
-11.477
-11.442
-11.407001
-11.373
-11.339001
-11.306001
-11.273001
-11.241
-11.209001
-11.177001
-11.146001
-11.116
-11.085001
-11.055
-11.026001
-10.997001
-10.968
-10.940001
-10.912001
-10.884001
-10.857
-10.830001
-10.804001
-10.778001
-10.752001
-10.726001
-10.701
-10.677
-10.652
-10.628
-10.604
-10.596001
-10.588
-10.580001
-10.572001
-10.564
-10.556001
-10.549001
-10.542001
-10.534
-10.527
-10.52
-10.513
-10.506001
-10.499001
-10.493
-10.486
-10.48
-10.473001
-10.467001
-10.516001
-10.565001
-10.613001
-10.660001
-10.707001
-10.753
-10.799001
-10.844001
-10.888
-10.932
-10.975
-11.018001
-11.06
-11.101001
-11.142
-11.183001
-11.223001
-11.262
-11.301001
-11.339001
-11.377001
-11.414001
-11.451
-11.488001
-11.524
-11.559001
-11.594001
-11.629001
-11.663
-11.696
-11.729
-11.762
-11.794001
-11.826
-11.858001
-11.889001
-11.919001
-11.950001
-11.935
-11.920001
-11.906
-11.891001
-11.877001
-11.863001
-11.849001
-11.836
-11.822001
-11.853001
-11.884001
-11.914001
-11.944
-11.973001
-12.002001
-12.031
-12.059001
-12.204
-12.345
-12.483001
-12.618001
-12.750001
-12.879001
-13.005001
-13.128
-13.248001
-13.366
-13.481001
-13.593
-13.703001
-13.81
-13.915001
-14.018001
-14.118001
-14.216001
-14.312
-14.406001
-14.497001
-14.587001
-14.674001
-14.661
-14.648001
-14.635
-14.623001
-14.610001
-14.599001
-14.587001
-14.576001
-14.564001
-14.554001
-14.543
-14.533001
-14.522
-14.512001
-14.503
-14.493001
-14.484001
-14.475
-14.466001
-14.457001
-14.449
-14.441001
-14.433001
-14.425001
-14.417001
-14.409
-14.402
-14.494
-14.461
-14.43
-14.399001
-14.369
-14.339001
-14.31
-14.282001
-14.255001
-14.228001
-14.201
-14.143001
-14.086
-14.030001
-13.974001
-13.919001
-13.865001
-13.812
-13.76
-13.708
-13.657001
-13.607
-13.557001
-13.508
-13.460001
-13.413001
-13.366
-13.320001
-13.274
-13.229001
-13.185
-13.141001
-13.098001
-13.056001
-13.014001
-12.973001
-12.933001
-12.892
-12.853001
-12.814001
-12.776001
-12.738001
-12.701
-12.664001
-12.628
-12.592001
-12.612
-12.632001
-12.652
-12.671
-12.691001
-12.645
-12.6
-12.555
-12.511001
-12.468
-12.425
-12.383
-12.341001
-12.3
-12.26
-12.22
-12.18
-12.141001
-12.103001
-12.065001
-12.028001
-11.991
-11.954
-11.918
-11.883
-11.848001
-11.813001
-11.779
-11.785001
-11.791
-11.796
-11.802001
-11.807
-11.812
-11.962001
-12.109
-12.252001
-12.392
-12.529
-12.663001
-12.794001
-12.922001
-13.047001
-13.169001
-13.289001
-13.306001
-13.324
-13.341001
-13.358001
-13.374001
-13.39
-13.405001
-13.421
-13.436001
-13.450001
-13.464001
-13.478001
-13.492001
-13.505001
-13.518001
-13.630001
-13.617001
-13.604001
-13.592001
-13.580001
-13.568001
-13.557001
-13.546
-13.535001
-13.524
-13.514001
-13.503
-13.493001
-13.484
-13.474001
-13.465001
-13.456
-13.447001
-13.438001
-13.429001
-13.421
-13.413001
-13.405001
-13.397
-13.39
-13.504001
-13.616
-13.725
-13.832001
-13.837001
-13.841001
-13.845
-13.849001
-13.854001
-13.858001
-13.862
-13.8
-13.740001
-13.68
-13.621
-13.563001
-13.506001
-13.449
-13.393001
-13.338
-13.284
-13.23
-13.188001
-13.146001
-13.105
-13.065001
-13.025001
-12.985001
-12.946001
-12.908001
-12.870001
-12.832001
-12.779
-12.727
-12.675
-12.624001
-12.573001
-12.524
-12.475
-12.426001
-12.378
-12.331
-12.3
-12.27
-12.240001
-12.210001
-12.181001
-12.152
-12.124001
-12.096001
-12.068001
-12.041
-12.070001
-12.098001
-12.126
-12.153001
