0.0
0.0
0.0
0.0
0.0
0.0
0.0
0.0
0.0
0.0
0.0
0.0
0.0
0.0
0.0
0.0
0.0
0.0
0.0
0.0
0.0
0.0
0.0
0.0
0.0
0.0
0.0
0.0
0.0
0.0
0.0
0.0
0.0
0.0
0.0
0.0
0.0
0.0
0.0
0.0
0.0
0.0
0.0
0.0
0.0
0.0
0.0
0.0
0.0
0.0
0.0
0.0
0.0
0.0
0.0
0.0
0.0
0.0
0.0
0.0
0.0
0.0
0.0
0.0
0.0
0.0
0.0
0.0
0.0
0.0
0.0
0.0
0.0
0.0
0.0
0.0
0.0
0.0
0.0
0.0
0.0
0.0
0.0
0.0
0.0
0.0
0.0
0.0
0.0
0.0
0.0
0.0
0.0
0.0
0.0
0.0
0.0
0.0
0.0
0.0
0.0
0.0
0.0
0.0
0.0
0.0
0.0
0.0
0.0
0.0
0.0
0.0
0.0
0.0
0.0
0.0
0.0
0.0
0.0
0.0
0.0
0.0
0.0
0.0
0.0
0.0
0.0
0.0
0.0
0.0
0.0
0.0
0.0
0.0
0.0
0.0
0.0
0.0
0.0
0.0
0.0
0.0
0.0
0.0
0.0
0.0
0.0
0.0
0.0
0.0
0.0
0.0
0.0
0.0
0.0
0.0
0.0
0.0
0.0
0.0
0.0
0.0
0.0
0.0
0.0
0.0
0.0
0.0
0.0
0.0
0.0
0.0
0.0
0.0
0.0
0.0
0.0
0.0
0.0
0.0
0.0
0.0
0.0
0.0
0.0
0.0
0.0
0.0
0.0
0.0
0.0
0.0
0.0
0.0
0.0
0.0
0.0
0.0
0.0
0.0
0.0
0.0
0.0
0.0
0.0
0.0
0.0
0.0
0.0
0.0
0.0
0.0
0.0
0.0
0.0
0.0
0.0
0.0
0.0
0.0
0.0
0.0
0.0
0.0
0.0
0.0
0.0
0.0
0.0
0.0
0.0
0.0
0.0
0.0
0.0
0.0
0.0
0.0
0.0
0.0
0.0
0.0
0.0
0.0
0.0
0.0
0.0
0.0
0.0
0.0
0.0
0.0
0.0
0.0
0.0
0.0
0.0
0.0
0.0
0.0
0.0
0.0
0.0
0.0
0.0
0.0
0.0
0.0
0.0
0.0
0.0
0.0
0.0
0.0
0.0
0.0
0.0
0.0
0.0
0.0
0.0
0.0
0.0
0.0
0.0
0.0
0.0
0.0
0.0
0.0
0.0
0.0
0.0
0.0
0.0
0.0
0.0
0.0
0.0
0.0
0.0
0.0
0.0
0.0
0.0
0.0
0.0
0.0
0.0
0.0
0.0
0.0
0.0
0.0
0.0
0.0
0.0
0.0
0.0
0.0
0.0
0.0
0.0
0.0
0.0
0.0
0.0
0.0
0.0
0.0
0.0
0.0
0.0
0.0
0.0
0.0
0.0
0.0
0.0
0.0
0.0
0.0
0.0
0.0
0.0
0.0
0.0
0.0
0.0
0.0
0.0
0.0
0.0
0.0
0.0
0.0
0.0
0.0
0.0
0.0
0.0
0.0
0.0
0.0
0.0
0.0
0.0
0.0
0.0
0.0
0.0
0.0
0.0
0.0
0.0
0.0
0.0
0.0
0.0
0.0
0.0
0.0
0.0
0.0
0.0
0.0
0.0
0.0
0.0
0.0
0.0
0.0
0.0
0.0
0.0
0.0
0.0
0.0
0.0
0.0
0.0
0.0
0.0
0.0
0.0
0.0
0.0
0.0
0.0
0.0
0.0
0.0
0.0
0.0
0.0
0.0
0.0
0.0
0.0
0.0
0.0
0.0
0.0
0.0
0.0
0.0
0.0
0.0
0.0
0.0
0.0
0.0
0.0
0.0
0.0
0.0
0.0
0.0
0.0
0.0
0.0
0.0
0.0
0.0
0.0
0.0
0.0
0.0
0.0
0.0
0.0
0.0
0.0
0.0
0.0
0.0
0.0
0.0
0.0
0.0
0.0
0.0
0.0
0.0
0.0
0.0
0.0
0.0
0.0
0.0
0.0
0.0
0.0
0.0
0.0
0.0
0.0
0.0
0.0
0.0
0.0
0.0
0.0
0.0
0.0
0.0
0.0
0.0
0.0
0.0
0.0
0.0
0.0
0.0
0.0
0.0
0.0
0.0
0.0
0.0
0.0
0.0
0.0
0.0
0.0
0.0
0.0
0.0
0.0
0.0
0.0
0.0
0.0
0.0
0.0
0.0
0.0
0.0
0.0
0.0
0.0
0.0
0.0
0.0
0.0
0.0
0.0
0.0
0.0
0.0
0.0
0.0
0.0
0.0
0.0
0.0
0.0
0.0
0.0
0.0
0.0
0.0
0.0
0.0
0.0
0.0
0.0
0.0
0.0
0.0
0.0
0.0
0.0
0.0
0.0
0.0
0.0
0.0
0.0
0.0
0.0
0.0
0.0
0.0
0.0
0.0
0.0
0.0
0.0
0.0
0.0
0.0
0.0
0.0
0.0
0.0
0.0
0.0
0.0
0.0
0.0
0.0
0.0
0.0
0.0
0.0
0.0
0.0
0.0
0.0
0.0
0.0
0.0
0.0
0.0
0.0
0.0
0.0
0.0
0.0
0.0
0.0
0.0
0.0
0.0
0.0
0.0
0.0
0.0
0.0
0.0
0.0
0.0
0.0
0.0
0.0
0.0
0.0
0.0
0.0
0.0
0.0
0.0
0.0
0.0
0.0
0.0
0.0
0.0
0.0
0.0
0.0
0.0
0.0
0.0
0.0
0.0
0.0
0.0
0.0
0.0
0.0
0.0
0.0
0.0
0.0
0.0
0.0
0.0
0.0
0.0
0.0
0.0
0.134
0.266
0.397
0.526
0.654
0.779
0.903
1.025
1.146
1.265
1.383
1.499
1.613
1.726
1.691
1.657
1.624
1.592
1.56
1.529
1.498
1.468
1.439
1.41
1.382
1.354
1.327
1.3
1.274
1.249
1.224
1.199
1.175
1.152
1.129
1.106
1.226
1.344
1.46
1.575
1.689
1.8
1.911
2.02
2.127
2.233
2.338
2.441
2.543
2.643
2.742
2.84
2.936
3.032
3.125
3.218
3.31
3.4
3.489
3.577
3.663
3.749
3.833
3.916
3.999
4.08
3.998
3.918
3.84
3.763
3.688
3.614
3.541
3.471
3.401
3.333
3.267
3.201
3.137
2.961
2.787
2.616
2.446
2.279
2.115
1.952
1.792
1.633
1.477
1.323
1.171
1.021
0.873
0.727
0.583
0.441
0.301
0.163
0.026
-0.109
-0.242
-0.373
-0.502
-0.63
-0.756
-0.88
-1.003
-1.124
-1.243
-1.361
-1.477
-1.592
-1.705
-1.816
-1.927
-2.035
-2.142
-2.248
-2.353
-2.456
-2.557
-2.658
-2.756
-2.854
-2.95
-3.045
-3.139
-3.232
-3.323
-3.413
-3.502
-3.589
-3.676
-3.761
-3.845
-3.769
-3.693
-3.619
-3.547
-3.476
-3.407
-3.338
-3.272
-3.206
-3.142
-3.079
-3.018
-2.957
-2.898
-2.84
-2.784
-2.728
-2.673
-2.62
-2.567
-2.516
-2.466
-2.299
-2.134
-1.971
-1.81
-1.652
-1.495
-1.341
-1.189
-1.039
-0.89
-0.744
-0.6
-0.458
-0.317
-0.179
-0.042
-0.041
-0.04
-0.039
-0.039
-0.038
-0.037
-0.036
-0.036
-0.035
-0.034
-0.034
-0.033
-0.032
-0.032
-0.031
-0.03
-0.03
-0.029
-0.029
-0.028
-0.028
-0.027
-0.026
-0.026
-0.025
-0.025
-0.024
-0.024
-0.024
-0.023
-0.023
-0.022
-0.022
-0.021
-0.021
-0.02
-0.02
-0.02
-0.019
-0.019
-0.019
-0.018
-0.018
-0.018
-0.017
-0.017
-0.017
-0.016
-0.016
-0.016
-0.015
-0.015
-0.015
-0.014
-0.014
-0.014
-0.014
-0.013
-0.013
-0.013
-0.013
-0.012
-0.012
-0.012
-0.012
-0.011
-0.011
-0.011
-0.011
-0.011
-0.01
-0.01
-0.01
-0.01
-0.01
-0.009
-0.009
-0.009
-0.009
-0.009
-0.009
-0.008
-0.008
-0.008
-0.008
-0.008
-0.008
-0.007
-0.007
-0.007
-0.007
-0.007
-0.007
-0.007
-0.007
-0.006
-0.006
-0.006
-0.006
-0.006
-0.006
-0.006
-0.006
-0.006
-0.005
-0.005
-0.005
-0.005
-0.005
-0.005
-0.005
-0.005
-0.005
-0.005
-0.005
-0.004
-0.004
-0.004
-0.004
-0.004
-0.004
-0.004
-0.004
-0.004
-0.004
-0.004
-0.004
-0.004
-0.004
-0.003
-0.003
-0.003
-0.003
-0.003
-0.003
-0.003
-0.003
-0.003
-0.003
-0.003
-0.003
-0.003
-0.003
-0.003
-0.003
-0.003
-0.003
-0.003
-0.003
-0.002
-0.002
-0.002
-0.002
-0.002
-0.002
-0.002
-0.002
-0.002
-0.002
-0.002
-0.002
-0.002
-0.002
-0.002
-0.002
-0.002
-0.002
-0.002
-0.002
-0.002
-0.002
-0.002
-0.002
-0.002
-0.002
-0.002
-0.002
-0.002
-0.002
-0.002
-0.002
-0.002
-0.002
-0.002
-0.001
-0.001
-0.001
-0.001
-0.001
-0.001
-0.001
-0.001
-0.001
-0.001
-0.001
-0.001
-0.001
-0.001
-0.001
-0.001
-0.001
-0.001
-0.001
-0.001
-0.001
-0.001
-0.001
-0.001
-0.001
-0.001
-0.001
-0.001
-0.001
-0.001
-0.001
-0.001
-0.001
-0.001
-0.001
-0.001
-0.001
-0.001
-0.001
-0.001
-0.001
-0.001
-0.001
-0.001
-0.001
-0.001
-0.001
-0.001
-0.001
-0.001
-0.001
-0.001
-0.001
-0.001
-0.001
-0.001
-0.001
-0.001
-0.001
-0.001
-0.001
-0.001
-0.001
-0.001
-0.001
-0.001
-0.001
-0.001
-0.001
-0.001
-0.001
-0.001
-0.001
-0.001
-0.001
-0.001
-0.001
-0.001
-0.001
-0.001
-0.001
-0.001
-0.001
-0.001
-0.001
-0.001
-0.001
-0.001
-0.001
-0.001
-0.001
-0.001
-0.001
-0.001
-0.001
-0.001
-0.001
-0.001
-0.001
-0.001
-0.001
-0.001
-0.001
-0.001
-0.001
-0.001
-0.001
-0.001
-0.001
-0.001
-0.001
-0.001
-0.001
-0.001
-0.001
-0.001
-0.001
-0.001
-0.001
-0.001
-0.001
-0.001
-0.001
-0.001
-0.001
-0.001
-0.001
-0.001
-0.001
-0.001
-0.001
-0.001
-0.001
-0.001
-0.001
-0.001
-0.001
-0.001
-0.001
-0.001
-0.001
-0.001
-0.001
-0.001
-0.001
-0.001
-0.001
-0.001
-0.001
-0.001
-0.001
-0.001
-0.001
-0.001
-0.001
-0.001
-0.001
-0.001
-0.001
-0.001
-0.001
-0.001
-0.001
-0.001
-0.001
-0.001
-0.001
-0.001
-0.001
-0.001
-0.001
-0.001
-0.001
-0.001
-0.001
-0.001
-0.001
-0.001
-0.001
-0.001
-0.001
-0.001
-0.001
-0.001
-0.001
-0.001
-0.001
-0.001
-0.001
-0.001
-0.001
-0.001
-0.001
-0.001
-0.001
-0.001
-0.001
-0.001
-0.001
-0.001
-0.001
-0.001
-0.001
-0.001
-0.001
-0.001
-0.001
-0.001
-0.001
-0.001
-0.001
-0.001
-0.001
-0.001
-0.001
-0.001
-0.001
-0.001
-0.001
-0.001
-0.001
-0.001
-0.001
-0.001
-0.001
-0.001
-0.001
-0.001
-0.001
-0.001
-0.001
-0.001
-0.001
-0.001
-0.001
-0.001
-0.001
-0.001
-0.001
-0.001
-0.001
-0.001
-0.001
-0.001
-0.001
-0.001
-0.001
-0.001
-0.001
-0.001
0.134
0.266
0.397
0.526
0.654
0.779
0.903
1.025
1.146
1.265
1.383
1.499
1.613
1.726
1.837
1.947
2.055
2.162
2.268
2.372
2.475
2.576
2.676
2.775
2.872
2.968
3.063
3.156
3.249
3.34
3.429
3.518
3.605
3.692
3.777
3.861
3.944
4.025
4.106
4.186
4.264
4.342
4.418
4.494
4.568
4.642
4.714
4.785
4.856
4.926
4.994
5.062
5.129
5.195
5.26
5.324
5.387
5.45
5.512
5.573
5.633
5.692
5.75
5.808
5.865
5.921
5.976
6.031
6.085001
6.138
6.191
6.242
6.294
6.344
6.394001
6.443
6.491
6.539001
6.586
6.633
6.679
6.724
6.769001
6.813
6.856
6.899
6.942
6.983
7.025
7.065001
7.105
7.145
7.002
6.862
6.725
6.59
6.458
6.329
6.203
6.079
5.957
5.838
5.721
5.51
5.303
5.098
4.895
4.696
4.499
4.304
4.113
3.923
3.737
3.553
3.371
3.192
3.015
2.84
2.668
2.498
2.33
2.165
2.002
1.841
1.682
1.525
1.37
1.218
1.067
0.918
0.772
0.627
0.484
0.344
0.205
0.068
-0.068
-0.201
-0.333
-0.463
-0.453
-0.444
-0.436
-0.427
-0.418
-0.41
-0.402
-0.531
-0.658
-0.784
-0.908
-0.889
-0.872
-0.854
-0.837
-0.82
-0.804
-0.788
-0.77
-0.753
-0.736
-0.719
-0.703
-0.687
-0.672
-0.657
-0.642
-0.627
-0.613
-0.6
-0.586
-0.573
-0.56
-0.547
-0.535
-0.523
-0.511
-0.5
-0.488
-0.477
-0.467
-0.456
-0.446
-0.436
-0.426
-0.416
-0.407
-0.398
-0.389
-0.38
-0.372
-0.363
-0.355
-0.347
-0.339
-0.332
-0.324
-0.317
-0.31
-0.303
-0.296
-0.289
-0.283
-0.276
-0.27
-0.264
-0.258
-0.252
-0.247
-0.241
-0.236
-0.23
-0.225
-0.22
-0.215
-0.21
-0.206
-0.201
-0.197
-0.193
-0.189
-0.185
-0.181
-0.178
-0.174
-0.171
-0.167
-0.164
-0.161
-0.158
-0.154
-0.151
-0.148
-0.145
-0.142
-0.14
-0.137
-0.134
-0.131
-0.129
-0.126
-0.124
-0.121
-0.119
-0.116
-0.114
-0.112
-0.11
-0.107
-0.105
-0.103
-0.101
-0.099
-0.097
-0.095
-0.093
-0.091
-0.09
-0.088
-0.086
-0.084
-0.083
-0.081
-0.079
-0.078
-0.076
-0.075
-0.073
-0.072
-0.07
-0.069
-0.068
-0.066
-0.065
-0.064
-0.062
-0.061
-0.06
-0.059
-0.058
-0.057
-0.055
-0.054
-0.053
-0.052
-0.051
-0.05
-0.049
-0.048
-0.047
-0.046
-0.045
-0.044
-0.044
-0.043
-0.042
-0.041
-0.04
-0.039
-0.039
-0.038
-0.037
-0.036
-0.036
-0.035
-0.034
-0.034
-0.033
-0.032
-0.032
-0.031
-0.03
-0.03
-0.029
-0.029
-0.028
-0.028
-0.027
-0.027
-0.026
-0.025
-0.025
-0.024
-0.024
-0.024
-0.023
-0.023
-0.022
-0.022
-0.021
-0.021
-0.02
-0.02
-0.02
-0.019
-0.019
-0.018
-0.018
-0.018
-0.017
-0.017
-0.016
-0.016
-0.016
-0.015
-0.015
-0.015
-0.014
-0.014
-0.014
-0.014
-0.013
-0.013
-0.013
-0.012
-0.012
-0.012
-0.012
-0.011
-0.011
-0.011
-0.011
-0.01
-0.01
-0.01
-0.01
-0.01
-0.009
-0.009
-0.009
-0.009
-0.009
-0.008
-0.008
-0.008
-0.008
-0.008
-0.008
0.288
0.576
0.859
1.134
1.404
1.668
1.925
2.177
2.423
2.368
2.315
2.263
2.212
2.162
2.113
2.066
2.024
1.984
1.944
1.905
1.867
1.83
1.793
1.757
1.722
1.688
1.654
1.621
1.588
1.557
1.525
1.495
1.465
1.436
1.407
1.379
1.351
1.324
1.298
1.272
1.246
1.221
1.197
1.173
1.15
1.127
1.104
1.082
1.06
1.039
1.018
0.87
0.724
0.58
0.438
0.298
0.16
0.023
-0.111
-0.244
-0.375
-0.505
-0.632
-0.758
-0.883
-1.005
-1.126
-1.245
-1.363
-1.479
-1.594
-1.707
-1.819
-1.929
-2.037
-2.145
-2.25
-2.355
-2.458
-2.559
-2.66
-2.758
-2.991
-3.219
-3.442
-3.364
-3.289
-3.214
-3.142
-3.071
-3.002
-2.934
-2.868
-2.804
-2.74
-2.679
-2.618
-2.559
-2.502
-2.445
-2.39
-2.336
-2.284
-2.232
-2.182
-2.133
-2.085
-2.038
-1.992
-1.947
-1.903
-1.86
-1.818
-1.777
-1.737
-1.698
-1.66
-1.623
-1.586
-1.55
-1.515
-1.481
-1.448
-1.415
-1.383
-1.352
-1.322
-1.292
-1.263
-1.235
-1.207
-1.18
-1.153
-1.127
-1.102
-1.077
-1.053
-1.029
-1.006
-0.983
-0.961
-0.939
-0.918
-0.9
-0.882
-0.864
-0.847
-0.83
-0.813
-0.797
-0.781
-0.766
-0.75
-0.735
-0.721
-0.706
-0.692
-0.678
-0.665
-0.651
-0.638
-0.626
-0.613
-0.601
-0.589
-0.577
-0.566
-0.554
-0.543
-0.532
-0.522
-0.511
-0.501
-0.491
-0.481
-0.472
-0.462
-0.453
-0.444
-0.435
-0.426
-0.418
-0.409
-0.401
-0.393
-0.385
-0.378
-0.37
-0.363
-0.356
-0.348
-0.341
-0.335
-0.328
-0.321
-0.315
-0.309
-0.303
-0.297
-0.291
-0.285
-0.279
-0.274
-0.268
-0.263
-0.257
-0.252
-0.247
-0.242
-0.238
-0.233
-0.228
-0.224
-0.219
-0.215
-0.21
-0.206
-0.202
-0.198
-0.194
-0.19
-0.186
-0.183
-0.179
-0.176
-0.172
-0.169
-0.165
-0.162
-0.159
-0.156
-0.152
-0.149
-0.146
-0.144
-0.141
-0.138
-0.135
-0.132
-0.13
-0.127
-0.125
-0.122
-0.12
-0.117
-0.115
-0.113
-0.11
-0.108
-0.106
-0.104
-0.102
-0.1
-0.098
-0.096
-0.094
-0.092
-0.09
-0.089
-0.087
-0.085
-0.083
-0.082
-0.08
-0.079
-0.077
-0.075
-0.074
-0.072
-0.071
-0.07
-0.068
-0.067
-0.066
-0.064
-0.063
-0.062
-0.061
-0.059
-0.058
-0.057
-0.056
-0.055
-0.054
-0.053
-0.052
-0.051
-0.05
-0.049
-0.048
-0.047
-0.046
-0.045
-0.044
-0.043
-0.042
-0.041
-0.041
-0.04
-0.039
-0.038
-0.037
-0.037
-0.036
-0.035
-0.035
-0.034
-0.033
-0.033
-0.032
-0.031
-0.031
-0.03
-0.029
-0.02
-0.014
-0.01
-0.007
-0.005
-0.004
-0.003
-0.002
-0.001
-0.001
-0.001
-0.001
-0.001
-0.001
-0.001
-0.001
-0.001
-0.001
-0.001
-0.001
-0.001
-0.001
-0.001
-0.001
-0.001
-0.001
-0.001
-0.001
-0.001
-0.001
-0.001
-0.001
-0.001
-0.001
-0.001
-0.001
-0.001
-0.001
-0.001
-0.001
-0.001
-0.001
-0.001
-0.001
-0.001
-0.001
-0.001
-0.001
-0.001
-0.001
-0.001
-0.001
-0.001
-0.001
-0.001
-0.001
-0.001
-0.001
-0.001
-0.001
-0.001
-0.001
-0.001
-0.001
-0.001
-0.001
-0.001
-0.001
-0.001
-0.001
-0.001
-0.001
-0.001
-0.001
-0.001
-0.001
-0.001
-0.001
-0.001
-0.001
-0.001
-0.001
-0.001
-0.001
-0.001
-0.001
-0.001
-0.001
-0.001
-0.001
-0.001
-0.001
-0.001
-0.001
-0.001
-0.001
-0.001
-0.001
-0.001
-0.001
-0.001
-0.001
-0.001
-0.001
-0.001
-0.001
-0.001
-0.001
-0.001
-0.001
-0.001
-0.001
-0.001
-0.001
-0.001
-0.001
-0.001
-0.001
-0.001
-0.001
-0.001
-0.001
-0.001
-0.001
-0.001
-0.001
-0.001
-0.001
-0.001
-0.001
-0.001
-0.001
-0.001
-0.001
-0.001
-0.001
-0.001
-0.001
-0.001
-0.001
-0.001
-0.001
-0.001
-0.001
-0.001
-0.001
-0.001
-0.001
-0.001
-0.001
-0.001
-0.001
-0.001
-0.001
-0.001
-0.001
-0.001
-0.001
-0.001
-0.001
-0.001
-0.001
-0.001
-0.001
-0.001
-0.001
-0.001
-0.001
-0.001
-0.001
-0.001
-0.001
-0.001
-0.001
-0.001
-0.001
-0.001
-0.001
-0.001
-0.001
-0.001
-0.001
-0.001
-0.001
-0.001
-0.001
-0.001
-0.001
-0.001
-0.001
-0.001
-0.001
-0.001
-0.001
-0.001
-0.001
-0.001
-0.001
-0.001
-0.001
-0.001
-0.001
-0.001
-0.001
-0.001
-0.001
-0.001
-0.001
-0.001
-0.001
-0.001
-0.001
-0.001
-0.001
-0.001
-0.001
-0.001
-0.001
-0.001
-0.001
-0.001
-0.001
-0.001
-0.001
-0.001
-0.001
-0.001
-0.001
-0.001
-0.001
-0.001
-0.001
-0.001
-0.001
-0.001
-0.001
-0.001
-0.001
-0.001
-0.001
-0.001
-0.001
-0.001
-0.001
-0.001
-0.001
-0.001
-0.001
-0.001
-0.001
-0.001
-0.001
-0.001
-0.001
-0.001
-0.001
-0.001
-0.001
-0.001
-0.001
-0.001
-0.001
-0.001
-0.001
-0.001
-0.001
-0.001
-0.001
-0.001
-0.001
-0.001
-0.001
-0.001
-0.001
-0.001
-0.001
-0.001
-0.001
-0.001
-0.001
-0.001
-0.001
-0.001
-0.001
-0.001
-0.001
-0.001
-0.001
-0.001
-0.001
-0.001
-0.001
-0.001
-0.001
-0.001
-0.001
-0.001
-0.001
-0.001
-0.001
-0.001
-0.001
-0.001
-0.001
-0.001
-0.001
-0.001
-0.001
-0.001
-0.001
-0.001
-0.001
-0.001
-0.001
-0.001
-0.001
-0.001
-0.001
-0.001
-0.001
-0.001
-0.001
-0.001
-0.001
-0.001
-0.001
-0.001
-0.001
-0.001
-0.001
-0.001
-0.001
-0.001
-0.001
-0.001
-0.001
-0.001
-0.001
-0.001
-0.001
-0.001
-0.001
-0.001
-0.001
-0.001
-0.001
-0.001
-0.001
-0.001
-0.001
-0.001
-0.001
-0.001
-0.001
-0.001
-0.001
-0.001
-0.001
-0.001
-0.001
-0.001
-0.001
-0.001
-0.001
-0.001
-0.001
-0.001
-0.001
-0.001
-0.001
-0.001
-0.001
-0.001
-0.001
-0.001
-0.001
-0.001
-0.001
-0.001
-0.001
-0.001
-0.001
-0.001
-0.001
-0.001
-0.001
-0.001
-0.001
-0.001
-0.001
-0.001
-0.001
-0.001
-0.001
-0.001
-0.001
-0.001
-0.001
-0.001
-0.001
-0.001
-0.001
-0.001
-0.001
-0.001
-0.001
-0.001
-0.001
-0.001
-0.001
-0.001
-0.001
-0.001
-0.001
-0.001
-0.001
-0.001
-0.001
-0.001
-0.001
-0.001
-0.001
-0.001
-0.001
-0.001
-0.001
-0.001
-0.001
-0.001
-0.001
-0.001
-0.001
-0.001
-0.001
-0.001
-0.001
-0.001
-0.001
-0.001
-0.001
-0.001
-0.001
-0.001
-0.001
-0.001
-0.001
-0.001
-0.001
-0.001
-0.001
-0.001
-0.001
-0.001
-0.001
-0.001
-0.001
-0.001
-0.001
-0.001
-0.001
-0.001
-0.001
-0.001
-0.001
-0.001
-0.001
-0.001
-0.001
-0.001
-0.001
-0.001
-0.001
-0.001
-0.001
-0.001
-0.001
-0.001
-0.001
-0.001
-0.001
-0.001
-0.001
-0.001
-0.001
-0.001
-0.001
-0.001
-0.001
-0.001
-0.001
-0.001
-0.001
-0.001
-0.001
-0.001
-0.001
-0.001
-0.001
-0.001
-0.001
-0.001
-0.001
-0.001
-0.001
-0.001
-0.001
-0.001
-0.001
-0.001
-0.001
-0.001
-0.001
-0.001
-0.001
-0.001
-0.001
-0.001
-0.001
-0.001
-0.001
-0.001
-0.001
-0.001
-0.001
-0.001
-0.001
-0.001
-0.001
-0.001
-0.001
-0.001
-0.001
-0.001
-0.001
-0.001
-0.001
-0.001
-0.001
-0.001
-0.001
-0.001
-0.001
-0.001
-0.001
-0.001
-0.001
-0.001
-0.001
-0.001
-0.001
-0.001
-0.001
-0.001
-0.001
-0.001
-0.001
-0.001
-0.001
-0.001
-0.001
-0.001
-0.001
-0.001
-0.001
-0.001
-0.001
-0.001
-0.001
-0.001
-0.001
-0.001
-0.001
-0.001
-0.001
-0.001
-0.001
-0.001
-0.001
-0.001
-0.001
-0.001
-0.001
-0.001
-0.001
-0.001
-0.001
-0.001
-0.001
-0.001
-0.001
-0.001
-0.001
-0.001
-0.001
-0.001
-0.001
-0.001
-0.001
-0.001
-0.001
-0.001
-0.001
-0.001
-0.001
-0.001
-0.001
-0.001
-0.001
-0.001
-0.001
-0.001
-0.001
-0.001
-0.001
-0.001
-0.001
-0.001
-0.001
-0.001
-0.001
-0.001
-0.001
-0.001
-0.001
-0.001
-0.001
-0.001
-0.001
-0.001
-0.001
-0.001
-0.001
-0.001
-0.001
-0.001
-0.001
-0.001
-0.001
-0.001
-0.001
-0.001
-0.001
-0.001
-0.001
-0.001
-0.001
-0.001
-0.001
-0.001
-0.001
-0.001
-0.001
-0.001
-0.001
-0.001
-0.001
-0.001
-0.001
-0.001
-0.001
-0.001
-0.001
-0.001
-0.001
-0.001
-0.001
-0.001
-0.001
-0.001
-0.001
-0.001
-0.001
-0.001
-0.001
-0.001
-0.001
-0.001
-0.001
-0.001
-0.001
-0.001
-0.001
-0.001
-0.001
-0.001
-0.001
-0.001
-0.001
-0.001
-0.001
-0.001
-0.001
-0.001
-0.001
-0.001
-0.001
-0.001
-0.001
-0.001
-0.001
-0.001
-0.001
-0.001
-0.001
-0.001
-0.001
-0.001
-0.001
-0.001
-0.001
-0.001
-0.001
-0.001
-0.001
-0.001
0.134
0.266
0.397
0.526
0.654
0.779
0.903
1.025
1.146
1.265
1.383
1.499
1.613
1.726
1.837
1.947
2.055
2.162
2.268
2.372
2.475
2.576
2.676
2.775
2.872
2.968
3.063
3.156
3.249
3.34
3.429
3.518
3.605
3.692
3.777
3.861
3.944
4.025
4.106
4.186
4.264
4.342
4.418
4.494
4.568
4.642
4.714
4.785
4.856
4.926
4.994
5.062
5.129
5.195
5.26
5.324
5.387
5.45
5.512
5.573
5.633
5.692
5.75
5.808
5.865
5.921
5.803
5.686
5.573
5.461
5.352
5.245
5.14
5.037
4.937
4.838
4.741
4.646
4.553
4.462
4.373
4.285
4.2
4.116
4.033
3.953
3.874
3.796
3.72
3.646
3.573
3.501
3.431
3.363
3.295
3.23
3.165
3.102
3.04
2.979
2.919
2.861
2.804
2.748
2.693
2.639
2.586
2.534
2.483
2.434
2.385
2.337
2.291
2.245
2.2
2.156
2.113
2.071
2.029
1.989
1.949
1.91
1.872
1.834
1.797
1.761
1.726
1.692
1.658
1.625
1.592
1.56
1.529
1.499
1.469
1.439
1.41
1.382
1.354
1.327
1.301
1.275
1.249
1.224
1.2
1.176
1.152
1.129
1.107
1.084
1.063
1.042
1.021
1.0
0.98
0.961
0.941
0.923
0.904
0.886
0.868
0.851
0.834
0.817
0.801
0.785
0.769
0.754
0.739
0.724
0.709
0.695
0.681
0.668
0.654
0.641
0.628
0.616
0.603
0.591
0.58
0.568
0.557
0.545
0.534
0.524
0.513
0.503
0.493
0.483
0.473
0.464
0.455
0.446
0.437
0.428
0.419
0.411
0.403
0.395
0.387
0.379
0.371
0.364
0.357
0.35
0.343
0.336
0.329
0.322
0.316
0.31
0.303
0.297
0.291
0.285
0.28
0.274
0.269
0.263
0.258
0.253
0.248
0.243
0.238
0.233
0.228
0.224
0.219
0.215
0.211
0.206
0.202
0.198
0.194
0.19
0.187
0.183
0.179
0.176
0.172
0.169
0.165
0.162
0.159
0.155
0.152
0.149
0.146
0.143
0.141
0.138
0.135
0.132
0.13
0.127
0.124
0.122
0.119
0.117
0.115
0.112
0.11
0.108
0.106
0.104
0.102
0.1
0.098
0.096
0.094
0.092
0.09
0.088
0.086
0.085
0.083
0.081
0.08
0.078
0.076
0.075
0.073
0.072
0.07
0.069
0.068
0.066
0.065
0.064
0.062
0.061
0.06
0.059
0.057
0.056
0.055
0.054
0.053
0.052
0.051
0.05
0.049
0.048
0.047
0.046
0.045
0.044
0.043
0.042
0.041
0.041
0.04
0.039
0.038
0.037
0.037
0.036
0.035
0.034
0.034
0.033
0.032
0.032
0.031
0.03
0.03
0.029
0.029
0.028
0.028
0.027
0.026
0.026
0.025
0.025
0.024
0.024
0.023
0.023
0.022
0.022
0.021
0.021
0.021
0.02
0.02
0.019
0.019
0.019
0.018
0.018
0.017
0.017
0.017
0.016
0.016
0.016
0.015
0.015
0.015
0.014
0.014
0.014
0.014
0.013
0.013
0.013
0.012
0.012
0.012
0.012
0.011
0.011
0.011
0.011
0.011
0.01
0.01
0.01
0.01
0.009
0.009
0.009
0.009
0.009
0.009
0.008
0.008
0.008
0.008
0.008
0.008
0.007
0.007
0.007
0.007
0.007
0.141
0.273
0.404
0.533
0.66
0.786
0.91
1.032
1.153
1.272
1.389
1.505
1.619
1.732
1.843
1.953
0.37
1.088
0.32
0.683
0.312
0.492
0.314
0.402
0.315
0.358
0.316
0.337
0.316
0.326
0.316
0.321
0.316
0.319
0.316
0.317
0.316
0.317
0.316
0.316
0.316
0.316
0.316
0.316
0.316
0.316
0.316
0.316
0.316
0.316
0.316
0.316
0.316
0.316
0.18
0.232
0.166
0.229
0.196
0.228
0.223
0.219
0.215
0.21
0.206
0.202
0.198
0.194
0.19
0.186
0.182
0.179
0.175
0.172
0.168
0.165
0.162
0.349
0.535
0.718
0.898
1.076
1.252
1.425
1.54
1.654
1.766
1.877
1.987
2.094
2.201
2.306
2.409
2.512
2.612
2.712
2.866
3.018
3.167
3.315
3.461
3.605
3.691
3.617
3.545
3.474
3.404
3.336
3.27
3.204
3.14
3.077
3.016
2.955
2.896
2.838
2.782
2.726
2.671
2.618
2.566
2.514
2.464
2.415
2.366
2.319
2.273
2.227
2.183
2.139
2.096
2.054
2.013
1.973
1.933
1.895
1.857
1.82
1.783
1.748
1.713
-1.231
-1.207
-1.182
-1.159
-1.136
-1.113
-1.091
-1.069
-1.047
-1.027
-1.006
-0.986
-0.966
-0.947
-0.928
-0.909
-0.891
-0.873
-0.856
-0.839
-0.822
-0.806
-0.79
-0.774
-0.758
-0.614
-0.471
-0.331
-0.192
-0.055
0.08
0.213
0.345
0.475
0.603
0.729
0.854
0.976
1.098
1.218
1.336
1.452
1.567
1.681
1.793
1.903
2.012
2.119
2.226
2.33
2.433
2.535
2.636
2.735
2.833
2.93
3.025
3.119
3.212
3.147
3.084
3.023
2.962
2.903
2.845
2.788
2.732
2.678
2.624
2.572
2.52
2.47
2.42
2.372
2.324
2.278
2.232
2.188
2.144
2.101
2.059
2.018
1.977
1.938
1.899
1.861
1.824
1.787
1.752
1.717
1.682
1.649
1.616
1.583
1.552
1.521
1.49
1.46
1.431
1.403
1.374
1.347
1.32
1.294
1.268
1.242
1.217
1.193
1.169
1.146
1.123
1.1
1.078
1.057
1.036
1.015
0.995
0.975
0.955
0.936
0.917
0.899
0.881
0.863
0.846
0.829
0.813
0.796
0.78
0.765
0.75
0.735
0.72
0.705
0.691
0.677
0.664
0.651
0.638
0.625
0.612
0.6
0.588
0.576
0.565
0.553
0.542
0.532
0.521
0.51
0.5
0.49
0.48
0.471
0.46
0.45
0.44
0.43
0.42
0.411
0.401
0.392
0.383
0.375
0.366
0.358
0.35
0.342
0.334
0.327
0.319
0.312
0.305
0.298
0.292
0.285
0.279
0.272
0.266
0.26
0.254
0.248
0.243
0.237
0.232
0.227
0.222
0.217
0.212
0.207
0.202
0.198
0.193
0.189
0.185
0.18
0.176
0.172
0.168
0.165
0.161
0.157
0.154
0.15
0.147
0.144
0.14
0.137
0.134
0.131
0.128
0.125
0.122
0.12
0.117
0.115
0.112
0.11
0.108
0.106
0.103
0.101
0.099
0.097
0.095
0.093
0.092
0.09
0.088
0.086
0.084
0.083
0.081
0.079
0.078
0.076
0.075
0.073
0.072
0.07
0.069
0.068
0.066
0.065
0.064
0.062
0.061
0.06
0.059
0.057
0.056
0.055
0.054
0.053
0.052
0.051
0.05
0.049
0.048
0.047
0.046
0.045
0.044
0.043
0.042
0.041
0.041
0.04
0.039
0.038
0.037
0.037
0.036
0.035
0.034
0.034
0.033
0.032
0.032
0.031
0.03
0.03
0.029
0.029
0.028
0.027
0.027
0.026
0.026
0.025
0.025
0.024
0.024
0.023
0.023
0.022
0.022
0.021
0.021
0.021
0.02
0.02
0.019
0.019
0.019
0.018
0.018
0.017
0.017
0.017
0.016
0.016
0.016
0.015
0.015
0.015
0.014
0.014
0.014
0.014
0.013
0.013
0.013
0.012
0.012
0.012
0.012
0.011
0.011
0.011
0.011
0.011
0.01
0.01
0.01
0.01
0.009
0.009
0.009
0.009
0.009
0.009
0.008
0.008
0.008
0.008
0.008
0.007
0.007
0.007
0.007
0.007
0.007
0.007
0.006
0.006
0.006
0.006
0.006
0.006
0.006
0.006
0.005
0.005
0.005
0.005
0.005
0.005
0.005
0.005
0.005
0.004
0.004
0.004
0.004
0.004
0.004
0.004
0.004
0.004
0.004
0.004
0.003
0.003
0.003
0.003
0.003
0.003
0.003
0.003
0.003
0.003
0.003
0.003
0.003
0.002
0.002
0.002
0.002
0.002
0.002
0.002
0.002
0.002
0.002
0.002
0.002
0.002
0.002
0.002
0.002
0.002
0.002
0.001
0.001
0.001
0.001
0.001
0.001
0.001
0.001
0.001
0.001
0.001
0.001
0.001
0.001
0.001
0.001
0.001
0.001
0.001
0.001
0.001
0.001
0.001
0.001
0.001
0.001
0.001
0.001
0.001
0.001
0.0
0.0
0.0
0.0
0.0
0.0
0.0
0.0
0.0
0.0
0.0
0.0
0.0
0.0
0.0
0.0
0.0
0.0
0.0
0.0
0.0
0.0
0.0
0.0
0.0
0.0
0.0
0.0
0.0
0.0
0.0
0.0
0.0
0.0
0.0
0.0
0.0
0.0
0.0
0.0
0.0
0.0
0.0
0.0
0.0
0.0
0.0
0.0
0.0
0.0
0.0
0.0
0.0
0.0
0.0
0.0
0.0
0.0
0.0
0.0
0.0
0.0
0.0
0.0
0.0
0.0
0.0
0.0
0.0
0.0
0.0
0.0
0.0
0.0
0.0
0.0
0.0
0.0
0.0
0.0
0.0
0.0
0.0
0.0
0.0
0.0
0.0
0.0
0.0
0.0
0.0
0.0
0.0
0.0
0.0
0.0
0.0
0.0
0.0
0.0
0.0
0.0
0.0
0.0
0.0
0.0
0.0
0.0
0.0
0.0
0.0
0.0
0.0
0.0
0.0
0.0
0.0
0.0
0.0
0.0
0.0
0.0
0.0
0.0
0.0
0.0
0.0
0.0
0.0
0.0
0.0
0.0
0.0
0.0
0.0
0.0
0.0
0.0
0.0
0.0
0.0
0.0
0.0
0.0
0.0
0.0
0.0
0.0
0.0
0.0
0.0
0.0
0.0
0.0
0.0
0.0
0.0
0.0
0.0
0.134
0.266
0.397
0.526
0.654
0.779
0.903
1.025
1.146
1.265
1.383
1.499
1.613
1.726
1.837
1.947
2.055
2.162
2.268
2.372
2.475
2.425
2.377
2.329
2.282
2.237
2.192
2.148
2.105
2.063
2.022
1.981
1.942
1.903
1.865
1.828
1.791
1.755
1.72
1.686
1.652
1.619
1.586
1.555
1.524
1.493
1.463
1.434
1.405
1.377
1.35
1.323
1.296
1.27
1.245
1.22
1.196
1.172
1.148
1.125
0.976
0.828
0.683
0.54
0.398
0.258
0.121
-0.015
-0.15
-0.282
-0.413
-0.404
-0.396
-0.388
-0.381
-0.373
-0.365
-0.358
-0.351
-0.344
-0.337
-0.33
-0.324
-0.317
-0.311
-0.305
-0.299
-0.293
-0.287
-0.281
-0.276
-0.27
-0.265
-0.259
-0.254
-0.249
-0.244
-0.239
-0.235
-0.23
-0.225
-0.221
-0.216
-0.212
-0.208
-0.203
-0.199
-0.194
-0.19
-0.185
-0.181
-0.177
-0.173
-0.169
-0.166
-0.162
-0.158
-0.155
-0.151
-0.148
-0.144
-0.141
-0.138
-0.135
-0.132
-0.129
-0.126
-0.123
-0.12
-0.118
-0.115
-0.113
-0.11
-0.108
-0.105
-0.103
-0.1
-0.098
-0.096
-0.094
-0.092
-0.09
-0.088
-0.086
-0.084
-0.082
-0.08
-0.078
-0.077
-0.075
-0.073
-0.072
-0.07
-0.068
-0.067
-0.065
-0.064
-0.062
-0.061
-0.06
-0.058
-0.057
-0.056
-0.055
-0.053
-0.052
-0.051
-0.05
-0.049
-0.048
-0.047
-0.046
-0.045
-0.044
-0.044
-0.043
-0.042
-0.041
-0.04
-0.039
-0.039
-0.038
-0.037
-0.036
-0.036
-0.035
-0.034
-0.034
-0.033
-0.032
-0.032
-0.031
-0.03
-0.03
-0.029
-0.029
-0.028
-0.028
-0.027
-0.026
-0.026
-0.025
-0.025
-0.024
-0.024
-0.024
-0.023
-0.023
-0.022
-0.022
-0.021
-0.021
-0.02
-0.02
-0.02
-0.019
-0.019
-0.019
-0.018
-0.018
-0.017
-0.017
-0.017
-0.016
-0.016
-0.016
-0.016
-0.015
-0.015
-0.015
-0.014
-0.014
-0.014
-0.014
-0.013
-0.013
-0.013
-0.013
-0.012
-0.012
-0.012
-0.012
-0.011
-0.011
-0.011
-0.011
-0.011
-0.01
-0.01
-0.01
-0.01
-0.01
-0.009
-0.009
-0.009
-0.009
-0.009
-0.009
-0.008
-0.008
-0.008
-0.008
-0.008
-0.008
-0.007
-0.007
-0.007
-0.007
-0.007
-0.007
-0.007
-0.007
-0.006
-0.006
-0.006
-0.006
-0.006
-0.006
-0.006
-0.006
-0.006
-0.005
-0.005
-0.005
-0.005
-0.005
-0.005
-0.005
-0.005
-0.005
-0.005
-0.005
-0.004
-0.004
-0.004
-0.004
-0.004
-0.004
-0.004
-0.004
-0.004
-0.004
-0.004
-0.004
-0.004
-0.004
-0.003
-0.003
-0.003
-0.003
-0.003
-0.003
-0.003
-0.003
-0.003
-0.003
-0.003
-0.003
-0.003
-0.003
-0.003
-0.003
-0.003
-0.003
-0.003
-0.003
-0.002
-0.002
-0.002
-0.002
-0.002
-0.002
-0.002
-0.002
-0.002
-0.002
-0.002
-0.002
-0.002
-0.002
-0.002
-0.002
-0.002
-0.002
-0.002
-0.002
-0.002
-0.002
-0.002
-0.002
-0.002
-0.002
-0.002
-0.002
-0.002
-0.002
-0.002
-0.002
-0.002
-0.002
-0.002
-0.001
-0.001
-0.001
-0.001
-0.001
-0.001
-0.001
-0.001
-0.001
-0.001
-0.001
-0.001
-0.001
-0.001
-0.001
-0.001
-0.001
-0.001
-0.001
-0.001
-0.001
-0.001
-0.001
-0.001
-0.001
-0.001
-0.001
-0.001
-0.001
-0.001
-0.001
-0.001
-0.001
-0.001
-0.001
-0.001
-0.001
-0.001
-0.001
-0.001
-0.001
-0.001
-0.001
-0.001
-0.001
-0.001
-0.001
-0.001
-0.001
-0.001
-0.001
-0.001
-0.001
-0.001
-0.001
-0.001
-0.001
-0.001
-0.001
-0.001
-0.001
-0.001
-0.001
-0.001
-0.001
-0.001
-0.001
-0.001
-0.001
-0.001
-0.001
-0.001
-0.001
-0.001
-0.001
-0.001
-0.001
-0.001
-0.001
-0.001
-0.001
-0.001
-0.001
-0.001
-0.001
-0.001
-0.001
-0.001
-0.001
-0.001
-0.001
-0.001
-0.001
-0.001
-0.001
-0.001
-0.001
-0.001
-0.001
-0.001
-0.001
-0.001
-0.001
-0.001
-0.001
-0.001
-0.001
-0.001
-0.001
-0.001
-0.001
-0.001
-0.001
-0.001
-0.001
-0.001
-0.001
-0.001
-0.001
-0.001
-0.001
-0.001
-0.001
-0.001
-0.001
-0.001
-0.001
-0.001
-0.001
-0.001
-0.001
-0.001
-0.001
-0.001
-0.001
-0.001
-0.001
-0.001
-0.001
-0.001
-0.001
-0.001
-0.001
-0.001
-0.001
-0.001
-0.001
-0.001
-0.001
-0.001
-0.001
-0.001
-0.001
-0.001
-0.001
-0.001
-0.001
-0.001
-0.001
-0.001
-0.001
-0.001
-0.001
-0.001
-0.001
-0.001
-0.001
-0.001
-0.001
-0.001
-0.001
-0.001
-0.001
-0.001
-0.001
-0.001
-0.001
-0.001
-0.001
-0.001
-0.001
-0.001
-0.001
-0.001
-0.001
-0.001
-0.001
-0.001
-0.001
-0.001
-0.001
-0.001
-0.001
-0.001
-0.001
-0.001
-0.001
-0.001
-0.001
-0.001
-0.001
-0.001
-0.001
-0.001
-0.001
-0.001
-0.001
-0.001
-0.001
-0.001
0.295
0.583
0.865
1.141
1.41
1.674
1.786
1.896
2.005
2.113
2.219
2.324
2.427
2.529
2.63
2.729
2.674
2.621
2.569
2.517
2.467
2.417
2.369
2.322
2.275
2.23
2.185
2.141
2.099
2.057
2.015
1.975
1.936
1.897
1.859
1.822
1.785
1.75
1.715
1.68
1.647
1.614
1.581
1.55
1.519
1.488
1.459
1.429
1.401
1.373
1.345
1.318
1.292
1.266
0.665
0.592
0.31
0.276
0.143
0.127
0.064
0.057
0.027
0.024
0.01
0.008
0.002
0.001
-0.002
-0.002
-0.004
-0.001
-0.002
-0.001
-0.001
-0.001
-0.001
-0.001
-0.001
-0.001
-0.001
-0.001
-0.001
-0.001
-0.001
-0.001
-0.001
-0.001
-0.001
-0.001
-0.001
-0.001
-0.001
-0.001
-0.001
-0.001
-0.001
-0.001
-0.001
-0.001
-0.001
-0.001
-0.001
-0.001
-0.001
-0.001
-0.001
-0.001
-0.001
-0.001
-0.001
-0.001
-0.001
-0.001
-0.001
-0.001
-0.001
-0.135
-0.268
-0.398
-0.527
-0.655
-0.78
-0.904
-1.002
-1.098
-1.193
-1.287
-1.38
-1.352
-1.325
-1.299
-1.273
-1.247
-1.222
-1.198
-1.174
-1.15
-1.127
-1.105
-1.083
-1.061
-1.04
-1.019
-0.999
-0.979
-0.959
-0.94
-0.921
-0.903
-0.885
-0.867
-0.85
-0.833
-0.816
-0.8
-0.784
-0.768
-0.753
-0.738
-0.723
-0.709
-0.694
-0.681
-0.667
-0.654
-0.641
-0.628
-0.615
-0.603
-0.591
-0.579
-0.567
-0.556
-0.545
-0.534
-0.523
-0.513
-0.503
-0.493
-0.483
-0.473
-0.464
-0.454
-0.445
-0.437
-0.428
-0.419
-0.411
-0.403
-0.395
-0.387
-0.379
-0.371
-0.364
-0.357
-0.35
-0.343
-0.336
-0.329
-0.323
-0.316
-0.31
-0.304
-0.298
-0.292
-0.286
-0.28
-0.274
-0.269
-0.264
-0.258
-0.253
-0.248
-0.243
-0.237
-0.232
-0.227
-0.221
-0.216
-0.212
-0.207
-0.202
-0.198
-0.193
-0.189
-0.185
-0.18
-0.176
-0.172
-0.169
-0.165
-0.161
-0.157
-0.154
-0.15
-0.147
-0.144
-0.141
-0.137
-0.134
-0.131
-0.128
-0.125
-0.123
-0.12
-0.117
-0.115
-0.112
-0.11
-0.107
-0.105
-0.102
-0.1
-0.098
-0.096
-0.093
-0.091
-0.089
-0.087
-0.085
-0.083
-0.082
-0.08
-0.078
-0.076
-0.075
-0.073
-0.071
-0.07
-0.068
-0.067
-0.065
-0.064
-0.062
-0.061
-0.06
-0.059
-0.057
-0.056
-0.055
-0.054
-0.053
-0.052
-0.051
-0.05
-0.049
-0.048
-0.047
-0.046
-0.045
-0.044
-0.043
-0.043
-0.042
-0.041
-0.04
-0.039
-0.038
-0.038
-0.037
-0.036
-0.036
-0.035
-0.034
-0.033
-0.033
-0.032
-0.032
-0.031
-0.03
-0.03
-0.029
-0.029
-0.028
-0.027
-0.027
-0.026
-0.026
-0.025
-0.025
-0.024
-0.024
-0.023
-0.023
-0.023
-0.022
-0.022
-0.021
-0.021
-0.02
-0.02
-0.02
-0.019
-0.019
-0.018
-0.018
-0.018
-0.017
-0.017
-0.017
-0.016
-0.016
-0.016
-0.015
-0.015
-0.015
-0.015
-0.014
-0.014
-0.014
-0.014
-0.013
-0.013
-0.013
-0.013
-0.012
-0.012
-0.012
-0.012
-0.011
-0.011
-0.011
-0.011
-0.011
-0.01
-0.01
-0.01
-0.01
-0.01
-0.009
-0.009
-0.009
-0.009
-0.009
-0.009
-0.008
-0.008
-0.008
-0.008
-0.008
-0.008
-0.007
-0.007
-0.007
-0.007
-0.007
-0.007
-0.007
-0.007
-0.006
-0.006
-0.006
-0.006
-0.006
-0.006
-0.006
-0.006
-0.006
-0.005
-0.005
-0.005
-0.005
-0.005
-0.005
-0.005
-0.005
-0.005
-0.005
-0.005
-0.004
-0.004
-0.004
-0.004
-0.004
-0.004
-0.004
-0.004
-0.004
-0.004
-0.004
-0.004
-0.004
-0.004
-0.003
-0.003
-0.003
-0.003
-0.003
-0.003
-0.003
-0.003
-0.003
-0.003
-0.003
-0.003
-0.003
-0.003
-0.003
-0.003
-0.003
-0.003
-0.002
-0.002
-0.002
-0.002
-0.002
-0.002
-0.002
-0.002
-0.002
-0.002
-0.002
-0.002
-0.002
-0.002
-0.002
-0.002
-0.002
-0.002
-0.002
-0.002
-0.002
-0.002
-0.002
-0.002
-0.002
-0.002
-0.002
-0.002
-0.002
-0.002
-0.001
-0.001
-0.001
-0.001
-0.001
-0.001
-0.001
-0.001
-0.001
-0.001
-0.001
-0.001
-0.001
-0.001
-0.001
-0.001
-0.001
-0.001
-0.001
-0.001
-0.001
-0.001
-0.001
-0.001
-0.001
-0.001
-0.001
-0.001
-0.001
-0.001
-0.001
-0.001
-0.001
-0.001
-0.001
-0.001
-0.001
-0.001
-0.001
-0.001
-0.001
-0.001
-0.001
-0.001
-0.001
-0.001
-0.001
-0.001
-0.001
-0.001
-0.001
-0.001
-0.001
-0.001
-0.001
-0.001
-0.001
-0.001
-0.001
-0.001
-0.001
-0.001
-0.001
-0.001
-0.001
-0.001
-0.001
-0.001
-0.001
-0.001
-0.001
-0.001
-0.001
-0.001
-0.001
-0.001
-0.001
-0.001
-0.001
-0.001
-0.001
-0.001
-0.001
-0.001
-0.001
-0.001
-0.001
-0.001
-0.001
-0.001
-0.001
-0.001
-0.001
-0.001
-0.001
-0.001
-0.001
-0.001
-0.001
-0.001
-0.001
-0.001
-0.001
-0.001
-0.001
-0.001
-0.001
-0.001
-0.001
-0.001
-0.001
-0.001
-0.001
-0.001
-0.001
-0.001
-0.001
-0.001
-0.001
-0.001
-0.001
-0.001
-0.001
-0.001
-0.001
-0.001
-0.001
-0.001
-0.001
-0.001
-0.001
-0.001
-0.001
-0.001
-0.001
-0.001
-0.001
-0.001
-0.001
-0.001
-0.001
-0.001
-0.001
-0.001
-0.001
-0.001
5.888
0.174
2.932
0.257
1.548
0.295
0.9
0.313
0.306
0.299
0.293
0.286
0.28
0.275
0.269
0.264
0.259
0.253
0.248
0.243
0.238
0.234
0.229
0.224
0.22
0.216
0.211
0.207
0.203
0.199
0.195
0.191
0.187
0.183
0.18
0.176
0.172
0.169
0.166
0.162
0.159
0.156
0.153
0.15
0.147
0.144
0.141
0.138
0.135
0.133
0.13
0.127
0.125
0.122
0.12
0.117
0.115
0.113
0.11
0.108
0.106
0.104
0.102
0.1
0.098
0.096
0.094
0.092
0.09
0.088
0.087
0.085
0.083
0.081
0.08
0.078
0.077
0.075
0.074
0.072
0.071
0.069
0.068
0.066
0.065
0.064
0.062
0.061
0.06
0.059
0.058
0.056
0.055
0.054
0.053
0.052
0.051
0.05
0.049
0.048
0.047
0.046
0.045
0.044
0.043
0.042
0.042
0.041
0.04
0.039
0.038
0.038
0.037
0.036
0.035
0.035
0.034
0.033
0.032
0.032
0.031
0.031
0.03
0.029
0.029
0.028
0.028
0.027
0.026
0.026
0.025
0.025
0.024
0.024
0.023
0.023
0.022
0.022
0.022
0.021
0.021
0.02
0.02
0.154
0.286
0.417
0.546
0.673
0.798
0.922
1.044
1.164
1.283
1.4
1.516
1.63
1.743
1.854
1.963
2.072
2.178
2.284
2.387
2.49
2.591
2.691
2.789
2.887
2.982
3.077
3.17
3.107
3.045
2.984
2.924
2.866
2.808
2.752
2.697
2.643
2.742
2.84
2.936
3.032
3.126
3.218
3.31
3.4
3.332
3.265
3.2
3.136
3.073
3.012
2.951
2.892
2.835
2.778
2.722
2.668
2.614
2.562
2.511
2.461
2.411
2.363
2.316
2.27
2.224
2.18
2.136
2.093
2.052
2.01
1.97
1.931
1.892
1.854
1.817
1.781
1.745
1.71
1.676
1.643
1.61
1.578
1.546
1.515
1.485
1.455
1.426
1.397
1.369
1.342
1.315
1.289
1.263
1.238
1.213
1.189
1.165
1.142
1.119
1.096
1.075
1.053
1.032
1.011
0.991
0.971
0.952
0.933
0.914
0.896
0.878
0.86
0.843
0.826
0.81
0.793
0.778
0.762
0.747
0.732
0.717
0.842
0.965
-2.198
0.489
-1.02
0.261
-0.458
0.153
-0.19
0.102
-0.062
0.077
-0.001
0.065
0.028
0.06
0.042
0.057
0.049
0.056
0.052
0.055
-0.081
0.026
-0.038
0.012
-0.018
0.005
-0.009
0.002
-0.004
0.001
0.001
0.001
0.188
0.375
0.56
0.743
0.923
1.1
1.276
1.449
1.564
1.677
1.789
1.9
2.009
2.116
2.278
2.438
2.595
2.751
2.696
2.642
2.589
2.537
2.486
2.437
2.388
2.34
2.293
2.247
2.202
2.158
2.115
2.073
2.031
1.991
1.951
1.912
1.874
1.836
1.799
1.763
1.728
1.694
1.66
1.627
1.594
1.562
1.531
1.5
1.47
1.441
1.412
1.384
1.356
1.329
1.302
1.276
1.251
1.226
1.201
1.177
1.154
1.13
1.108
1.086
1.064
1.043
1.022
1.001
0.981
0.962
0.942
0.924
0.905
0.887
0.869
0.852
0.835
0.818
0.802
0.786
0.77
0.755
0.739
0.725
0.71
0.696
0.682
0.668
0.655
0.642
0.629
0.616
0.604
0.592
0.58
0.569
0.557
0.546
0.535
0.524
0.514
0.504
0.494
0.484
0.474
0.464
0.455
0.446
0.437
0.428
0.42
0.411
0.403
0.395
0.387
0.379
0.372
0.364
0.357
0.35
0.343
0.336
0.329
0.323
0.316
0.31
0.304
0.298
0.292
0.286
0.28
0.274
0.269
0.264
0.258
0.253
0.248
0.243
0.238
0.233
0.229
0.224
0.22
0.215
0.211
0.207
0.203
0.199
0.195
0.191
0.187
0.183
0.179
0.176
0.172
0.169
0.165
0.162
0.159
0.156
0.153
0.149
0.146
0.144
0.141
0.138
0.135
0.132
0.13
0.127
0.125
0.122
0.12
0.117
0.115
0.113
0.11
0.108
0.106
0.104
0.102
0.1
0.098
0.096
0.094
0.092
0.09
0.088
0.086
0.085
0.083
0.081
0.08
0.078
0.077
0.075
0.073
0.072
0.071
0.069
0.068
0.066
0.065
0.064
0.062
0.061
0.06
0.059
0.058
0.056
0.055
0.054
0.053
0.052
0.051
0.05
0.049
0.048
0.047
0.046
0.045
0.044
0.153
0.261
0.367
0.472
0.575
0.677
0.778
0.877
0.975
1.072
1.167
1.261
1.354
1.446
1.536
1.626
1.738
1.703
1.669
1.636
1.603
1.571
1.54
1.509
1.479
1.449
1.42
1.392
1.364
1.337
1.31
1.284
1.376
1.468
1.558
1.671
1.783
1.894
2.003
2.111
2.217
2.322
2.425
2.527
2.628
2.727
2.672
2.619
2.567
2.515
2.465
2.416
2.367
2.32
2.274
2.228
2.183
2.14
2.097
2.055
2.014
1.974
1.934
1.895
1.858
1.82
1.784
1.748
1.713
1.679
1.645
1.613
1.58
1.549
1.518
1.487
1.458
1.428
1.4
1.372
1.344
1.317
1.291
1.265
1.24
1.215
1.191
1.167
1.144
1.121
1.098
1.076
1.055
1.034
1.154
1.273
1.391
1.506
1.621
1.733
1.845
1.954
2.063
2.17
2.126
2.084
2.042
2.001
1.961
1.922
1.883
1.846
1.809
1.773
1.737
1.702
1.668
1.635
1.602
1.57
1.539
1.508
1.478
1.448
1.419
1.391
1.363
1.336
1.309
1.283
1.131
0.982
0.834
0.689
0.545
0.404
0.264
0.126
-0.01
-0.144
-0.276
-0.407
-0.536
-0.663
-0.789
-0.913
-1.035
-1.155
-1.274
-1.392
-1.508
-1.622
-1.735
-1.846
-1.955
-2.064
-2.171
-2.276
-2.38
-2.483
-2.584
-2.684
-2.63
-2.578
-2.526
-2.476
-2.426
-2.377
-2.33
-2.283
-2.238
-2.193
-2.149
-2.106
-2.064
-2.023
-1.982
-1.943
-1.904
-1.866
-1.828
-1.938
-2.047
-2.154
-2.26
-2.364
-2.467
-2.568
-2.668
-2.767
-2.865
-2.961
-3.056
-3.149
-3.242
-3.333
-3.423
-3.354
-3.287
-3.221
-3.157
-3.094
-3.032
-2.971
-2.912
-2.854
-2.797
-2.741
-2.686
-2.632
-2.58
-2.528
-2.477
-2.428
-2.379
-2.332
-2.285
-2.239
-2.195
-2.151
-2.108
-2.066
-2.024
-1.984
-1.944
-1.905
-1.867
-1.83
-1.793
-1.757
-1.722
-1.688
-1.654
-1.621
-1.589
-1.557
-1.526
-1.495
-1.465
-1.436
-1.407
-1.379
-1.352
-1.325
-1.298
-1.272
-1.247
-1.222
-1.197
-1.173
-1.15
-1.127
-1.104
-1.082
-1.061
-1.04
-1.019
-0.998
-0.978
-0.959
-0.94
-0.921
-0.903
-0.884
-0.867
-0.849
-0.832
-0.816
-0.8
-0.784
-0.768
-0.753
-0.738
-0.593
-0.451
-0.311
-0.172
-0.036
0.099
0.232
0.363
0.493
0.621
0.747
0.871
0.854
0.837
0.82
0.804
0.787
0.772
0.756
0.741
0.726
0.712
0.698
0.684
0.67
0.656
0.643
0.63
0.618
0.605
0.593
0.581
0.57
0.558
0.547
0.536
0.526
0.515
0.505
0.495
0.485
0.475
0.465
0.456
0.447
0.438
0.429
0.421
0.412
0.404
0.396
0.388
0.38
0.373
0.365
0.358
0.351
0.344
0.337
0.33
0.323
0.317
0.311
0.304
0.298
0.292
0.286
0.281
0.275
0.27
0.264
0.259
0.254
0.249
0.244
0.239
0.234
0.229
0.225
0.22
0.216
0.211
0.207
0.203
0.199
0.195
0.191
0.187
0.183
0.18
0.176
0.173
0.169
0.166
0.162
0.159
0.156
0.153
0.15
0.147
0.144
0.141
0.138
0.135
0.133
0.13
0.127
0.125
0.122
0.12
0.117
0.115
0.113
0.111
0.108
0.106
0.104
0.102
0.1
0.098
0.096
0.094
0.092
0.09
0.088
0.087
0.085
0.083
0.082
0.08
0.078
0.077
0.075
0.074
0.072
0.071
0.069
0.068
0.067
0.065
0.064
0.063
0.061
0.06
0.059
0.058
0.057
0.055
0.054
0.053
0.052
0.051
0.049
0.048
0.047
0.046
0.045
0.044
0.043
0.042
0.041
0.04
0.039
0.038
0.038
0.037
0.036
0.035
0.034
0.033
0.033
0.032
0.031
0.03
0.03
0.029
0.028
0.028
0.027
0.027
0.026
0.025
0.025
0.024
0.024
0.023
0.023
0.022
0.021
0.021
0.021
0.02
0.02
0.019
0.019
0.018
0.018
0.017
0.017
0.017
0.016
0.016
0.015
0.015
0.015
0.014
0.014
0.014
0.013
0.013
0.013
0.013
0.012
0.012
0.012
0.012
0.011
0.011
0.011
0.011
0.01
0.01
0.01
0.01
0.01
0.009
0.009
0.009
0.009
0.009
0.008
0.008
0.008
0.008
0.008
0.008
0.007
0.007
0.007
0.007
0.007
0.007
0.006
0.006
0.006
0.006
0.006
0.006
0.006
0.006
0.005
0.005
0.005
0.005
0.005
0.005
0.005
0.005
0.005
0.004
0.004
0.004
0.004
0.004
0.004
0.004
0.004
0.004
0.004
0.004
0.003
0.138
0.27
0.401
0.53
0.657
0.783
0.907
1.029
1.15
1.269
1.386
1.502
1.616
1.729
1.84
1.95
2.059
2.165
2.271
2.375
2.478
2.579
2.679
2.778
2.875
2.971
3.066
3.159
3.096
3.034
2.973
2.914
2.855
2.798
2.742
2.688
2.634
2.581
2.529
2.479
2.429
2.381
2.333
2.286
2.241
2.196
2.152
2.109
2.067
2.025
1.985
1.945
1.906
1.868
1.831
1.794
1.758
1.723
1.689
1.655
1.622
1.589
1.557
1.526
1.496
1.466
1.436
1.408
1.38
1.352
1.325
1.298
1.272
1.247
1.222
1.198
1.174
1.15
1.127
1.105
1.082
1.061
1.04
1.019
0.998
0.978
0.959
0.94
0.921
0.902
0.884
0.867
0.849
0.832
0.816
0.799
0.783
0.768
0.752
0.737
0.722
0.708
0.694
0.68
0.666
0.792
0.916
1.038
1.158
1.277
1.394
1.51
1.624
1.737
1.848
1.958
2.066
2.173
2.278
2.382
2.485
2.586
2.686
2.785
2.882
2.978
3.072
3.166
3.258
3.193
3.129
3.066
3.005
2.945
2.886
2.828
2.772
2.716
2.662
2.609
2.556
2.505
2.455
2.406
2.358
2.311
2.264
2.219
2.175
2.131
2.089
2.047
2.006
1.966
1.926
1.888
1.85
1.813
1.777
1.741
1.706
1.672
1.639
1.606
1.574
1.542
1.512
1.481
1.452
1.423
1.394
1.366
1.339
1.312
1.286
1.26
1.353
1.469
1.584
1.697
1.809
1.919
2.028
2.111
2.192
2.273
2.352
2.43
2.508
2.584
2.532
2.482
2.432
2.383
2.336
2.289
2.243
2.198
2.154
2.111
2.069
2.028
1.987
1.947
1.908
1.87
1.833
1.796
1.76
1.725
1.69
1.657
1.623
1.591
1.559
1.528
1.497
1.467
1.438
1.409
1.381
1.353
1.326
1.3
1.274
1.248
1.223
1.341
1.458
1.573
1.686
1.798
1.908
2.017
2.125
2.231
2.335
2.439
2.54
2.641
2.74
2.838
2.934
2.876
2.818
2.762
2.706
2.652
2.599
2.547
2.496
2.446
2.397
2.349
2.302
2.256
2.211
2.167
2.124
2.081
2.04
1.999
1.959
1.92
1.881
1.844
1.807
1.771
1.735
1.7
1.666
1.633
1.6
1.568
1.537
1.506
1.476
1.447
1.418
1.389
1.361
1.334
1.308
1.281
1.256
1.231
1.206
1.182
1.158
1.135
1.112
1.09
1.068
1.047
1.026
1.005
0.985
0.966
0.946
0.927
0.909
0.891
0.873
0.855
0.838
0.821
0.805
0.789
0.773
0.758
0.742
0.728
0.713
0.699
0.685
0.671
0.658
0.644
0.632
0.619
0.607
0.594
0.582
0.571
0.559
0.548
0.537
0.526
0.516
0.506
0.495
0.486
0.476
0.466
0.457
0.448
0.439
0.43
0.421
0.413
0.405
0.397
0.389
0.381
0.373
0.366
0.358
0.351
0.344
0.337
0.331
0.324
0.318
0.311
0.305
0.299
0.293
0.287
0.281
0.276
0.27
0.265
0.259
0.254
0.249
0.244
0.239
0.234
0.23
0.225
0.221
0.216
0.212
0.208
0.203
0.199
0.195
0.191
0.188
0.184
0.18
0.177
0.173
0.17
0.166
0.163
0.16
0.156
0.153
0.15
0.147
0.144
0.141
0.138
0.136
0.133
0.13
0.263
0.394
0.523
0.625
0.727
0.827
0.926
1.023
1.119
1.214
1.307
1.399
1.49
1.58
1.669
1.756
1.843
1.928
2.012
2.095
2.176
2.257
2.337
2.415
2.493
2.594
2.669
2.743
2.816
2.888
2.959
3.03
3.099
3.167
3.235
3.301
3.367
3.432
3.496
3.559
3.621
3.682
3.609
3.537
3.466
3.397
3.329
3.262
3.197
3.133
3.07
3.009
2.949
2.89
2.832
2.775
2.72
2.665
2.612
2.56
2.508
2.458
2.409
2.361
2.314
2.267
2.222
2.178
2.134
2.091
2.049
2.008
1.968
1.929
1.89
1.853
1.815
1.779
1.744
1.709
1.674
1.641
1.608
1.576
1.544
1.514
1.483
1.454
1.425
1.396
1.368
1.341
1.314
1.288
1.262
1.237
1.212
1.188
1.164
1.141
1.118
1.095
1.073
1.052
1.031
1.01
0.99
0.97
0.951
0.932
0.913
0.895
0.877
0.859
0.842
0.825
0.809
0.793
0.777
0.761
0.746
0.731
0.716
0.702
0.688
0.674
0.661
0.648
0.635
0.622
0.609
0.597
0.585
0.574
0.562
0.551
0.54
0.529
0.518
0.508
0.498
0.488
0.478
0.469
0.459
0.45
0.441
0.432
0.424
0.415
0.407
0.399
0.391
0.383
0.375
0.368
0.36
0.353
0.346
0.339
0.332
0.326
0.318
0.311
0.304
0.297
0.29
0.284
0.277
0.271
0.265
0.259
0.253
0.248
0.242
0.237
0.231
0.226
0.221
0.216
0.211
0.206
0.202
-0.098
-0.391
-0.677
-0.957
-1.231
-1.498
-1.76
-2.015
-2.265
-2.509
-2.748
-2.981
-3.209
-3.432
-3.65
-3.863
-4.071
-4.274
-4.473
-4.668
-4.562
-4.46
-4.359
-4.261
-4.165
-4.071
-3.979
-3.89
-3.802
-3.716
-3.633
-3.551
-3.471
-3.393
-3.316
-3.242
-3.169
-3.097
-3.027
-2.959
-2.9
-2.842
-2.785
-2.729
-2.675
-2.621
-2.569
-2.518
-2.467
-2.418
-2.37
-2.322
-2.276
-2.23
-2.186
-2.142
-2.099
-2.057
-2.016
-1.976
-1.936
-1.897
-1.86
-1.822
-1.786
-1.75
-1.715
-1.681
-1.647
-1.614
-1.582
-1.55
-1.519
-1.489
-1.459
-1.43
-1.402
-1.374
-1.346
-1.319
-1.293
-1.267
-1.242
-1.217
-1.192
-1.169
-1.145
-1.122
-1.1
-1.078
-1.056
-1.035
-1.015
-0.994
-0.974
-0.955
-0.936
-0.917
-0.899
-0.881
-0.863
-0.846
-0.829
-0.813
-0.796
-0.78
-0.765
-0.749
-0.734
-0.72
-0.705
-0.691
-0.678
-0.664
-0.651
-0.638
-0.625
-0.612
-0.6
-0.588
-0.576
-0.565
-0.554
-0.543
-0.532
-0.521
-0.511
-0.501
-0.491
-0.481
-0.471
-0.462
-0.452
-0.443
-0.435
-0.426
-0.286
-0.148
-0.011
0.123
0.256
0.387
0.516
0.643
0.769
0.893
1.016
1.136
1.256
1.373
1.489
1.604
1.717
1.828
1.938
2.047
2.154
2.259
2.364
2.466
2.568
2.668
2.767
2.864
2.96
3.055
3.149
3.217
3.283
3.349
3.414
3.478
3.542
3.604
3.666
3.727
3.787
3.846
3.904
3.962
4.019
4.075
4.13
4.185
4.239
4.292
4.344
4.396
4.447
4.498
4.572
4.645
4.693
4.74
4.787
4.833
4.878
4.923
4.967
5.01
5.053
5.095
5.137
5.178
5.219
5.259
5.299
5.338
5.376
5.414
5.452
5.489
5.525
5.561
5.597
5.632
5.666
5.7
5.734
5.767
5.8
5.833
5.864
5.896
5.927
5.982
6.037
6.091
6.144
6.196
6.248
6.299
6.349
6.399
6.448
6.497
6.544
6.591
6.638
6.684
6.729
6.773
6.818
6.861001
6.724
6.589
6.457
6.328
6.202
6.078
5.956
5.837
5.72
5.606
5.494
5.384
5.276
5.171
5.067
4.966
4.866
4.769
4.674
4.58
4.489
4.399
4.311
4.225
4.14
4.057
3.976
3.897
3.819
3.742
3.667
3.594
3.522
3.452
3.383
3.315
3.249
3.184
3.12
3.058
2.996
2.937
2.878
2.82
2.764
2.709
2.654
2.601
2.549
2.498
2.448
2.399
2.351
2.304
2.258
2.207
2.158
2.109
2.061
2.015
1.969
1.925
1.882
1.839
1.798
1.757
1.718
1.679
1.641
1.604
1.568
1.533
1.498
1.464
1.431
1.399
1.368
1.337
1.307
1.277
1.248
1.22
1.193
1.166
1.14
1.114
1.089
1.064
1.04
1.017
0.994
0.971
0.95
0.928
0.907
0.887
0.867
0.847
0.828
0.809
0.791
0.773
0.756
0.739
0.722
0.706
0.985
1.258
1.525
1.786
2.041
2.29
2.533
2.771
3.004
3.232
3.323
3.413
3.502
3.589
3.676
3.761
3.845
3.928
4.01
4.091
4.171
4.25
4.328
4.404
4.48
4.554
4.628
4.701
4.772
4.843
4.913
4.982
5.05
5.117
5.183
5.248
5.312
5.376
5.438
5.5
5.561
5.622
5.681
5.74
5.797
5.681
5.568
5.456
5.347
5.24
5.135
5.033
4.932
4.833
4.737
4.642
4.549
4.458
4.369
4.282
4.196
4.112
4.03
3.949
3.87
3.793
3.717
3.643
3.57
3.498
3.428
3.36
3.293
3.218
3.146
3.075
3.006
2.938
2.872
2.807
2.744
2.682
2.621
2.562
2.505
2.448
2.393
2.339
2.286
2.235
2.184
2.135
2.087
2.04
1.994
1.949
1.905
1.862
1.82
1.779
1.739
1.7
1.662
1.624
1.588
1.552
1.222
0.899
0.583
0.275
-0.026
-0.321
-0.609
-0.89
-1.165
-1.434
-1.697
-1.954
-2.205
-2.451
-2.691
-2.925
-3.154
-3.379
-3.598
-3.812
-4.021
-4.226
-4.426
-4.621
-4.517
-4.415
-4.316
-4.218
-4.134
-4.051
-3.97
-3.891
-3.813
-3.737
-3.662
-3.589
-3.517
-3.447
-3.378
-3.31
-3.244
-3.179
-3.116
-3.053
-2.992
-2.933
-2.759
-2.588
-2.419
-2.253
-2.088
-1.926
-1.766
-1.608
-1.452
-1.299
-1.172
-1.046
-0.923
-0.801
-0.68
-0.561
-0.444
-0.329
-0.215
-0.102
0.034
0.168
0.3
0.43
0.559
0.686
0.811
0.934
1.056
1.176
1.153
1.13
1.107
1.085
